87,89,117,112,43,111,65,64,93,46,25,62,63,10,68,57,119,21,74,135,84,79,13,17,72,95,108,126,123,127,27,85,19,58,73,6,50,115,36,24,82,107,44,11,29,55,8,80,130,12,70,66,26,30,28,48,92,67,86,78,88,34,16,129,106,45,20,83,33,23,124,101,105,131,14,42,69,96,18,49,40,22,121,90,110,56,75,51,77,38,37,47,98,122,76,54,109,94,35,52,104,81,53,31,134,97,132,39,102,133,125,7,120,15,1,114,41,59,91,61,99,113,128,5,100,3,116,71,4,103,9,60,0,32,2,118
6,4
122,38,46,3,82,0,87,111,85,94,24,119,56,48,79,43,121,32,26,109,14,55,29,86,69,54,97,77,135,92,73,105,16,7,22,123,80,98,112,127,42,103,133,132,100,5,110,68,66,118,28,116,50,65,10,6,71,113,21,107,19,36,74,104,13,124,83,78,45,41,99,33,101,130,37,49,64,9,96,128,11,76,35,47,84,72,117,17,120,44,12,102,34,1,23,4,67,75,27,91,88,31,39,58,57,15,8,18,62,89,63,20,126,93,125,60,115,61,81,134,106,90,59,108,129,131,114,53,30,70,2,40,51,95,25,52
1,4
13,81,6,109,96,131,61,47,123,49,103,20,53,102,97,68,125,41,74,76,35,24,122,80,59,127,72,91,16,43,77,48,133,66,86,51,94,60,18,111,10,52,5,79,46,87,95,75,63,2,128,85,8,84,0,119,114,110,62,126,45,50,105,14,132,115,69,21,92,130,73,83,57,32,101,42,28,117,54,56,93,78,82,44,64,15,112,58,26,36,7,88,9,11,124,67,98,108,29,113,34,17,33,30,40,71,121,116,37,90,65,31,1,39,134,106,38,135,100,25,120,4,118,55,23,12,107,27,99,104,89,70,22,19,3,129
4,1
84,73,64,70,77,47,106,49,10,54,62,131,95,52,22,26,11,99,83,96,109,85,122,14,133,115,72,53,100,30,81,103,125,135,7,90,38,101,57,36,55,134,56,120,126,28,71,89,68,20,93,39,29,104,119,132,12,58,16,102,88,112,127,116,13,111,32,80,124,60,3,43,27,19,66,75,94,76,91,118,31,69,67,79,48,2,130,65,34,86,92,61,1,5,78,41,23,117,123,18,82,46,74,6,40,37,9,108,87,121,59,105,33,128,35,97,8,129,113,42,44,63,0,17,24,4,25,114,50,15,107,45,110,98,21,51
1,6
50,91,66,127,93,6,51,13,96,21,8,15,74,75,86,34,119,134,43,82,48,76,17,83,58,5,68,20,88,128,80,94,41,30,132,115,55,67,7,22,46,45,40,118,71,90,18,122,116,105,92,84,16,29,33,70,106,98,27,87,114,42,10,113,78,99,0,56,109,65,131,81,63,89,85,38,117,14,62,129,77,124,60,61,108,121,36,12,32,97,120,19,69,73,39,54,72,44,102,107,95,111,126,104,9,110,100,26,135,125,25,28,47,37,49,31,57,53,59,112,1,133,4,103,35,123,23,3,79,24,2,11,52,101,64,130
5,5
0,72,6,118,15,8,100,92,96,78,88,80,129,125,55,54,83,74,65,32,79,46,103,21,47,101,17,89,91,33,76,59,107,71,35,13,45,48,110,84,9,63,31,5,30,108,124,49,134,58,128,82,34,10,122,94,44,106,12,112,52,105,123,27,130,41,98,97,26,95,131,66,18,120,117,132,57,87,127,61,29,126,53,114,50,85,28,69,36,37,73,25,67,93,62,60,3,43,70,81,4,42,16,121,115,7,99,19,1,119,39,20,22,113,133,11,38,86,75,135,2,109,51,24,104,56,90,40,23,64,77,14,68,116,102,111
3,5
11,25,43,58,35,10,107,27,122,134,14,57,18,1,126,114,125,102,95,75,28,93,111,123,129,87,128,80,94,50,33,22,91,96,37,61,115,110,54,124,132,117,59,84,41,120,7,86,103,66,83,89,64,38,31,70,21,36,97,56,113,9,73,69,130,67,19,60,4,3,52,49,77,71,6,72,30,55,53,104,45,81,44,98,131,135,68,74,47,63,108,26,51,109,32,17,15,40,23,79,16,62,112,48,105,118,121,39,29,46,42,78,65,76,85,13,100,34,20,90,0,116,5,12,101,2,92,106,8,88,119,24,133,99,82,127
5,3
13,116,66,75,105,80,22,44,135,29,107,67,14,55,128,62,59,26,3,73,88,15,112,87,35,97,4,12,133,93,115,45,8,36,111,132,5,110,41,79,77,48,46,90,32,82,11,53,104,69,103,108,78,60,30,114,40,101,85,56,39,113,24,127,94,58,68,76,99,47,51,117,57,43,83,98,52,19,130,1,91,10,81,124,74,100,17,84,109,65,42,118,119,134,122,18,61,70,123,0,120,129,126,31,21,23,89,50,38,96,16,131,33,92,2,72,9,25,86,27,20,102,37,63,6,7,54,71,121,64,125,34,95,28,49,106
4,3
96,65,90,88,73,109,50,101,124,92,31,110,9,60,10,59,57,117,120,27,44,77,22,33,91,123,89,75,81,45,74,127,56,58,16,17,14,80,94,64,122,68,107,36,119,53,35,2,6,62,21,112,39,134,28,61,13,126,51,46,34,72,87,43,47,29,131,97,82,98,49,1,129,5,67,113,116,115,108,15,52,86,37,32,3,19,41,38,102,7,84,54,42,99,76,26,20,106,135,93,24,55,79,125,0,121,104,48,114,12,83,66,30,40,25,128,70,130,85,95,63,8,100,105,71,18,103,23,11,132,69,111,4,133,118,78
4,1
20,128,15,112,1,131,124,52,76,26,90,47,135,60,3,100,6,81,70,127,123,118,8,59,34,24,116,13,68,29,72,79,48,69,61,18,21,19,132,117,93,92,77,36,111,86,16,57,122,64,28,114,54,65,50,108,97,120,41,33,94,104,85,101,107,95,125,49,14,38,53,71,80,103,7,2,63,115,109,46,58,10,12,30,42,83,44,11,82,9,74,78,67,110,133,31,39,88,5,89,55,84,105,126,91,17,35,40,96,119,23,106,45,62,99,56,129,73,98,102,43,87,0,32,27,134,121,130,22,37,4,51,75,66,113,25
2,1
31,126,22,38,112,56,132,36,8,42,84,101,26,76,62,69,43,120,39,58,33,5,12,94,64,128,96,48,73,23,53,37,51,127,30,115,27,97,89,123,35,125,119,17,93,124,111,46,106,29,11,108,2,1,40,86,81,95,83,118,67,134,15,98,50,52,91,20,104,63,68,70,55,60,21,79,28,71,90,107,78,99,18,59,10,6,121,110,47,102,105,130,4,109,87,116,129,100,34,114,72,92,19,74,117,75,82,0,24,61,88,13,77,7,54,32,44,135,9,57,85,133,16,49,80,45,103,131,25,41,66,113,14,65,122,3
6,5
110,74,38,71,49,101,26,13,37,19,27,1,103,10,109,111,93,112,52,7,131,124,43,63,61,97,51,34,31,6,42,11,54,80,39,108,105,77,72,88,117,28,81,127,20,48,95,67,116,78,57,66,53,8,134,90,79,76,25,87,0,64,2,120,89,83,115,32,12,96,23,50,114,69,47,102,29,41,16,33,92,132,106,133,73,60,129,121,104,75,84,113,30,14,44,119,36,4,45,46,86,94,130,18,59,17,99,62,100,22,82,56,40,122,55,125,35,24,126,107,9,65,85,21,3,135,98,70,68,91,123,118,128,15,5,58
3,2
44,115,82,43,38,42,30,62,72,97,87,60,26,21,12,3,125,135,39,49,2,73,41,128,80,11,69,48,130,101,84,52,124,64,133,59,122,58,40,51,66,23,19,131,112,45,0,123,75,107,17,118,78,67,70,56,119,94,105,93,121,127,100,110,4,34,35,36,50,109,89,6,5,9,29,10,116,117,103,106,28,126,18,32,7,88,96,92,79,37,132,55,54,33,22,90,77,31,76,14,134,99,25,15,46,74,27,20,16,83,120,63,13,85,108,129,61,114,91,81,68,57,24,104,71,65,47,1,86,113,98,95,111,8,53,102
4,4
53,113,7,82,67,45,15,126,128,81,85,29,22,89,127,78,51,36,71,25,110,57,125,108,47,112,101,8,109,90,132,58,116,75,94,119,92,121,61,9,114,40,39,44,14,0,68,56,80,63,91,74,130,2,21,97,124,77,79,41,107,33,88,46,52,64,38,102,73,87,49,30,31,99,72,115,18,37,76,100,84,118,129,24,23,65,43,69,35,11,66,6,42,106,5,134,131,55,50,98,120,27,26,10,123,60,12,4,122,83,95,48,93,135,59,1,96,62,103,104,54,34,13,3,105,17,19,70,111,16,86,133,117,28,20,32
6,2
34,19,124,113,74,23,131,70,52,47,92,40,54,115,56,93,126,119,96,29,8,101,91,22,35,15,73,135,12,21,83,117,128,77,9,13,99,33,69,103,108,110,39,48,5,53,104,32,55,68,111,129,50,122,6,109,64,26,66,16,105,90,43,44,46,78,10,38,84,81,134,57,120,71,86,102,24,1,107,25,112,121,85,17,51,97,45,27,37,98,82,132,123,95,0,87,130,106,79,127,28,7,3,67,42,62,60,30,114,36,80,14,20,118,100,2,89,31,4,11,65,49,133,61,76,88,18,94,125,41,59,116,72,63,58,75
2,1
20,13,11,18,106,123,9,91,131,35,27,83,5,89,86,73,119,85,45,79,70,111,132,135,94,48,72,10,59,3,84,29,24,107,57,28,129,7,102,30,31,81,134,126,105,60,68,113,51,22,97,103,2,33,117,87,37,120,108,76,124,62,1,21,90,133,77,101,61,52,82,116,43,19,118,104,42,110,92,58,56,109,47,100,49,8,88,130,115,128,71,78,23,122,75,66,98,93,41,32,112,74,121,16,114,99,127,65,38,69,36,46,125,34,0,39,26,96,64,67,54,53,14,80,25,12,44,40,63,4,17,95,50,6,55,15
4,5
126,83,59,18,44,114,109,116,40,85,11,115,108,37,65,89,27,74,90,12,99,75,82,16,123,110,5,42,96,4,80,128,105,121,35,77,50,24,17,106,41,91,9,31,45,14,73,120,94,81,64,129,67,101,125,46,3,43,71,6,36,122,47,48,134,49,58,86,112,135,39,93,69,117,63,104,0,7,22,55,133,23,61,26,78,68,38,21,131,97,34,13,88,52,72,54,32,76,132,70,124,111,1,15,130,53,10,113,20,29,33,2,51,30,100,92,95,79,119,66,98,118,25,62,127,60,103,56,87,107,57,28,19,8,84,102
1,4
86,112,114,49,133,66,60,129,26,50,27,79,59,101,11,108,17,78,61,15,36,45,29,93,0,62,39,58,23,46,69,89,77,80,51,5,134,131,38,8,2,115,34,73,32,87,84,4,41,124,88,28,90,117,35,54,109,12,121,55,74,83,25,72,96,106,113,91,44,126,92,125,116,111,16,40,82,30,10,64,98,94,97,6,13,85,57,48,20,52,3,56,81,118,33,104,18,119,19,122,123,63,132,47,110,127,21,7,24,76,37,103,31,14,100,43,95,67,107,105,65,130,99,71,53,120,22,9,128,102,70,75,42,135,68,1
1,4
123,101,24,88,36,43,84,30,96,114,40,72,111,28,59,79,78,119,104,103,49,109,135,23,122,22,17,58,27,20,116,108,126,9,86,69,80,2,52,11,113,54,39,85,7,56,131,8,3,55,97,134,60,118,47,73,32,82,65,112,19,62,71,63,66,77,81,10,76,6,128,37,107,110,25,12,132,83,121,5,51,31,90,0,14,15,89,102,13,68,99,50,45,16,41,38,95,64,105,1,4,74,48,125,70,33,106,21,93,120,44,46,26,87,29,42,34,18,115,124,129,35,61,133,94,67,117,91,92,130,57,100,53,127,98,75
3,1
84,71,27,102,88,76,113,95,33,12,132,54,61,114,112,129,30,13,5,22,128,121,72,82,96,41,87,40,131,105,57,81,74,29,26,78,106,20,10,91,23,65,43,63,100,48,59,11,135,68,83,18,103,52,101,28,31,85,35,8,64,97,6,4,21,51,75,55,120,1,90,53,38,115,86,69,56,49,37,2,125,7,60,32,0,116,127,44,9,39,70,34,98,118,119,122,77,73,117,62,123,126,3,80,107,110,45,134,66,42,46,94,19,17,130,79,92,14,36,67,24,108,109,15,47,89,58,104,16,133,25,50,99,124,93,111
4,2
131,5,91,29,51,64,111,22,81,48,37,121,58,105,46,11,19,68,129,92,90,77,15,63,107,109,102,76,89,75,78,124,117,119,66,12,34,101,106,41,35,28,103,25,87,60,71,47,113,133,73,72,85,26,18,80,122,56,39,112,70,13,16,108,98,97,36,23,30,126,86,49,65,134,32,100,6,67,96,59,1,54,42,50,61,40,3,115,123,128,55,52,94,135,62,69,14,116,17,4,9,8,132,38,43,33,114,82,127,83,31,88,130,53,93,120,21,84,99,118,95,7,45,10,125,20,27,2,24,57,0,44,104,74,79,110
6,2
58,89,70,57,67,130,3,6,36,8,69,48,109,43,1,110,29,120,17,84,40,119,116,13,44,60,56,98,22,118,108,135,4,115,127,80,91,76,106,133,34,54,122,0,107,45,35,47,85,74,111,128,10,46,129,71,90,65,30,2,100,113,52,121,16,68,26,50,15,25,105,86,49,28,66,24,39,42,131,99,33,132,20,124,11,101,114,21,112,88,81,134,41,63,82,55,18,14,92,75,87,97,72,59,61,77,62,37,123,9,51,83,78,23,12,104,73,126,103,95,5,19,125,53,64,32,27,96,117,31,38,79,7,94,102,93
2,3
45,7,73,37,135,113,39,53,116,21,74,122,130,86,48,29,133,10,91,115,51,23,96,68,110,125,111,104,43,67,50,70,112,30,42,77,14,25,85,18,8,12,17,38,41,120,76,31,114,97,46,34,49,93,47,83,56,80,32,55,15,64,62,26,98,89,82,66,36,3,5,58,1,84,19,63,40,134,131,124,126,94,123,54,88,22,16,132,119,2,33,60,106,75,6,121,107,9,100,99,129,35,57,44,69,109,52,78,102,128,92,101,72,87,13,59,24,103,95,4,20,28,81,117,108,105,71,0,65,118,79,11,127,61,90,27
2,4
66,76,122,84,19,123,45,29,91,128,26,113,109,61,83,118,117,116,114,42,50,31,80,35,120,18,119,21,101,64,37,47,3,69,82,44,20,4,111,74,55,102,112,100,127,103,6,24,79,73,133,88,78,43,60,12,90,77,11,63,130,28,5,92,129,68,32,39,62,58,85,56,67,105,48,49,93,115,41,75,27,36,59,107,131,121,96,25,0,135,40,126,124,46,94,2,89,86,51,9,106,30,10,110,1,53,38,14,95,125,13,72,98,132,97,70,8,23,65,7,87,52,57,81,54,15,34,108,33,17,99,22,71,134,16,104
3,6
7,82,30,131,74,63,13,52,86,20,115,98,71,5,85,113,14,42,16,21,48,101,126,58,41,125,107,128,37,73,32,100,43,127,50,134,121,120,108,60,26,54,93,80,24,39,87,19,18,28,122,129,109,38,110,81,1,0,88,67,62,27,104,132,25,49,59,94,64,40,135,106,78,56,130,23,17,69,124,119,95,31,51,47,12,66,76,116,102,10,72,123,91,55,44,70,114,68,9,8,53,34,103,97,117,2,35,6,22,133,4,65,99,15,57,33,45,112,11,79,77,118,92,96,36,84,29,89,105,3,75,61,90,46,111,83
4,5
17,58,2,62,15,35,63,14,99,103,40,130,70,53,7,79,38,24,26,34,28,78,41,88,90,57,83,110,100,25,127,46,39,134,92,29,133,9,33,116,106,65,119,95,84,115,93,42,19,113,89,69,32,97,101,3,76,11,102,27,109,1,111,16,22,105,37,8,68,49,6,21,64,51,71,123,81,112,91,126,18,54,131,67,44,52,128,45,20,50,66,86,117,74,135,107,120,96,132,75,61,12,59,125,85,55,124,122,114,43,121,23,80,4,82,72,94,13,10,36,104,118,48,108,31,30,56,87,73,129,77,98,47,0,5,60
2,6
2,117,44,70,83,42,46,9,66,78,88,34,24,114,87,72,122,7,68,35,81,126,51,0,32,85,4,22,111,125,92,90,33,93,134,133,61,89,96,97,26,94,65,56,10,120,63,15,5,1,108,11,40,129,127,67,102,119,38,37,95,101,132,69,55,60,80,104,21,48,17,107,74,135,105,76,29,47,43,123,77,128,115,106,3,75,50,16,45,84,91,27,124,98,23,30,103,12,58,52,8,31,118,59,14,41,112,130,116,121,73,79,57,49,19,82,36,25,113,110,131,6,39,13,54,71,100,28,99,18,53,20,109,64,62,86
6,5
52,11,35,38,41,116,27,43,90,91,46,101,0,9,107,111,29,32,61,80,13,117,22,87,51,76,123,42,44,73,25,59,81,28,108,60,10,65,66,31,124,130,4,56,19,33,131,100,106,112,78,18,128,121,83,45,118,58,96,40,74,64,68,122,113,126,48,16,49,98,132,97,47,8,37,93,82,114,26,20,63,88,95,23,75,71,57,125,17,67,12,94,1,54,110,135,3,134,79,30,86,85,133,70,127,99,72,69,39,102,34,103,120,115,14,104,105,15,92,2,36,50,5,109,24,77,84,89,55,62,53,21,119,6,129,7
1,5
89,115,91,58,73,74,38,125,22,127,120,69,2,124,52,51,135,18,90,98,66,41,57,87,128,53,118,96,32,86,82,94,126,132,78,99,9,43,71,10,1,62,72,84,95,93,34,123,42,119,13,6,70,55,29,67,50,20,27,48,121,68,108,45,133,31,16,122,111,11,21,0,40,114,47,61,15,25,79,83,44,77,131,39,97,24,104,101,64,102,100,75,80,8,116,110,35,112,109,4,107,12,92,7,49,76,103,113,33,23,60,54,14,36,17,59,56,85,26,63,28,134,46,5,105,88,117,106,129,65,81,37,3,130,19,30
2,4
105,75,101,17,34,95,31,33,10,73,67,74,3,104,76,12,111,64,124,66,106,122,79,19,123,96,52,42,87,1,135,103,112,81,24,28,65,39,16,27,99,60,115,102,59,45,132,23,134,77,8,133,89,126,0,57,92,13,51,84,44,128,55,37,54,35,14,90,49,107,88,43,15,83,98,58,93,94,4,108,53,120,78,97,91,71,68,86,29,2,18,5,22,9,116,127,11,41,46,61,26,70,30,109,121,47,129,21,36,69,48,100,63,32,38,82,110,6,25,40,130,118,7,20,62,114,125,119,131,72,50,85,56,117,113,80
5,1
85,9,40,37,100,25,72,3,35,101,19,106,11,90,68,36,76,60,81,30,108,102,21,49,104,28,45,24,122,123,112,117,93,31,70,69,99,84,44,91,32,51,75,87,64,131,77,43,105,82,0,1,65,119,61,98,59,115,20,13,127,54,22,56,71,120,97,125,124,80,79,118,96,107,116,66,134,62,38,86,27,67,2,55,114,41,132,110,23,92,83,17,121,29,129,58,15,88,47,111,39,95,50,53,135,14,52,130,126,63,73,103,74,89,57,4,42,10,46,7,34,18,5,78,12,48,33,128,113,6,94,26,8,109,16,133
6,5
20,107,131,78,34,49,10,102,84,57,54,87,108,47,70,75,42,25,72,86,122,116,37,133,82,120,96,35,26,97,101,44,3,29,40,41,92,130,11,83,63,45,18,94,77,39,1,71,43,9,68,32,73,66,95,14,58,64,24,69,132,114,56,126,93,22,60,103,61,65,127,55,13,76,12,5,112,8,19,74,98,36,111,89,62,121,109,134,125,16,38,81,124,91,129,2,67,104,115,80,118,31,7,51,28,17,100,30,6,59,128,15,46,99,27,23,52,119,85,135,123,105,88,113,21,4,50,110,53,79,48,0,33,117,90,106
6,4
120,89,76,129,93,72,46,49,101,2,81,50,106,119,53,6,79,74,0,134,118,7,61,115,29,62,102,82,32,30,77,33,47,44,67,116,96,110,11,125,23,80,19,97,70,45,27,15,95,16,127,1,51,121,108,91,9,87,10,104,68,83,39,73,107,117,41,21,85,98,71,92,60,40,25,78,105,38,114,59,135,130,55,28,64,122,94,34,69,18,100,58,13,48,133,24,56,17,124,131,43,126,86,128,3,37,63,52,66,111,113,26,57,99,88,5,90,103,22,54,31,8,4,42,109,35,75,14,132,84,12,123,112,36,20,65
6,1
132,70,118,39,15,18,41,80,97,16,51,88,5,112,76,56,69,113,59,83,86,46,123,44,124,31,121,14,38,111,49,82,60,133,127,4,89,54,104,108,12,119,29,33,8,43,114,103,101,62,32,0,11,96,3,106,37,94,42,48,128,129,21,40,25,73,105,13,93,81,23,55,64,122,72,50,6,79,74,52,125,102,66,1,87,24,63,28,9,45,71,90,19,35,65,92,120,135,95,117,130,22,27,17,36,47,77,100,7,116,84,68,110,134,99,115,91,53,30,67,85,131,78,109,61,58,2,98,107,126,20,10,34,75,57,26
4,5
46,132,54,29,60,134,30,92,114,39,135,117,36,73,99,50,48,51,69,120,42,63,87,43,113,13,44,122,128,108,5,33,115,81,24,106,84,94,37,58,79,121,32,102,127,22,6,112,59,27,116,109,14,35,34,17,26,64,77,65,1,70,107,18,57,124,4,101,62,83,23,123,55,126,66,3,85,19,53,80,74,88,118,20,82,12,89,16,10,131,130,56,38,25,49,97,110,28,61,21,11,7,15,86,119,67,98,68,133,111,40,0,76,71,9,95,47,100,31,2,78,52,8,93,96,91,75,129,90,104,105,125,103,45,41,72
5,4
98,125,49,116,81,35,40,50,95,64,120,133,12,17,109,60,135,80,85,117,8,92,25,106,91,22,5,6,105,2,70,18,83,110,101,112,19,73,126,36,68,58,118,10,39,88,134,51,7,99,82,13,59,127,20,104,76,66,67,114,65,34,97,78,102,31,45,23,28,103,38,62,55,61,37,9,79,56,74,87,132,14,1,113,90,26,111,122,86,124,129,57,21,121,52,47,53,11,130,75,27,131,77,29,100,42,71,33,24,108,84,123,3,69,41,4,128,96,93,115,94,119,43,48,54,30,15,63,0,44,32,16,89,46,72,107
5,4
133,56,112,122,52,91,115,98,90,51,22,57,60,105,32,107,111,65,3,102,99,15,80,29,25,86,16,88,71,49,118,108,50,77,54,4,87,18,42,68,120,69,134,27,72,132,131,116,126,44,48,125,47,33,23,45,73,1,31,2,100,66,83,110,74,39,85,127,38,121,62,14,36,81,0,70,63,17,103,5,79,93,128,20,64,28,21,24,46,40,76,130,104,114,124,78,109,9,106,41,61,10,6,95,19,82,84,119,37,96,55,67,59,8,43,97,26,94,7,34,101,13,92,135,123,89,75,58,129,35,117,113,30,53,11,12
5,4
116,7,31,5,84,122,77,90,105,96,25,128,32,74,123,124,113,8,10,64,94,16,106,115,70,111,35,85,0,71,20,86,53,82,19,117,44,38,22,87,68,6,69,62,40,47,92,129,23,91,28,72,89,37,12,21,51,61,100,80,58,49,114,55,78,130,104,127,99,60,132,4,118,54,43,14,103,93,52,1,15,46,134,98,34,79,125,18,65,63,11,9,56,36,17,76,120,75,39,50,95,24,133,83,29,26,81,3,119,48,97,88,110,112,102,109,135,121,108,41,57,66,33,131,42,107,13,30,101,59,73,27,126,2,67,45
4,3
11,78,93,46,71,91,7,82,28,66,39,77,116,9,99,100,25,5,20,103,2,15,70,72,67,135,89,107,52,41,122,105,8,90,117,18,37,98,33,57,26,10,34,134,108,13,50,3,48,113,80,87,75,73,64,1,110,124,127,4,97,119,61,53,40,27,132,24,56,51,112,68,85,19,62,104,59,29,12,95,121,106,133,47,14,6,130,101,35,120,88,76,21,16,69,22,81,38,111,0,42,123,55,74,126,94,84,102,17,43,31,65,109,79,86,60,83,118,131,125,49,32,96,129,44,114,58,54,23,92,30,63,36,128,45,115
2,5
68,55,100,91,17,30,49,36,104,12,5,127,54,4,0,32,61,96,107,97,129,1,19,58,71,47,10,112,109,98,105,34,37,74,28,18,57,75,93,111,65,35,3,95,42,99,70,9,82,125,89,79,85,118,13,135,90,106,21,64,56,53,2,122,66,38,119,86,8,23,77,29,52,24,20,81,15,16,63,121,110,59,27,76,88,133,50,43,26,134,11,67,87,41,131,84,25,22,101,80,108,83,72,128,114,94,33,14,7,60,46,92,73,45,78,120,44,102,48,123,31,130,126,132,117,51,39,124,113,6,116,62,40,103,69,115
5,2
122,30,129,52,102,96,46,93,57,1,131,3,4,76,72,47,115,19,49,74,53,42,130,55,123,116,24,69,107,54,114,23,128,111,127,63,109,20,75,39,90,105,89,110,125,120,119,101,12,7,132,29,21,13,68,124,61,35,117,59,58,86,121,100,135,78,118,56,67,83,31,94,73,50,17,40,106,14,48,64,97,51,33,99,91,65,38,71,10,32,18,133,6,43,27,8,25,88,80,5,28,79,108,92,11,84,134,34,26,103,126,45,37,87,82,113,62,0,15,60,2,85,98,70,22,9,44,95,66,16,112,77,104,41,36,81
2,4
19,31,76,27,128,45,117,65,71,102,22,16,12,17,77,91,80,9,55,106,107,39,47,79,127,112,97,40,13,6,2,109,18,84,5,51,66,68,3,42,78,25,61,0,101,125,26,81,24,38,53,37,100,32,41,60,124,74,23,20,62,98,95,92,58,122,36,134,50,85,70,52,4,87,108,83,116,63,120,21,115,59,90,103,33,121,67,126,29,30,111,57,123,10,28,82,56,14,133,130,35,118,75,131,44,86,89,73,110,113,64,129,135,54,1,105,88,11,96,93,48,72,132,8,69,7,34,104,119,114,46,94,43,49,99,15
6,4
86,67,52,1,109,56,133,128,6,47,127,94,46,19,78,36,134,118,80,119,55,74,45,17,91,65,29,120,89,129,40,23,83,130,30,107,27,64,104,22,123,117,35,42,33,37,68,28,7,88,114,38,125,62,61,32,95,106,75,43,110,112,39,79,13,16,5,82,84,66,50,77,51,31,59,71,18,102,113,93,70,101,90,34,10,2,3,69,105,108,97,63,9,115,20,87,21,92,96,131,0,111,73,99,41,53,132,48,11,122,60,12,135,44,124,85,8,103,58,4,54,121,98,116,15,57,24,25,49,76,100,26,126,81,14,72
3,3
77,83,52,75,111,80,105,95,121,108,10,129,67,53,54,46,131,47,63,88,100,23,128,103,113,11,78,35,37,99,64,13,93,134,132,27,71,39,97,44,7,15,2,26,85,17,109,5,79,116,9,123,49,119,87,118,33,41,126,6,73,8,61,22,4,98,133,81,104,28,55,29,21,86,59,82,70,84,36,91,38,48,125,65,124,107,18,72,115,20,30,24,74,1,43,127,110,112,0,12,25,56,51,16,50,58,31,40,117,130,120,92,101,76,34,66,14,89,122,68,57,3,114,106,135,90,94,60,42,62,102,32,96,69,19,45
2,2
36,6,47,125,75,15,1,35,109,131,98,66,65,86,100,111,45,106,133,41,38,73,11,2,103,96,16,132,7,84,115,37,39,83,99,91,49,76,67,70,48,97,69,120,81,126,93,85,54,12,14,101,129,112,71,58,43,10,50,21,13,44,130,56,26,118,77,134,82,88,9,27,113,33,135,61,102,107,94,62,40,23,42,105,55,25,32,46,95,74,51,78,68,124,122,128,87,63,59,92,31,108,104,116,20,17,52,90,110,60,34,29,4,119,57,18,53,3,5,19,28,0,30,22,127,72,24,80,121,117,79,64,114,123,8,89
2,2
45,91,126,44,24,54,15,113,99,6,35,89,47,25,58,14,26,114,90,124,66,40,20,104,73,115,80,100,77,72,60,70,29,93,7,64,133,83,101,125,88,79,87,82,56,97,131,85,132,55,53,76,51,74,134,16,67,37,1,86,21,109,57,129,59,95,94,36,50,42,17,62,38,71,3,130,84,112,119,122,0,111,65,28,96,69,121,23,8,48,18,92,61,68,75,105,103,34,120,107,27,2,110,30,106,118,116,39,46,52,78,128,127,4,32,19,63,5,13,108,11,49,117,41,12,123,31,98,10,33,43,135,9,102,22,81
3,5
134,97,129,55,28,71,70,66,7,62,41,76,86,119,124,77,3,84,110,73,96,33,126,46,58,113,47,79,45,57,69,85,59,68,27,23,93,98,106,53,39,34,17,14,2,11,127,13,42,101,44,83,19,99,130,10,18,105,75,89,121,63,128,122,9,64,38,133,15,87,48,4,50,21,32,67,120,92,36,114,131,104,54,90,100,88,49,116,72,51,22,78,109,20,30,111,25,107,115,135,12,102,26,112,56,81,74,117,0,43,37,6,94,61,82,95,1,103,132,65,8,29,5,108,16,123,60,80,35,125,31,52,91,40,24,118
5,4
127,34,67,116,118,4,114,12,120,76,33,55,113,60,135,8,99,88,124,14,87,132,58,73,129,117,57,115,42,121,22,83,97,65,106,30,125,82,62,29,63,38,56,13,44,2,69,86,32,5,46,37,50,94,20,89,66,21,100,131,74,77,17,11,6,79,68,128,105,108,16,112,43,27,93,39,3,26,91,28,92,95,130,123,40,90,7,31,102,24,61,98,25,52,47,85,84,103,111,49,126,9,71,41,18,35,64,81,70,36,0,110,10,72,19,59,78,48,45,75,109,23,96,53,133,15,51,134,107,122,80,119,1,104,54,101
5,2
23,6,53,13,104,54,49,18,117,98,97,90,77,50,45,131,78,135,91,25,37,41,112,118,14,44,79,33,56,7,67,86,17,76,85,93,63,26,10,71,107,39,57,61,94,8,72,66,126,70,22,24,68,88,109,69,65,81,28,4,123,19,128,62,58,20,36,42,30,110,0,92,52,27,108,11,87,47,82,132,48,38,106,127,103,130,75,111,16,73,34,51,3,84,125,120,12,74,102,105,43,35,1,60,101,113,99,59,55,121,9,2,133,80,46,29,31,32,64,124,129,95,15,83,89,114,96,21,119,40,122,115,5,116,100,134
4,5
45,68,114,65,42,75,21,100,9,33,0,23,79,35,2,93,8,15,67,96,27,20,80,70,126,40,119,110,115,74,10,46,111,14,64,94,87,121,58,92,28,125,90,127,134,3,5,29,43,135,83,97,25,18,50,81,16,112,85,49,89,7,102,38,77,133,63,72,123,17,122,78,107,116,129,62,47,61,106,55,51,98,103,117,4,1,24,44,22,91,26,113,41,11,95,13,30,84,130,88,109,37,71,53,6,31,59,99,128,52,69,132,34,66,105,48,86,36,60,73,118,131,56,108,76,12,82,19,32,54,124,101,120,104,39,57
2,5
7,81,71,111,54,10,130,108,1,90,104,92,55,41,110,127,88,63,122,103,43,21,58,120,105,96,4,77,91,62,25,59,131,19,64,3,113,119,9,125,37,124,39,118,2,20,65,36,98,85,74,5,29,52,12,114,89,102,87,83,15,101,23,129,16,0,44,115,45,121,48,107,57,86,123,94,26,133,95,32,49,30,34,99,68,60,47,109,6,117,11,35,80,8,82,128,66,42,61,134,69,51,46,76,97,79,31,56,84,112,78,13,75,135,126,70,18,38,24,100,132,116,53,73,40,67,28,50,27,93,17,72,22,14,33,106
1,5
25,118,39,26,12,35,134,8,36,64,96,57,98,135,124,70,90,128,105,85,27,125,119,91,34,106,40,89,117,113,74,49,17,2,72,99,112,11,32,87,53,130,101,33,95,55,67,0,3,18,1,111,16,51,75,30,50,54,77,14,23,82,45,13,58,102,86,93,104,92,43,29,60,109,123,9,84,103,79,83,127,133,24,10,69,21,120,88,71,80,132,81,15,61,122,107,41,68,116,131,115,63,38,19,73,7,42,126,56,121,65,28,100,52,66,22,114,46,62,59,78,76,4,37,129,31,97,110,94,44,108,47,5,48,20,6
5,5
78,43,55,112,15,26,23,74,35,95,29,22,7,60,3,126,98,20,51,118,89,38,46,76,24,92,96,117,132,75,66,86,71,44,14,50,116,120,110,100,123,48,91,115,28,32,59,12,81,82,36,39,130,80,58,56,88,133,79,72,111,134,52,104,73,8,11,77,27,68,33,70,19,67,119,41,103,109,106,125,105,30,49,37,0,124,94,122,9,101,97,99,135,114,90,34,93,31,108,2,121,57,13,62,107,87,25,61,40,113,128,129,64,45,16,53,131,127,84,47,69,102,63,18,21,83,85,6,4,65,1,42,54,10,5,17
5,3
94,109,91,101,131,114,120,77,123,80,117,49,68,90,47,76,6,51,40,5,61,134,82,27,15,9,38,42,122,26,86,13,60,3,81,108,92,1,71,54,50,110,31,99,70,8,55,18,73,44,112,24,2,105,128,11,121,23,111,30,72,88,19,85,84,126,37,116,78,119,7,115,64,12,96,36,62,32,118,52,65,21,14,87,34,132,57,17,95,93,106,28,29,79,75,124,41,135,16,43,100,83,107,66,56,89,39,63,69,35,103,33,133,102,74,46,129,20,59,127,22,45,4,48,25,97,104,130,98,10,125,67,53,0,113,58
6,4
117,125,110,26,63,97,64,49,10,69,9,12,17,39,25,35,108,118,133,2,71,41,47,40,123,33,32,73,89,74,16,6,94,132,51,135,104,78,109,98,113,45,85,50,3,120,107,122,131,127,91,48,101,1,106,115,34,62,105,44,27,14,95,29,24,100,38,103,70,112,36,86,28,128,126,54,15,22,84,42,46,79,0,67,66,75,130,57,93,90,13,92,11,30,53,61,8,121,129,116,99,21,37,119,5,76,7,56,83,65,43,134,102,111,55,114,4,96,18,58,81,124,68,77,31,87,88,72,20,59,23,80,82,52,60,19
6,1
97,111,18,95,125,62,26,16,122,25,21,114,130,2,59,52,58,36,51,46,108,29,98,101,109,1,53,64,85,5,20,9,100,132,4,113,50,96,27,79,70,126,0,127,15,19,37,57,135,54,33,121,123,76,43,65,47,78,115,44,87,128,41,124,14,68,107,129,39,31,11,45,112,120,34,40,91,38,6,55,81,80,48,75,13,10,56,61,92,22,134,133,93,28,32,66,71,83,90,88,8,73,106,119,104,24,77,3,131,105,63,17,116,7,74,117,118,84,69,30,60,42,102,103,89,82,94,12,72,99,110,86,23,67,49,35
5,5
69,122,12,129,49,86,2,112,74,132,117,42,133,108,124,46,33,25,92,43,37,1,4,28,9,57,93,82,0,99,63,20,70,67,15,3,130,118,79,121,113,123,88,36,115,35,5,105,30,61,21,75,52,104,44,65,26,16,27,18,11,72,71,50,31,22,54,6,55,58,126,102,101,84,111,89,91,53,17,14,116,62,77,131,45,110,76,40,125,32,128,106,78,59,109,87,38,100,97,34,24,83,85,66,60,73,114,80,127,95,10,8,23,47,103,90,13,29,94,120,64,19,68,48,51,96,7,107,98,56,41,134,119,135,81,39
6,6
62,110,52,133,55,14,130,51,129,96,65,61,36,31,83,105,71,34,67,44,11,49,13,3,64,63,56,68,88,121,98,25,108,90,85,69,78,26,80,76,16,103,104,107,132,6,120,10,7,2,58,39,43,46,47,27,123,24,97,57,72,93,74,30,28,91,135,21,102,113,4,94,12,38,116,86,84,53,15,50,22,40,17,73,99,81,5,131,114,118,112,122,9,70,101,48,95,109,119,1,106,37,87,66,128,19,125,29,115,79,89,92,126,111,82,42,8,100,32,23,18,20,60,77,45,117,134,59,75,124,35,0,54,127,33,41
1,6
19,53,79,10,109,82,56,3,116,118,0,11,93,129,125,134,117,103,57,110,88,2,8,96,66,18,112,36,124,43,121,50,30,51,94,29,73,6,100,131,41,21,17,95,107,69,39,58,61,105,83,47,75,55,72,132,32,126,26,65,120,111,23,54,48,68,130,98,70,5,45,114,25,128,119,52,14,46,49,33,60,44,104,101,133,27,64,4,115,22,59,35,37,77,71,108,91,127,85,40,9,81,92,1,38,7,13,106,31,89,63,97,87,99,42,20,15,123,78,90,86,122,34,24,74,12,76,28,102,135,62,80,84,16,113,67
5,6
113,42,91,10,120,19,55,54,8,28,23,79,130,53,76,64,22,111,46,33,6,135,20,25,101,31,75,115,9,29,41,48,16,97,123,71,95,63,57,109,124,83,77,92,87,90,93,72,118,0,68,106,70,65,80,60,13,117,4,17,30,104,94,36,114,108,112,96,119,43,126,40,12,5,18,34,11,35,7,50,24,81,105,98,129,45,121,134,110,21,56,74,73,58,100,39,127,52,1,66,99,133,89,131,102,85,107,27,78,132,61,103,49,88,15,2,32,37,59,128,26,84,47,38,86,116,62,69,14,82,51,67,122,125,44,3
2,6
28,85,96,116,45,48,35,5,127,0,44,40,113,10,52,53,133,92,17,115,69,27,26,120,103,123,108,83,122,49,84,71,67,68,106,107,63,62,7,75,114,89,50,46,78,37,22,54,97,134,117,124,2,94,51,93,95,9,18,47,64,13,72,34,80,109,41,15,101,24,87,20,43,33,3,126,42,19,100,38,11,74,118,66,81,36,21,91,65,98,79,58,14,32,130,76,39,29,111,23,119,82,121,60,88,25,105,128,73,104,6,57,90,8,110,1,30,99,135,12,31,129,16,4,56,55,102,77,125,70,112,86,132,59,61,131
1,5
98,17,26,87,125,67,76,96,107,2,64,116,134,120,25,9,73,70,3,40,38,128,115,90,89,48,27,28,133,32,71,16,19,53,118,18,44,7,36,21,77,78,93,102,4,31,82,132,129,46,50,103,33,34,117,41,59,88,63,113,75,105,126,74,23,42,13,84,99,111,29,14,24,100,10,122,94,83,112,110,66,114,104,92,0,130,47,101,106,65,123,1,52,124,95,69,39,8,15,131,54,12,61,91,68,37,56,85,51,5,6,11,72,108,20,58,35,81,49,119,135,62,109,22,86,97,57,121,60,30,80,43,45,127,55,79
3,5
54,51,31,49,45,91,121,76,68,108,40,29,100,124,44,20,112,63,111,79,72,1,18,101,62,83,71,12,105,19,4,133,46,14,67,33,39,77,131,26,53,132,81,93,32,116,96,125,82,7,38,66,127,118,8,36,122,89,103,5,24,64,73,95,48,28,52,58,130,109,69,74,15,123,25,3,134,34,0,102,60,114,120,90,80,119,75,13,17,135,113,10,106,117,65,115,98,97,61,110,47,94,88,6,128,57,9,27,16,2,43,70,59,50,23,11,21,129,78,87,84,126,86,41,22,107,30,56,85,99,92,104,42,35,37,55
2,4
105,65,135,11,83,127,2,23,9,84,101,124,6,58,120,117,19,47,107,10,133,115,73,45,88,64,4,46,16,96,36,130,98,38,104,102,55,68,121,74,18,81,116,60,3,5,24,62,92,114,57,86,43,125,48,69,134,7,103,41,15,119,27,42,99,128,54,129,52,85,49,56,39,8,131,22,110,28,40,118,59,82,97,113,37,109,66,89,100,51,61,35,123,70,91,106,94,132,78,87,76,32,122,77,80,21,50,108,14,112,71,72,29,95,20,53,90,63,31,33,44,26,0,12,13,93,1,25,79,75,67,17,34,30,111,126
1,5
71,114,55,130,11,38,69,28,106,64,88,1,81,96,20,41,104,109,76,26,12,102,19,99,112,34,33,21,94,47,133,121,0,115,42,113,119,5,73,3,53,83,66,89,23,13,135,63,40,25,46,110,92,29,107,101,78,61,62,128,44,67,79,9,6,17,16,74,22,52,37,127,32,65,132,18,14,131,56,7,87,108,126,2,97,70,24,27,91,93,124,39,30,90,122,10,103,72,51,31,48,85,57,120,123,98,116,68,4,58,45,8,59,35,36,100,105,111,129,82,49,77,15,86,125,60,134,54,117,43,118,75,95,84,80,50
1,1
80,54,78,90,15,52,101,134,48,79,103,65,123,109,118,91,24,27,86,53,35,28,83,32,76,89,39,3,71,93,64,23,130,115,14,50,135,11,70,97,7,59,82,58,122,36,5,108,102,47,88,55,22,87,110,62,61,127,38,18,120,126,51,98,33,43,12,77,121,2,44,66,124,6,117,94,113,119,16,106,95,31,1,21,128,60,99,67,81,105,29,10,19,132,34,20,72,46,74,92,4,56,13,73,85,57,75,63,111,116,125,49,25,0,41,69,26,112,68,96,45,131,133,129,30,8,40,107,84,100,104,17,42,114,9,37
5,6
127,23,108,128,63,40,57,4,47,77,129,71,99,131,39,48,50,130,94,5,114,123,120,9,34,79,107,86,59,37,7,19,89,43,105,90,54,14,25,58,115,41,84,45,65,80,55,95,22,101,85,111,0,88,36,87,98,17,104,46,100,30,2,10,52,125,16,121,62,44,18,68,61,11,35,38,135,66,97,133,93,1,78,132,13,92,122,60,69,116,32,119,72,53,73,103,81,12,8,33,83,126,6,56,67,3,29,27,109,26,24,64,110,74,20,31,49,21,124,112,82,113,117,91,106,28,15,75,96,102,76,134,51,118,70,42
1,4
135,29,111,16,77,38,101,48,56,92,105,61,130,75,100,24,63,11,60,0,58,49,131,134,66,20,114,35,115,125,78,127,120,107,110,81,36,23,62,15,9,84,96,52,50,42,33,69,34,4,73,13,40,41,121,59,45,8,113,19,2,91,53,109,6,123,99,126,103,85,124,119,98,108,18,68,97,57,46,27,95,122,44,14,112,67,93,89,132,79,104,87,82,70,94,17,1,88,22,86,128,12,80,3,31,37,32,21,74,106,102,90,7,28,117,54,133,5,65,51,129,83,55,39,118,30,64,47,25,116,76,71,72,10,26,43
1,6
27,0,115,62,19,22,36,82,128,100,59,40,20,127,5,101,105,116,57,114,99,71,70,96,13,43,16,135,80,28,134,37,121,98,55,50,84,44,9,129,15,54,93,66,76,8,10,61,123,6,89,133,32,79,38,23,39,117,107,52,42,56,3,103,120,91,130,25,109,60,112,95,126,58,108,46,45,35,97,85,94,75,77,65,131,68,81,125,73,7,118,88,49,90,17,132,67,33,14,102,21,24,30,87,11,53,110,104,86,12,69,92,4,1,47,34,113,72,119,18,29,78,31,41,122,74,106,111,51,2,63,124,26,64,83,48
3,1
39,125,115,8,73,5,47,84,121,102,46,63,33,61,40,111,85,52,93,32,3,22,1,116,59,80,28,76,62,37,25,16,120,130,123,105,118,26,78,68,91,126,12,50,108,36,132,119,131,81,27,65,113,24,48,100,99,96,56,88,69,109,103,75,104,41,128,10,82,97,43,95,72,106,38,23,13,133,45,53,11,98,83,134,117,42,60,107,9,49,86,14,94,114,122,127,58,64,124,19,67,30,55,89,31,74,34,57,79,15,92,101,2,7,135,29,17,87,0,70,51,110,90,71,18,20,66,35,112,44,54,4,21,6,129,77
1,6
35,74,10,100,133,72,129,124,48,101,25,85,88,22,1,134,80,11,112,38,31,47,78,37,95,91,86,118,29,98,62,123,84,135,26,93,7,126,104,106,12,96,99,27,14,67,108,103,132,83,97,69,60,110,54,76,75,131,0,42,65,19,8,89,18,92,128,73,51,122,102,23,121,44,130,28,33,64,77,114,20,2,58,50,53,82,81,115,107,87,13,119,5,70,49,113,21,45,71,55,34,39,105,15,30,116,59,90,61,63,17,66,24,6,125,4,57,56,32,40,127,9,120,41,3,68,111,46,16,94,117,43,79,109,36,52
2,5
114,58,53,133,33,51,121,129,131,48,30,57,115,132,7,122,90,14,110,27,116,31,47,109,50,124,52,112,81,85,126,38,46,93,37,59,65,62,55,12,95,113,35,36,119,120,91,94,135,87,0,125,111,39,71,101,5,100,15,26,18,98,97,123,25,11,32,60,102,64,86,77,28,118,103,117,19,22,45,44,84,6,92,43,9,56,69,99,73,75,13,23,82,79,88,78,10,134,61,76,8,70,83,49,80,3,16,108,54,29,104,21,63,2,17,89,72,34,40,20,42,1,66,68,4,128,127,24,107,74,96,130,106,67,41,105
3,3
90,14,5,10,76,118,62,95,98,58,94,110,26,7,107,89,80,50,25,111,35,34,83,69,21,17,29,128,37,57,38,133,129,119,102,64,112,71,30,99,43,93,27,52,19,85,73,28,81,114,88,4,54,12,22,91,55,127,77,48,113,68,40,1,125,121,59,86,9,56,45,75,108,44,0,87,106,120,126,78,16,123,131,46,11,41,72,53,18,130,36,31,8,100,82,63,101,23,2,60,109,116,33,13,122,79,103,70,15,115,132,92,135,61,117,65,74,42,66,6,32,20,67,3,39,105,124,134,51,84,47,97,104,49,96,24
6,6
99,111,49,125,13,128,39,68,55,50,73,85,25,93,12,27,119,104,79,122,4,132,71,69,124,66,75,106,127,3,91,101,40,44,135,131,88,1,67,112,28,30,63,90,65,84,86,35,117,53,134,54,64,37,72,16,80,107,96,62,129,36,70,92,61,76,15,23,114,118,7,5,51,113,33,110,26,126,130,34,47,78,123,42,94,58,102,31,41,22,18,19,81,121,14,105,120,100,45,95,60,103,29,87,6,21,32,20,115,2,77,97,48,10,17,98,0,83,11,89,8,74,109,46,82,56,52,24,9,43,57,133,116,59,108,38
3,3
117,46,112,93,70,50,29,122,18,109,6,44,41,20,127,71,91,48,42,67,49,35,1,25,92,69,128,126,78,26,79,131,84,39,107,38,98,106,4,100,24,47,102,21,34,61,36,19,75,121,73,0,22,108,99,5,132,89,68,23,57,64,59,97,111,54,134,103,88,118,55,95,10,27,101,45,40,105,15,86,83,60,119,124,7,133,12,74,135,32,28,31,14,33,114,72,90,3,104,80,51,85,76,123,63,116,53,65,62,8,110,94,58,37,30,17,113,11,115,43,77,52,13,96,125,2,120,82,9,87,66,16,56,81,130,129
3,2
118,46,59,93,101,75,129,34,12,127,96,71,38,135,85,24,69,88,45,16,32,104,29,115,20,43,109,53,103,92,99,10,5,62,122,39,70,102,44,51,60,126,21,37,23,17,63,57,52,119,114,132,113,121,55,13,128,111,133,28,2,33,58,19,76,78,86,22,125,30,124,87,84,67,65,35,0,36,48,95,72,42,131,64,74,108,47,90,61,94,105,41,54,117,50,100,7,15,26,82,40,3,83,77,73,49,6,112,68,8,11,98,25,116,110,56,107,106,89,97,4,9,130,66,14,27,1,31,91,123,120,80,134,18,79,81
6,2
96,35,54,85,104,49,131,16,78,10,43,66,47,62,64,7,105,74,132,6,113,68,72,2,71,17,88,128,28,55,70,18,123,32,80,117,133,12,121,23,56,108,110,11,59,33,58,87,129,103,39,101,83,69,44,25,111,135,1,130,50,126,67,42,100,29,8,4,92,76,51,93,115,107,89,116,14,82,99,52,40,95,112,97,48,60,19,26,90,98,53,24,20,65,94,109,36,79,124,122,102,120,21,86,37,5,3,41,46,30,0,125,81,57,118,9,77,134,106,38,61,73,45,127,114,27,63,13,15,84,75,91,119,22,34,31
3,5
13,123,32,18,94,52,79,103,57,91,63,49,118,21,67,93,31,122,114,130,34,106,128,104,98,120,43,61,121,89,20,5,101,38,12,105,132,14,71,15,8,133,45,90,27,25,86,80,117,82,2,95,131,47,44,23,4,72,42,97,127,10,0,48,28,65,50,3,129,40,83,102,76,37,58,134,75,84,39,108,64,74,96,85,46,109,135,29,113,41,68,17,36,69,26,16,124,88,59,33,51,73,119,107,110,56,78,6,60,116,112,24,87,19,62,54,115,100,125,1,66,99,35,77,7,55,70,11,22,53,9,30,92,81,126,111
5,6
69,118,79,95,61,110,47,113,18,132,111,90,73,23,9,107,43,70,36,93,68,29,20,96,1,30,77,15,24,84,67,97,34,117,3,49,85,133,76,37,45,106,88,11,128,129,122,66,33,54,40,17,25,91,102,135,52,94,38,28,126,71,7,72,120,63,127,121,116,64,14,32,98,60,83,105,44,119,87,27,10,12,125,56,92,46,6,78,51,55,112,114,62,13,42,134,104,89,50,59,53,80,5,82,16,41,39,4,81,48,74,99,109,65,31,57,22,100,58,0,123,124,26,75,35,103,19,131,86,108,21,130,101,115,2,8
6,6
107,122,74,108,82,92,55,25,66,102,78,127,114,7,61,121,110,131,54,120,90,117,46,68,77,132,83,58,65,41,12,11,96,17,18,5,130,40,128,57,60,109,53,15,115,23,79,94,101,86,116,8,67,51,103,0,27,31,2,63,62,100,111,4,133,49,13,21,10,52,1,16,33,30,105,84,119,81,88,97,29,98,24,91,134,39,50,85,71,35,28,106,76,93,125,19,118,56,89,36,42,135,75,95,124,87,69,73,22,20,45,64,123,72,47,6,38,44,129,32,104,113,3,80,37,99,48,112,34,43,26,14,9,70,126,59
4,4
101,117,76,29,74,113,125,39,63,78,17,89,111,126,131,110,30,0,104,12,120,124,55,5,8,132,87,115,103,116,37,33,20,100,25,56,86,26,83,108,128,9,4,118,60,130,22,102,73,44,90,79,46,7,127,70,133,10,43,45,34,32,15,114,16,3,67,80,75,66,94,135,95,14,82,31,42,41,88,6,72,64,84,96,112,134,58,123,77,24,38,54,98,1,121,11,71,35,52,91,93,48,97,68,106,51,21,105,57,119,2,23,18,99,49,92,61,122,65,109,47,13,85,50,36,40,27,81,19,59,28,62,53,69,129,107
6,4
105,2,71,99,93,24,20,92,115,122,62,26,127,82,73,94,23,109,8,28,22,17,74,104,70,101,95,97,77,65,11,135,85,111,52,128,87,96,100,126,98,119,7,117,35,12,61,121,123,134,102,124,125,106,116,14,131,54,30,45,118,15,86,64,68,67,107,5,0,91,37,78,6,21,66,113,50,69,42,18,81,84,110,16,130,89,47,41,19,38,33,48,32,44,76,57,4,133,88,40,108,3,9,43,59,72,39,114,27,79,103,55,13,80,51,10,1,36,31,53,49,63,75,90,83,34,129,120,25,29,58,46,56,132,60,112
6,2
58,20,128,42,22,120,38,89,49,93,66,77,135,116,59,109,6,40,87,2,8,125,130,65,119,80,127,69,132,99,12,43,50,131,21,51,79,118,37,0,68,29,34,107,7,83,24,82,97,98,85,134,112,33,101,14,124,67,123,84,103,105,61,76,100,75,115,126,114,104,122,28,96,71,4,56,11,16,102,133,55,64,106,90,95,110,19,30,91,44,60,10,63,111,25,81,113,52,27,129,26,62,9,53,35,36,88,73,92,70,48,94,39,45,47,121,18,72,13,17,23,41,108,78,57,1,31,5,32,3,86,15,117,46,54,74
1,3
87,83,23,128,5,61,64,73,117,107,118,7,114,2,110,36,59,9,119,129,13,77,134,120,109,89,79,29,94,15,21,99,46,53,30,95,90,52,105,48,70,97,1,100,125,28,32,47,102,71,133,101,108,122,19,39,96,127,42,112,58,14,106,41,130,69,91,50,24,68,44,98,38,62,66,63,88,82,51,33,65,12,16,8,4,81,43,34,20,72,27,74,10,116,40,126,123,76,31,131,26,56,92,17,22,37,132,11,115,78,55,93,45,104,35,67,135,85,124,6,111,18,25,84,3,80,0,49,75,121,54,113,103,60,86,57
1,2
118,101,33,24,92,82,98,68,89,123,126,1,81,13,30,120,107,34,47,79,85,113,18,45,116,36,2,86,74,83,119,133,52,35,77,8,37,75,14,131,25,54,121,41,12,104,114,29,97,44,32,22,31,96,109,62,76,50,73,56,48,71,84,5,28,60,46,87,94,110,95,111,57,65,112,105,129,132,91,10,122,100,42,117,63,78,124,49,125,3,51,59,16,61,17,70,19,38,66,0,40,127,21,11,108,6,43,72,55,15,135,39,88,93,106,9,26,128,80,67,64,134,4,58,23,53,69,20,90,130,103,115,7,99,27,102
1,3
68,64,49,134,104,110,87,25,93,24,120,54,10,106,78,40,1,97,29,118,43,72,130,55,42,2,45,90,37,96,98,46,116,0,127,73,31,12,125,48,27,18,13,74,20,121,112,89,76,58,133,21,36,102,41,5,124,56,57,117,99,129,77,131,84,111,62,114,69,8,132,135,109,35,100,33,9,80,50,11,32,85,101,108,17,105,119,6,4,67,88,63,7,14,79,91,103,34,44,128,86,107,53,19,113,47,3,26,66,95,65,30,16,38,39,115,94,60,75,123,82,23,52,70,126,61,83,22,92,15,71,28,81,122,59,51
4,5
27,94,124,31,75,24,106,67,48,98,119,72,54,118,78,5,53,39,109,2,113,55,63,108,92,89,36,88,104,74,64,99,13,123,121,16,12,1,15,44,42,23,126,93,73,96,129,95,43,52,35,26,17,68,22,70,131,56,91,29,79,59,47,25,82,84,85,80,117,102,101,105,71,111,7,38,97,0,115,10,58,128,33,18,9,83,50,37,107,76,28,134,46,61,110,86,49,6,122,20,8,77,60,81,34,87,41,120,103,116,66,14,4,40,45,112,127,132,114,3,100,90,11,130,69,133,135,30,65,19,32,57,125,51,62,21
4,5
75,116,102,104,129,36,17,112,42,55,72,97,108,65,47,95,2,10,68,76,123,66,114,81,3,56,109,98,107,135,110,46,26,14,106,57,80,31,132,82,40,0,33,9,50,19,117,5,128,91,93,88,78,25,35,121,99,89,16,22,122,96,101,63,62,39,53,23,105,84,44,8,87,134,34,24,48,69,71,100,125,20,126,83,11,118,32,127,119,67,86,1,27,59,64,133,94,73,30,120,130,15,60,4,6,61,70,51,113,79,49,85,12,45,92,29,111,124,54,103,13,52,38,115,18,90,58,43,21,77,41,7,74,28,131,37
2,2
15,90,121,55,68,77,31,63,72,41,116,104,109,89,11,95,0,86,4,114,135,120,101,70,92,69,91,74,82,34,6,97,10,108,59,99,88,45,124,80,56,73,52,131,37,43,25,117,58,84,98,103,111,19,32,50,75,134,27,123,132,113,47,20,60,17,85,3,83,30,7,9,36,64,61,107,14,115,118,23,100,8,44,22,102,96,93,65,112,29,35,62,133,106,119,126,33,46,105,53,42,67,129,130,48,76,110,1,21,127,51,128,16,12,57,2,28,79,125,54,122,5,87,13,18,26,38,49,81,71,39,78,24,66,94,40
1,6
70,10,54,121,61,120,73,22,0,47,80,26,1,93,43,37,38,24,2,74,20,105,101,65,109,94,122,107,16,116,90,78,52,35,63,62,12,76,103,18,40,9,44,28,53,92,66,123,72,118,83,75,71,131,97,36,127,104,59,58,129,64,106,17,57,45,133,79,77,14,113,30,99,110,88,29,13,125,39,19,84,27,124,46,5,128,32,50,33,112,100,41,42,15,82,126,55,69,132,119,95,68,86,87,4,91,108,117,31,102,49,7,98,51,114,134,81,48,21,85,135,6,67,25,34,60,23,96,130,56,89,111,8,11,3,115
6,4
77,93,5,24,131,2,135,42,117,106,81,127,49,79,47,129,31,13,102,10,109,90,84,82,15,87,132,130,134,98,44,6,8,62,61,17,91,68,34,107,37,63,72,69,55,16,108,110,114,96,39,100,43,52,125,97,133,103,115,58,30,92,12,80,89,46,88,71,35,116,124,73,51,104,19,67,118,21,57,41,36,99,123,95,85,50,22,27,3,122,20,112,64,11,1,119,7,38,53,113,94,128,66,101,105,40,120,32,23,54,121,111,59,26,74,33,4,0,9,14,70,75,48,126,78,29,45,60,18,25,56,76,86,83,65,28
4,4
14,12,57,74,34,119,87,46,113,132,51,37,98,125,86,27,18,131,79,71,88,3,66,121,16,77,9,109,22,15,130,10,89,13,63,114,85,52,40,19,94,5,47,128,81,60,100,0,32,24,75,103,7,30,48,78,1,39,55,108,61,54,101,50,38,90,29,36,105,107,120,58,102,82,134,44,25,133,65,112,31,20,95,41,69,72,64,124,118,111,122,42,106,43,76,49,4,8,110,17,23,91,123,97,6,70,80,73,56,28,2,104,129,115,11,67,59,92,83,45,127,99,35,62,117,33,126,96,53,116,26,84,93,68,135,21
5,4
16,13,1,89,78,25,75,28,81,83,42,103,66,91,41,18,53,45,135,4,104,126,118,35,21,93,121,110,85,84,87,26,43,82,17,33,37,0,119,112,22,5,59,73,95,74,2,48,134,120,108,65,51,96,130,27,15,63,11,132,14,129,90,80,127,6,47,133,71,100,70,98,64,79,19,101,72,55,61,31,94,39,23,122,30,7,20,60,123,9,56,49,57,115,12,36,50,113,69,114,97,52,107,10,29,76,38,125,62,24,32,105,34,88,68,92,124,111,54,44,3,67,116,46,99,77,106,128,102,109,40,117,8,86,131,58
4,2
56,121,63,39,87,92,110,34,77,104,99,113,80,50,85,2,101,132,112,103,22,95,12,7,89,44,51,86,26,0,84,75,116,13,94,108,97,6,45,88,70,96,18,41,125,111,14,79,119,20,109,123,23,83,76,27,66,52,43,59,67,73,68,3,134,48,38,124,127,91,131,122,93,32,57,8,64,47,106,69,120,24,42,102,117,105,128,74,100,46,98,37,31,71,65,53,19,4,62,1,135,114,5,58,15,33,29,133,28,36,40,17,78,81,90,21,25,16,55,54,115,30,118,10,82,126,11,9,129,61,72,49,35,107,60,130
1,5
104,131,95,75,15,103,121,84,126,117,31,53,70,77,9,44,12,105,74,135,112,14,80,64,41,67,57,5,113,107,55,27,52,90,128,63,92,114,88,71,124,25,120,43,37,46,122,58,123,76,24,100,78,87,10,38,127,65,61,134,72,22,56,115,97,110,0,119,51,68,96,30,132,118,45,18,129,94,130,73,28,23,50,36,17,40,86,7,4,32,66,3,42,133,85,83,60,20,54,99,111,33,98,116,1,35,109,48,101,69,13,47,49,102,21,125,39,106,91,93,62,8,6,82,16,29,2,26,59,108,79,81,89,19,34,11
2,6
127,116,10,91,64,110,98,47,13,80,118,67,24,88,101,15,19,31,37,100,119,62,89,72,85,25,128,46,135,18,2,27,63,107,103,71,114,106,35,21,1,38,3,120,130,87,39,73,55,7,28,94,44,84,29,14,115,34,26,69,122,53,123,81,82,96,97,11,36,30,86,121,59,45,5,32,117,112,105,125,16,77,50,52,66,124,111,79,12,8,56,95,68,74,61,51,43,49,4,41,70,0,57,58,132,134,23,75,54,104,22,102,90,133,40,6,33,129,109,113,42,9,76,78,20,48,60,92,83,17,93,65,126,131,99,108
5,2
120,134,11,33,54,96,14,117,45,118,17,40,56,131,29,53,42,50,74,2,64,66,95,55,116,21,16,123,23,114,20,107,57,132,69,84,81,62,18,34,30,5,103,125,94,83,77,15,39,52,82,115,46,58,119,90,41,25,121,0,4,111,75,112,92,71,31,102,106,86,26,91,9,97,101,59,51,128,7,19,110,12,88,72,124,98,8,85,48,6,35,104,70,37,3,76,68,135,93,63,78,28,80,87,32,108,43,105,1,73,67,129,44,122,133,24,60,27,127,89,13,61,99,113,79,49,100,65,22,47,109,10,38,130,36,126
4,2
61,55,50,86,93,31,62,104,109,79,111,1,4,85,32,123,57,100,124,19,84,23,44,88,75,68,30,74,71,126,127,54,46,97,25,92,103,7,43,60,8,29,47,91,119,10,51,59,133,6,113,3,110,67,99,64,27,24,18,52,73,76,21,41,39,15,72,69,22,98,58,12,87,135,95,13,125,131,106,16,26,90,129,107,78,116,5,20,38,48,89,34,63,128,108,11,70,9,102,17,45,81,112,117,120,42,53,80,77,36,101,122,0,37,49,65,121,2,33,83,40,28,14,118,134,82,105,66,96,115,94,35,114,132,56,130
5,4
86,69,93,63,48,130,98,101,110,38,4,18,27,9,14,73,30,62,111,12,85,19,45,46,42,117,47,104,127,54,97,81,99,39,52,17,1,100,35,84,41,94,134,79,44,67,25,131,113,91,119,107,78,16,123,125,0,26,90,120,20,29,36,59,53,15,88,3,80,28,75,71,49,124,64,114,133,112,96,21,95,115,72,89,66,57,8,108,65,68,135,50,60,43,118,129,128,40,23,51,121,56,82,74,126,31,34,116,122,61,10,102,77,76,22,7,70,109,105,13,6,11,106,5,103,83,87,132,32,92,24,55,58,37,33,2
3,6
81,8,45,117,59,82,127,104,47,15,25,84,62,37,129,87,105,53,126,63,30,44,27,73,77,113,29,42,91,19,11,80,12,34,36,68,22,135,92,78,128,119,94,4,134,133,130,38,76,89,110,98,131,106,21,54,58,86,32,109,108,70,57,64,17,97,132,1,124,93,96,100,121,16,123,43,101,14,26,10,114,85,18,35,118,5,65,51,24,13,102,23,83,50,6,40,41,28,31,88,9,103,52,33,20,75,125,55,48,49,95,46,2,90,107,115,7,61,116,66,67,56,0,112,60,69,71,99,74,111,120,122,3,39,72,79
1,6
