91,77,126,114,33,97,106,20,122,30,112,12,65,11,43,45,101,95,56,55,71,135,35,32,82,92,109,123,46,113,28,124,73,57,117,60,29,96,59,104,3,89,75,88,102,108,19,7,133,21,84,6,78,125,83,4,22,25,44,51,17,47,131,72,36,103,9,76,120,86,27,0,67,110,105,118,54,130,23,134,58,16,99,64,66,48,61,13,90,111,119,87,69,40,34,132,1,85,18,24,31,41,70,42,10,127,37,8,81,80,128,68,39,5,26,115,15,50,79,94,98,93,52,62,100,116,49,74,53,2,121,129,107,38,14,63
2,5
38,91,15,37,40,77,36,113,129,69,6,72,108,95,130,124,23,52,73,63,66,62,99,60,107,115,109,67,92,128,65,82,118,93,42,111,68,12,7,34,46,105,85,48,56,19,18,22,120,87,106,3,35,53,55,114,119,11,135,58,1,126,57,100,74,43,101,10,2,112,16,4,102,39,78,76,117,110,45,8,59,88,33,5,125,29,13,41,84,17,28,21,75,47,0,103,14,133,64,49,90,79,94,122,24,89,54,127,44,83,50,30,80,121,27,25,31,132,20,26,9,61,116,104,81,70,32,134,71,98,131,86,123,96,51,97
1,5
73,52,1,114,79,58,103,117,32,50,78,6,21,53,49,59,68,5,116,16,54,35,48,102,37,64,131,118,36,46,74,113,15,12,97,31,87,7,38,17,129,95,20,34,0,86,82,93,11,33,110,25,115,4,121,40,29,124,63,127,130,62,30,65,14,94,61,44,84,91,66,9,107,104,26,101,39,126,111,83,109,108,56,105,119,77,3,55,69,47,85,10,51,112,106,122,96,120,132,60,2,88,99,8,89,70,125,13,134,71,72,81,98,67,128,41,27,28,23,135,43,18,19,75,42,24,92,57,80,123,133,76,45,90,22,100
3,3
53,93,121,90,127,59,35,68,58,134,133,92,85,56,39,113,3,77,60,57,101,0,115,112,107,75,120,52,108,66,45,33,130,46,19,102,7,118,23,132,47,21,31,61,16,51,8,32,94,50,86,4,69,54,110,78,97,1,73,43,22,18,44,84,29,88,106,87,105,124,83,63,111,129,128,36,135,55,109,104,49,25,100,103,67,79,15,123,116,89,6,11,64,14,12,119,126,91,62,40,24,48,74,114,131,65,30,80,82,28,71,41,76,26,125,20,5,38,2,95,9,42,13,27,34,17,98,81,96,70,117,99,72,122,37,10
5,3
104,33,66,58,117,65,100,111,129,60,81,98,116,9,36,8,121,112,82,96,38,55,34,52,27,24,122,45,26,63,47,39,44,40,67,48,51,4,102,114,11,119,103,57,31,30,110,1,16,125,90,94,91,89,13,32,68,105,124,19,2,120,77,71,42,130,29,23,87,18,6,64,97,83,21,132,127,25,123,95,79,7,0,3,22,50,35,76,133,106,10,93,5,118,108,17,92,126,107,20,53,109,78,74,70,61,84,12,86,28,75,62,113,135,88,73,131,46,115,101,56,43,37,69,15,99,85,72,41,54,14,59,80,49,128,134
1,6
115,6,114,108,103,129,81,107,119,105,54,127,15,118,96,133,75,100,65,45,89,69,13,63,132,64,79,61,87,66,2,5,97,32,31,41,117,19,90,24,49,112,10,23,124,98,120,92,46,128,11,0,22,131,95,116,73,50,35,26,3,84,122,47,134,109,121,82,39,77,93,1,88,4,16,67,18,110,126,78,130,106,80,44,12,94,62,104,43,8,37,48,36,34,27,33,125,68,74,60,86,101,20,102,58,42,17,123,55,59,38,56,30,91,76,135,7,72,9,57,21,113,99,52,53,14,111,29,28,83,51,40,25,71,85,70
4,3
16,21,101,103,118,17,35,71,18,93,58,23,57,95,56,50,24,3,106,6,119,94,135,19,53,90,55,105,61,124,54,99,110,76,102,104,91,113,9,33,74,0,47,29,96,38,88,7,40,131,121,46,13,134,69,100,98,27,42,130,82,80,60,127,68,10,62,117,111,30,129,70,22,28,126,25,116,5,107,85,86,31,12,15,97,66,125,83,14,64,75,51,114,87,122,78,81,128,79,26,48,84,34,67,45,41,73,108,36,89,32,1,133,115,132,123,59,77,72,112,120,8,44,49,20,37,39,52,109,63,4,43,92,11,65,2
6,2
42,48,30,63,46,92,107,108,76,51,66,50,119,117,131,105,96,101,34,43,9,36,19,127,60,58,106,121,26,132,88,29,110,113,135,122,45,126,7,37,1,86,87,10,28,17,118,91,97,27,123,35,116,13,125,0,23,57,134,80,114,15,93,25,40,133,32,83,71,2,16,89,85,124,8,111,68,39,104,62,6,77,53,98,81,73,38,70,65,61,52,82,129,128,18,22,59,64,14,4,24,79,120,41,3,21,67,49,47,112,12,78,75,94,74,100,55,130,54,109,33,84,103,95,5,99,102,20,56,11,90,72,69,44,115,31
5,3
8,10,75,132,108,100,116,34,22,57,65,93,27,129,112,48,31,35,69,80,131,26,18,76,13,118,0,32,123,28,15,114,17,39,53,67,11,128,113,124,111,1,90,45,99,2,91,84,88,134,87,70,71,98,16,62,58,42,51,106,54,115,103,50,43,12,94,74,130,46,109,14,19,23,63,86,73,119,6,89,122,83,97,56,4,66,127,40,37,79,38,104,126,21,55,125,64,24,30,49,95,3,117,133,68,29,102,47,85,5,61,9,41,92,20,52,107,121,44,72,101,110,105,59,33,96,7,36,135,120,78,81,60,77,25,82
4,5
17,18,89,5,59,92,74,33,65,99,20,75,105,82,14,121,85,119,134,3,56,106,100,52,9,15,124,8,50,68,115,37,25,21,35,86,132,46,90,39,135,118,23,102,128,12,40,104,83,45,66,109,4,94,91,27,31,24,97,42,110,22,30,77,80,114,61,120,112,36,64,71,63,13,7,2,87,67,51,129,117,79,107,76,95,28,130,116,16,98,133,108,101,113,10,84,96,93,57,48,131,6,78,103,38,49,26,58,32,11,34,126,69,47,53,19,44,122,60,88,1,41,70,72,127,43,0,29,111,54,125,73,55,81,62,123
5,6
19,104,102,55,10,8,94,64,30,39,91,108,65,72,13,45,87,28,41,56,129,109,74,25,105,12,84,131,50,61,14,96,53,23,82,90,86,133,112,15,31,1,92,6,4,99,127,121,40,101,22,134,93,52,128,85,66,80,17,98,118,106,33,47,37,73,132,97,5,29,120,27,3,7,76,26,35,130,54,2,36,46,75,67,57,126,60,9,49,135,21,32,51,38,89,116,111,81,63,125,43,0,124,78,59,24,58,123,79,103,44,77,18,110,16,117,88,115,48,69,62,71,113,70,68,119,42,107,100,83,114,95,20,122,11,34
5,6
76,39,101,43,94,7,114,48,57,50,34,72,113,27,112,8,96,125,73,100,85,59,20,58,83,110,12,122,82,86,37,128,80,15,46,5,75,28,95,129,92,81,84,53,41,132,99,25,108,60,32,35,121,88,42,63,135,18,78,102,134,67,68,106,54,117,14,70,19,90,40,62,97,120,69,66,111,77,107,55,24,26,61,64,6,133,103,127,47,17,74,98,65,30,87,36,38,3,9,0,45,11,52,22,93,104,44,49,13,4,33,21,1,89,105,79,115,123,56,23,130,116,2,118,31,51,29,10,91,109,124,71,119,126,131,16
3,5
18,71,124,97,62,51,54,78,41,40,30,123,86,98,129,110,28,100,27,61,87,45,46,79,60,12,4,116,83,101,96,36,42,22,65,19,37,64,52,5,59,134,72,120,3,112,82,81,103,108,57,26,107,102,117,32,69,131,92,58,133,76,33,90,85,56,9,128,16,118,114,104,8,122,67,63,55,91,119,132,49,7,39,1,29,17,105,2,23,34,74,66,88,48,50,94,113,68,53,77,0,99,126,43,80,11,84,14,106,13,35,20,93,89,47,21,31,121,70,115,38,44,95,75,10,127,73,130,15,109,111,135,6,24,125,25
5,1
41,60,37,64,2,94,22,13,70,50,21,8,116,115,87,90,54,25,82,3,14,31,17,42,76,100,52,67,58,45,119,98,118,6,56,43,48,95,30,101,55,0,73,114,96,80,107,99,7,103,35,91,5,130,46,134,10,32,11,89,132,93,133,78,121,59,117,131,123,127,75,124,79,12,108,105,27,9,135,72,38,61,112,65,51,106,85,88,69,44,74,33,36,77,28,20,110,120,23,29,128,129,47,125,57,15,18,71,126,26,83,66,53,34,62,1,102,104,16,49,84,81,4,122,39,19,86,63,111,40,97,109,24,68,113,92
5,2
27,37,40,107,51,121,28,86,39,104,117,97,88,72,4,90,8,36,73,13,57,26,101,99,54,64,105,38,110,48,56,106,120,42,61,118,95,55,124,52,46,111,63,30,125,50,129,6,24,3,23,131,20,45,80,71,108,82,103,91,74,116,122,114,70,135,7,76,78,102,34,94,10,123,100,31,69,87,77,16,44,112,126,60,83,133,85,81,113,43,5,35,49,115,132,29,19,32,12,98,18,59,79,62,11,47,1,9,84,89,17,130,2,93,75,92,109,0,58,119,65,53,33,41,128,14,68,96,15,134,25,22,21,127,66,67
3,4
1,119,72,82,8,41,120,15,124,24,100,4,65,70,48,16,3,56,32,87,108,18,114,20,101,46,84,27,69,106,12,68,22,128,61,125,109,44,11,123,130,97,134,54,94,93,121,59,38,91,74,117,67,28,50,9,92,53,102,66,89,132,126,34,29,57,40,76,103,77,37,39,10,80,58,51,118,71,107,116,63,111,62,43,52,23,6,17,135,96,127,33,112,19,30,73,78,81,88,0,115,5,95,7,113,75,35,36,55,98,47,45,86,122,2,60,99,26,110,64,90,25,131,31,83,129,133,13,85,49,42,104,21,79,14,105
3,4
29,51,125,69,1,17,109,68,20,36,97,135,31,16,10,78,15,35,19,76,60,43,124,85,65,57,108,83,128,130,87,59,61,58,84,101,90,71,5,34,115,94,70,106,8,45,46,37,131,48,127,133,113,91,0,23,28,72,80,77,82,81,117,41,42,54,62,74,129,123,50,14,89,95,52,11,33,22,103,100,64,112,102,38,3,116,49,86,79,39,134,9,99,96,75,111,47,120,114,118,27,107,132,21,53,6,126,30,67,98,110,4,7,26,55,105,119,25,13,2,88,63,12,44,73,18,121,92,24,122,93,32,40,104,66,56
3,4
68,58,135,10,107,9,126,15,35,24,110,61,7,27,86,98,1,124,45,118,85,37,29,79,127,131,128,3,130,105,133,76,121,125,32,55,16,17,44,123,62,73,38,65,89,19,84,97,111,114,23,70,52,11,39,117,69,43,50,60,71,77,40,57,100,48,88,34,14,36,20,5,75,0,64,94,83,13,42,54,2,41,115,28,134,49,81,91,78,132,90,113,108,6,119,106,8,120,30,82,80,92,99,102,12,46,25,93,47,18,101,129,21,116,103,22,67,66,33,56,59,53,95,96,112,31,26,87,51,63,104,109,4,122,74,72
4,4
43,29,11,48,32,75,28,78,19,88,91,60,108,119,121,38,122,54,34,52,105,124,14,45,116,68,123,125,127,102,5,98,65,18,49,87,76,99,117,20,36,133,24,62,72,23,93,1,7,0,2,128,106,33,9,31,74,64,35,4,113,83,130,132,17,115,92,110,41,27,66,3,39,57,103,12,42,56,89,16,134,61,37,59,10,112,63,51,84,40,129,46,53,107,73,58,44,25,135,21,22,94,30,86,118,47,67,85,71,126,8,6,13,109,120,80,15,50,55,26,97,81,96,104,82,100,101,95,131,79,69,70,114,77,111,90
4,4
2,71,6,114,135,86,63,101,134,102,16,120,38,5,54,0,97,4,79,76,94,83,41,42,25,55,109,125,73,103,118,44,111,104,93,33,84,85,113,29,46,124,23,68,36,80,107,119,126,129,61,37,49,70,53,17,122,74,82,50,98,115,35,87,69,34,108,77,78,65,60,58,100,27,57,12,106,99,130,8,75,19,127,90,15,10,96,43,133,21,11,1,92,95,40,28,131,9,56,14,31,105,132,67,112,20,45,52,48,121,110,30,22,51,66,32,13,64,59,39,81,26,24,72,62,7,123,88,91,89,116,117,47,128,18,3
3,6
76,37,135,115,100,64,53,84,47,92,86,14,8,122,4,5,43,130,17,1,10,80,46,95,26,41,29,96,75,52,3,42,12,126,121,104,87,83,107,125,127,2,49,13,105,131,78,39,60,23,40,117,70,33,11,65,132,82,134,114,89,73,18,106,56,15,103,20,101,123,50,62,0,133,55,22,44,91,51,79,81,45,24,110,54,27,34,31,6,93,36,108,58,67,85,119,88,112,61,99,28,113,30,118,72,69,98,71,35,66,38,94,9,16,111,21,116,109,102,77,124,19,97,120,129,25,90,59,63,48,32,128,57,68,7,74
1,3
110,133,113,104,20,59,5,25,135,11,87,10,101,92,95,2,114,97,33,100,111,51,120,85,9,121,112,7,35,8,15,40,55,117,24,19,108,6,45,65,58,50,122,46,93,12,32,22,119,79,115,81,107,78,34,41,129,116,63,83,124,52,102,72,38,30,4,75,99,68,61,84,64,3,74,43,94,49,132,76,21,109,128,96,60,39,28,57,131,88,67,118,69,82,134,23,26,44,56,62,42,47,14,73,77,16,127,31,66,29,18,126,48,1,89,53,70,106,123,27,90,54,0,80,103,125,98,36,86,17,91,13,105,37,71,130
3,2
21,98,121,120,128,100,92,1,125,81,66,28,14,65,95,6,47,127,27,132,37,7,130,113,44,124,76,20,43,72,119,36,84,91,133,116,9,104,10,41,29,103,34,32,110,30,62,60,57,105,96,46,70,67,79,85,22,71,80,97,108,12,8,15,48,11,93,83,5,25,63,123,42,102,26,40,58,55,126,54,107,111,73,99,122,88,115,90,69,78,75,18,2,38,19,0,68,129,16,135,118,59,45,39,106,82,33,114,74,109,50,31,86,87,52,53,56,64,51,101,3,61,4,77,131,134,24,23,89,17,13,94,49,35,117,112
5,1
110,115,53,0,3,63,17,35,71,91,55,66,89,81,45,31,65,50,58,130,98,76,1,134,30,90,126,24,106,112,80,27,21,46,57,69,28,120,47,26,132,94,62,12,100,16,86,113,60,34,7,11,40,82,18,36,48,119,29,67,101,131,97,75,14,128,116,74,22,87,33,88,20,64,118,59,9,68,39,51,56,125,72,38,133,103,41,92,117,2,96,124,111,8,25,42,105,95,85,84,70,5,77,104,79,93,109,122,83,61,108,121,23,52,54,135,32,6,4,123,129,49,107,37,44,15,43,10,127,102,114,19,99,78,73,13
6,4
1,84,82,91,135,10,65,0,98,58,92,54,14,31,117,55,88,130,77,23,113,38,85,25,99,61,71,111,21,48,105,76,69,34,49,13,46,74,121,5,102,2,96,114,68,112,47,89,8,106,33,27,66,104,103,45,126,42,108,53,133,87,120,118,57,129,50,75,119,22,78,29,15,51,115,35,101,124,20,60,109,125,70,36,30,19,7,17,41,134,132,52,4,110,83,123,86,26,122,37,100,12,11,28,81,62,56,116,9,127,95,67,97,90,131,59,3,16,32,64,39,44,18,6,94,43,73,93,80,24,72,107,63,40,128,79
6,1
108,102,70,56,16,45,115,92,57,125,117,88,93,135,11,81,98,79,85,44,29,130,46,80,36,77,17,13,99,24,84,107,109,64,86,67,87,31,116,73,18,4,39,74,134,28,21,119,3,132,78,48,43,113,114,42,15,6,54,123,127,63,12,35,112,94,62,61,53,19,103,111,100,10,101,126,68,128,129,8,122,118,72,60,121,47,124,110,90,104,49,5,120,71,30,131,55,52,75,41,50,20,91,59,76,38,23,32,51,97,95,83,34,37,133,96,106,2,33,9,7,1,27,40,69,66,65,26,105,89,0,58,22,14,82,25
1,3
128,115,17,16,38,43,33,129,101,96,40,19,48,6,1,127,37,41,26,81,82,21,125,59,62,126,13,42,117,45,11,71,88,50,118,57,32,132,39,92,24,47,111,90,89,3,112,34,54,20,10,75,63,108,109,29,95,30,55,27,23,49,123,73,103,130,22,67,77,80,84,74,46,69,104,87,52,12,83,93,107,116,85,70,51,86,76,79,100,134,78,94,35,9,58,18,36,131,14,99,135,53,0,120,66,121,8,7,91,5,65,114,119,106,25,4,2,97,124,98,72,133,61,44,28,31,15,122,64,102,105,60,68,56,113,110
1,3
89,5,65,112,67,56,119,126,63,75,64,69,105,51,36,42,39,17,61,47,116,28,44,70,35,58,90,10,23,77,3,92,124,96,81,37,52,80,111,2,59,103,109,46,0,94,104,101,114,84,45,57,27,18,8,123,53,134,97,33,21,4,98,1,55,86,108,13,48,115,132,83,82,110,120,121,11,107,91,71,99,49,125,31,73,41,88,40,100,95,62,26,29,76,85,7,50,93,25,87,78,135,12,122,14,6,54,66,79,43,102,19,128,20,113,133,106,38,129,74,117,72,24,60,16,118,15,9,32,131,22,130,34,30,68,127
1,1
68,16,102,75,74,71,20,90,43,31,53,52,121,76,45,63,70,118,26,40,111,109,33,79,44,107,4,104,105,17,39,48,27,92,110,126,41,25,127,91,47,8,123,5,108,73,46,124,32,96,116,30,24,98,135,67,10,100,78,119,58,65,0,99,13,19,7,125,106,36,59,28,93,72,61,87,2,129,112,29,42,1,114,54,60,66,64,81,57,94,85,23,84,131,133,88,9,122,22,6,38,101,113,120,115,11,62,69,56,50,51,89,34,3,97,82,49,132,21,130,35,86,12,103,83,128,55,37,77,18,15,117,14,95,134,80
6,4
36,37,46,73,79,69,93,77,50,90,129,121,116,110,108,113,71,27,96,91,120,28,30,45,7,112,47,131,72,66,14,9,70,17,49,130,63,34,87,44,58,3,29,105,20,134,94,55,0,81,125,99,95,107,82,4,85,38,106,26,102,32,83,117,1,10,128,100,59,60,89,42,5,52,74,68,2,101,67,84,13,12,15,124,21,40,111,61,123,92,86,126,19,64,6,133,115,88,41,57,76,78,80,114,23,31,39,97,75,65,118,25,33,22,8,16,18,98,24,11,48,54,109,35,127,135,104,43,51,132,119,103,53,122,56,62
5,4
92,45,75,116,8,18,29,106,35,108,41,0,122,32,39,98,13,19,79,65,109,66,125,56,118,34,100,46,105,42,17,9,96,1,64,135,40,47,53,97,110,91,20,127,134,99,89,132,71,76,126,6,57,115,7,43,72,107,52,124,31,24,59,67,54,117,121,5,95,12,123,33,28,16,60,104,10,58,128,101,87,23,44,81,120,73,55,86,11,50,111,130,113,103,77,68,114,61,14,129,112,21,83,80,133,62,90,25,102,4,119,49,48,74,82,15,26,88,37,84,70,51,30,63,69,93,2,27,36,3,131,94,22,78,85,38
5,4
20,109,80,2,88,13,64,62,124,74,129,98,15,86,133,96,55,52,121,60,24,4,132,1,40,81,77,126,29,89,104,106,131,67,118,83,117,63,130,51,76,18,42,5,78,122,3,125,114,31,10,69,127,21,17,16,35,32,23,87,113,34,66,79,49,33,8,120,116,37,46,135,71,100,70,65,90,103,28,0,11,72,97,61,58,45,36,39,111,50,41,110,93,94,59,68,112,84,19,38,22,82,128,30,6,27,43,56,85,12,26,75,115,44,101,91,123,48,134,9,99,107,105,57,7,53,47,92,108,25,14,119,95,73,102,54
3,5
134,121,67,78,119,6,43,90,69,74,102,99,3,15,51,31,46,118,82,116,8,71,41,83,70,91,108,68,132,81,127,76,48,35,30,11,9,112,92,129,25,124,79,18,95,117,42,100,113,120,114,2,57,98,115,105,72,36,16,109,96,12,0,14,103,75,122,61,1,32,106,111,77,97,86,85,34,28,128,133,50,131,7,13,89,53,123,5,29,52,44,66,26,45,73,19,17,94,21,84,65,125,27,55,59,101,93,40,87,110,64,23,38,10,39,47,62,130,135,49,22,126,58,88,104,56,107,60,37,33,24,63,54,80,20,4
2,2
2,95,37,67,98,34,35,49,106,133,26,24,45,79,80,14,88,120,57,18,8,69,134,77,84,87,130,63,122,135,40,16,91,111,17,60,56,19,100,39,46,124,54,93,68,113,10,110,81,31,11,94,112,30,15,117,129,109,12,99,74,103,43,52,116,118,85,50,1,125,7,70,115,121,27,128,28,25,41,29,92,126,73,32,107,96,82,51,76,66,65,72,86,119,53,102,33,132,44,21,48,90,55,38,0,131,20,9,23,3,83,75,71,4,105,108,13,5,127,104,101,58,89,61,64,62,22,97,42,47,123,114,78,59,36,6
5,6
87,70,1,135,30,21,80,29,74,121,96,46,32,34,92,91,98,56,27,4,104,14,89,12,7,127,124,129,106,64,6,54,19,48,77,49,65,61,100,8,67,13,10,99,83,130,51,0,37,85,60,18,115,126,9,45,11,47,94,133,110,107,116,125,3,95,109,63,57,76,42,59,84,69,71,41,35,122,23,78,17,103,72,16,75,15,93,120,43,114,28,86,39,50,20,53,90,131,25,97,26,128,132,24,79,33,88,82,66,108,73,102,40,52,111,55,58,36,62,105,38,134,31,22,68,44,5,2,117,119,118,81,112,113,101,123
1,1
20,30,124,104,11,15,25,13,73,120,67,65,102,22,91,88,108,34,68,53,97,56,81,103,24,116,7,74,9,125,52,93,80,63,6,64,50,26,79,45,95,109,51,0,77,71,32,70,44,47,62,107,126,112,5,29,33,82,106,12,121,42,89,101,10,54,133,127,41,43,110,38,122,1,134,131,123,111,39,87,46,86,117,100,115,21,23,60,55,135,37,2,84,17,61,69,14,92,48,66,129,114,16,90,99,118,27,72,49,94,4,98,57,130,132,36,78,40,75,18,8,96,3,128,28,76,19,83,113,119,105,35,58,85,31,59
6,4
22,72,103,30,118,135,108,119,37,28,133,66,90,94,62,67,56,115,126,3,61,1,89,85,24,20,121,106,127,97,63,38,44,123,2,112,113,109,134,4,12,79,8,82,122,33,80,21,98,68,17,131,78,83,73,132,95,74,35,71,84,92,0,43,52,39,117,120,9,77,51,114,36,47,34,31,128,27,45,107,88,40,16,29,101,76,104,53,10,41,14,96,111,18,129,5,58,99,23,75,102,25,125,81,15,48,93,54,46,116,26,105,69,49,7,87,60,86,65,91,42,59,110,57,32,100,6,64,124,55,130,50,13,19,70,11
6,2
101,54,88,106,81,44,55,75,28,49,78,129,23,42,45,52,8,13,62,131,118,66,126,46,73,33,25,18,94,111,17,50,27,116,10,56,70,32,7,96,125,57,98,37,85,76,12,6,134,36,31,135,122,115,119,124,84,65,109,90,39,9,1,71,14,30,22,53,132,127,107,105,86,72,58,38,4,92,19,11,26,133,93,114,63,3,51,123,20,97,64,15,68,89,59,0,60,110,108,67,29,43,121,100,82,103,112,74,128,35,2,79,40,83,61,21,102,47,99,16,120,130,80,77,5,117,87,113,24,104,34,69,48,91,95,41
6,2
118,20,25,51,1,86,83,11,48,96,4,61,120,67,39,68,90,52,130,29,33,17,27,76,8,38,112,22,66,111,59,65,101,9,13,103,31,64,70,6,95,99,2,127,7,114,53,108,109,50,134,107,106,79,131,62,97,15,110,116,105,43,18,100,126,56,34,102,121,119,5,113,82,85,16,89,78,60,84,123,133,49,132,41,24,92,128,81,75,42,91,30,88,58,74,117,45,80,10,55,54,115,124,72,26,44,12,94,32,28,23,71,57,21,35,93,73,98,69,47,40,87,14,46,135,104,37,19,3,0,129,77,125,63,36,122
2,4
61,114,59,119,74,34,54,68,36,7,81,76,55,121,48,112,85,32,101,80,130,102,133,77,25,23,51,96,24,75,129,82,15,52,30,93,37,117,108,83,38,33,9,3,0,18,27,79,95,4,44,45,118,8,105,90,115,70,60,100,42,84,107,31,65,17,106,88,11,124,66,20,132,12,19,43,35,5,99,16,131,62,94,1,126,13,26,125,63,78,86,109,98,41,64,97,56,67,29,21,28,123,2,49,103,135,14,58,22,6,73,87,53,91,113,111,39,92,127,71,122,110,47,10,120,116,128,69,104,57,134,72,89,40,46,50
2,5
99,23,100,117,67,131,39,17,87,55,85,28,119,58,3,70,26,132,33,30,83,48,123,106,21,16,114,92,128,50,57,51,129,107,40,31,135,18,90,81,84,12,94,79,24,68,95,77,115,76,44,4,71,8,69,111,74,27,20,34,121,80,7,72,25,13,36,9,32,89,19,88,110,0,126,86,53,63,130,102,109,10,103,60,78,75,108,93,105,42,59,127,6,82,104,41,22,45,98,46,124,116,101,54,73,66,5,43,125,97,113,2,52,134,122,38,56,29,1,64,120,62,15,37,14,35,49,47,61,65,133,118,96,91,112,11
3,4
102,43,24,45,41,57,125,99,58,127,3,90,0,89,72,67,114,50,13,63,98,17,53,101,86,15,135,49,105,87,68,113,33,133,22,107,10,38,34,29,96,2,115,11,35,61,94,66,56,32,82,84,12,74,129,77,39,85,27,80,95,64,48,70,55,23,132,83,59,120,31,117,54,18,44,5,134,91,8,71,1,73,40,69,108,6,62,46,79,16,37,92,65,7,112,26,75,47,81,124,103,52,78,100,116,121,76,51,122,20,21,131,19,126,9,110,28,88,36,128,25,104,93,60,118,109,14,97,130,123,42,111,119,4,106,30
1,2
83,21,10,110,114,108,122,24,129,35,133,41,124,59,77,111,95,90,130,106,11,120,23,91,88,97,40,75,70,19,12,71,52,115,68,74,27,132,14,65,39,99,57,36,72,44,47,81,56,15,134,107,26,30,63,51,87,98,102,100,42,7,94,62,66,4,34,18,49,109,73,9,112,25,54,2,121,131,84,31,5,126,118,79,125,38,80,32,22,113,116,101,92,29,76,0,1,123,53,61,6,28,37,82,3,13,105,45,128,58,64,50,60,127,104,20,17,117,8,119,16,48,46,85,78,89,135,96,86,103,55,69,67,33,93,43
2,2
41,25,97,109,52,82,35,71,64,93,94,128,11,99,20,135,59,80,102,131,125,70,15,119,18,122,77,23,54,60,110,72,118,74,33,26,132,21,108,0,42,48,120,22,133,76,53,112,92,68,86,129,5,3,124,83,106,56,27,113,37,51,79,85,87,32,62,98,78,58,104,95,13,40,24,115,45,65,127,63,103,30,121,75,90,130,44,81,111,36,89,28,100,29,101,134,46,1,6,14,114,67,105,17,12,39,43,66,96,10,61,88,31,50,2,84,4,57,49,8,47,117,19,116,55,107,9,16,69,91,126,34,123,7,73,38
1,4
134,107,105,3,82,133,117,16,40,30,63,81,123,97,92,52,28,59,57,125,12,104,112,39,119,42,130,73,110,86,77,17,99,116,96,115,68,129,75,60,55,100,72,93,2,80,43,118,24,22,44,33,95,53,87,29,90,101,71,94,27,34,85,74,64,51,79,8,65,21,78,126,124,20,31,48,61,70,103,18,114,109,41,120,13,19,32,49,83,36,35,121,14,113,47,127,102,26,88,23,106,89,66,6,67,7,128,46,111,11,54,108,4,25,50,9,0,91,15,132,69,98,38,58,37,5,131,56,1,84,62,122,76,45,10,135
3,5
6,86,55,36,114,22,87,95,29,80,12,46,1,106,61,134,3,116,0,49,123,73,126,57,112,115,28,50,64,82,135,131,51,100,85,62,118,7,122,105,72,60,78,107,66,63,53,128,92,17,71,93,103,44,27,117,34,30,5,88,23,111,43,76,89,41,14,120,59,127,77,26,32,121,45,113,101,75,11,2,94,31,56,84,33,99,130,74,70,133,21,68,104,25,37,54,79,91,65,69,40,48,98,96,58,8,67,119,83,39,124,16,97,102,24,15,13,20,42,110,125,38,109,81,9,132,129,18,90,52,108,4,10,35,47,19
4,6
135,82,48,5,6,51,117,17,28,133,86,74,36,2,8,93,15,10,95,3,118,30,71,24,103,104,31,89,127,11,72,47,46,13,27,62,83,61,107,0,97,128,14,29,57,112,80,88,58,19,116,122,108,126,56,49,129,101,53,90,123,69,134,120,85,79,92,39,113,77,20,84,66,98,130,67,99,25,75,59,60,131,43,34,64,41,40,87,124,81,16,42,1,7,102,76,94,54,115,91,110,78,32,68,105,35,109,125,114,121,55,33,26,38,65,21,22,4,23,73,52,106,96,9,111,100,119,132,12,50,45,37,44,70,18,63
6,4
21,88,91,58,73,9,20,134,19,97,64,71,53,101,43,121,94,78,96,72,110,38,24,122,16,104,41,83,75,125,22,29,109,69,44,11,18,82,99,76,48,85,46,6,68,92,74,119,124,132,102,17,28,12,49,50,42,63,7,13,65,103,45,100,34,117,98,114,80,25,0,36,55,105,8,79,57,52,127,93,130,47,81,3,4,23,32,90,135,70,14,10,129,107,56,15,116,108,5,61,2,1,62,66,123,86,39,26,54,106,115,51,111,27,133,120,40,60,87,35,112,67,77,89,95,84,118,37,128,30,126,31,113,131,59,33
1,5
9,123,99,67,52,36,88,107,15,135,93,55,18,89,59,40,121,110,22,34,86,41,91,98,101,100,25,129,95,77,3,0,49,37,114,78,11,71,42,96,81,44,132,50,105,116,2,80,111,57,82,5,119,118,10,6,1,128,33,69,131,53,32,113,29,62,19,120,76,126,23,17,4,58,7,108,65,68,94,130,64,45,117,72,31,92,112,14,47,109,70,87,104,122,102,79,20,97,56,24,27,115,85,90,43,84,48,61,66,106,26,38,51,16,21,83,46,125,39,127,60,74,13,63,133,28,134,75,54,35,8,103,30,124,12,73
1,2
44,12,98,32,111,94,70,129,131,36,56,130,0,134,66,99,27,45,10,39,79,118,80,23,89,20,112,116,42,64,58,33,16,54,31,71,81,24,17,65,19,13,88,21,103,1,105,34,72,119,106,74,86,50,91,113,62,95,126,4,128,25,30,102,107,22,97,104,41,55,67,14,96,69,61,87,18,28,37,3,29,38,133,43,82,77,122,115,92,108,90,127,75,117,132,8,46,7,124,63,60,15,76,121,5,40,52,135,57,26,35,59,109,110,53,125,85,100,47,83,11,78,114,9,68,120,2,101,84,48,73,93,6,49,51,123
4,4
133,72,129,41,54,9,124,104,110,49,86,22,63,123,111,83,98,91,56,84,61,67,113,127,71,94,76,38,112,12,108,43,69,87,95,1,44,77,106,90,126,5,35,131,26,102,62,66,24,81,58,92,100,17,89,120,59,80,53,25,103,118,8,15,70,101,16,39,23,30,47,82,20,40,10,19,51,99,116,32,57,115,109,28,85,75,3,46,2,64,96,50,31,55,42,29,73,97,130,107,105,128,11,135,6,45,34,52,121,117,134,74,79,27,21,60,65,36,48,114,33,18,132,78,93,88,37,14,13,125,122,4,68,0,119,7
4,3
3,10,86,124,117,57,119,21,16,112,88,75,89,35,22,98,32,103,12,101,46,39,128,8,123,24,42,130,113,59,36,114,45,82,111,96,37,40,50,81,15,1,120,79,99,78,100,65,90,66,33,127,27,55,126,102,49,74,97,67,25,83,23,134,84,92,135,109,30,129,110,68,125,77,104,93,29,56,133,61,80,69,7,47,54,41,116,118,122,11,131,13,85,108,58,6,31,5,62,9,63,132,121,115,76,91,14,26,70,4,106,53,105,52,71,19,18,20,87,64,17,28,72,107,38,0,94,44,95,2,48,51,73,43,34,60
5,4
32,13,81,106,11,104,91,85,19,5,114,79,54,0,56,14,87,2,36,55,9,66,111,112,20,6,45,105,40,109,103,23,118,65,71,64,93,116,117,28,24,94,122,21,50,63,60,97,131,115,92,52,69,133,58,89,22,129,46,30,57,121,124,7,34,3,82,128,101,1,27,127,16,62,126,123,70,38,73,76,29,53,100,113,17,77,83,130,12,125,95,67,120,44,51,86,4,78,107,119,74,35,59,102,88,134,42,8,48,39,47,98,33,37,26,75,135,68,10,61,18,72,80,43,15,99,49,31,96,108,90,84,41,25,110,132
6,4
85,100,34,72,103,8,89,11,35,46,73,122,68,110,123,57,17,44,130,33,134,2,99,51,58,86,97,131,22,127,96,119,24,113,71,132,114,80,20,5,49,21,15,92,27,116,124,55,115,59,60,7,104,126,120,23,53,12,45,66,37,82,128,98,1,64,102,125,84,87,94,105,108,70,107,61,19,65,109,75,95,36,76,135,93,28,43,63,16,52,47,78,18,14,118,54,26,48,30,121,6,31,50,91,129,79,41,10,90,39,62,56,83,117,25,67,88,4,3,106,111,38,0,40,9,32,29,74,69,112,133,42,13,101,81,77
2,3
109,1,41,2,97,104,55,118,3,35,24,106,80,115,77,30,9,122,108,8,17,132,135,38,73,113,61,54,128,96,93,66,65,69,46,33,51,0,91,29,42,22,83,86,105,63,39,76,94,123,32,57,10,28,72,116,26,107,131,62,79,78,48,64,84,60,125,89,23,47,31,71,49,98,100,114,14,5,15,74,119,52,82,117,4,18,134,111,58,21,110,88,99,68,50,129,11,7,37,44,92,121,87,59,13,40,85,75,53,34,127,56,124,25,101,120,43,81,112,95,130,6,27,126,16,70,45,90,103,133,12,102,36,20,19,67
3,2
49,121,26,32,118,129,52,119,36,64,23,19,33,14,90,35,10,69,103,126,70,12,81,117,15,124,123,6,72,45,38,99,113,11,108,95,114,16,4,110,75,100,98,57,47,55,1,132,97,13,96,86,74,63,109,92,125,61,71,115,78,111,85,107,21,40,93,128,17,94,88,62,51,76,80,79,9,134,133,25,89,8,66,91,130,122,67,7,0,50,28,31,120,60,27,30,105,2,56,44,5,22,46,42,24,77,48,65,54,43,18,58,127,84,68,34,59,20,135,41,87,39,53,82,131,116,73,104,29,102,3,83,101,112,37,106
5,4
98,2,85,100,40,73,15,126,66,83,92,28,54,118,77,37,19,109,35,67,59,14,75,64,30,124,94,25,114,22,55,57,43,49,122,93,87,0,105,107,11,101,9,21,3,72,117,79,132,76,95,1,88,18,10,112,5,103,111,110,46,31,78,68,119,135,80,84,60,82,81,23,36,99,116,41,71,56,102,32,44,29,34,24,123,26,12,13,133,125,63,53,51,120,113,27,115,108,65,50,16,62,33,106,121,130,38,20,131,6,17,86,134,70,45,91,58,89,39,7,127,4,104,42,69,90,61,128,48,96,47,97,52,8,74,129
5,1
52,82,2,22,78,103,71,88,96,62,117,131,133,4,91,98,49,124,123,70,20,23,44,54,16,3,111,40,73,48,67,135,64,13,106,65,112,113,89,85,104,81,33,57,60,128,118,53,110,79,100,12,38,5,56,76,83,58,59,10,61,115,69,26,92,19,7,134,74,66,97,114,24,34,39,31,50,101,130,116,105,127,55,41,68,108,80,75,93,35,21,25,8,122,18,63,45,84,86,27,11,17,109,29,121,47,132,30,32,9,90,125,87,6,95,102,15,94,126,36,28,51,72,42,120,119,14,37,99,46,43,107,77,0,1,129
1,6
53,0,67,84,110,39,111,59,10,18,132,63,35,6,19,103,49,55,36,16,22,126,106,45,76,30,66,52,44,71,61,65,123,17,131,11,31,2,74,86,7,90,62,97,125,113,116,124,99,69,122,54,102,68,20,21,72,135,40,60,134,4,82,105,89,12,119,37,33,29,9,38,25,117,127,133,77,43,42,118,85,1,5,79,130,73,24,115,26,100,120,108,87,107,94,32,121,81,8,48,3,41,83,98,128,80,46,92,14,104,34,15,58,78,88,27,13,47,114,70,64,96,75,23,101,57,50,93,129,91,109,51,28,56,95,112
2,6
6,95,135,67,60,10,53,77,123,133,89,73,103,3,19,63,38,108,12,32,128,75,54,88,55,13,110,24,124,30,118,65,112,51,70,116,90,130,120,127,106,27,115,131,107,39,119,31,104,84,22,49,102,33,7,129,9,0,93,48,41,76,11,56,21,18,96,82,91,79,28,97,47,113,40,81,74,68,2,42,117,23,121,44,52,46,4,69,71,122,64,26,1,111,57,58,14,94,45,86,78,50,100,134,29,15,34,126,85,8,87,92,99,5,37,62,105,35,101,83,98,132,109,16,59,61,66,20,80,72,36,125,43,114,25,17
3,5
58,1,123,90,122,86,41,8,82,70,25,27,110,88,31,83,56,85,16,62,99,120,130,54,57,102,77,47,2,24,43,97,95,117,14,101,92,28,40,75,72,0,65,38,4,108,135,134,7,18,11,96,133,129,103,81,91,33,17,119,107,94,19,69,80,35,78,87,29,74,44,59,67,20,114,124,34,79,64,50,127,13,84,52,105,126,71,39,42,109,125,66,23,113,6,12,89,9,5,111,45,63,115,132,93,112,60,26,76,100,128,3,37,121,46,51,32,118,22,116,98,55,131,21,106,15,36,73,10,61,48,68,53,30,49,104
5,4
117,115,43,95,89,53,34,77,93,54,58,132,109,55,103,111,42,84,126,16,17,40,51,97,63,64,61,15,6,85,116,130,22,59,13,23,110,127,69,19,32,133,36,56,112,96,30,18,114,2,68,21,128,46,1,35,131,104,29,134,27,113,83,71,125,99,72,86,100,9,79,119,78,76,48,91,70,98,20,11,41,122,37,49,105,31,5,7,74,60,73,50,67,80,82,120,24,39,107,121,94,44,92,52,66,102,28,75,108,14,4,124,8,33,47,0,106,10,87,12,38,26,65,45,62,101,123,81,90,129,88,135,57,118,3,25
4,3
95,68,13,30,1,52,76,41,64,31,86,102,43,40,79,119,32,15,59,124,118,61,128,54,21,81,70,50,5,109,38,57,117,10,74,20,46,33,105,22,130,97,69,113,71,45,88,23,85,77,55,84,56,108,72,25,132,92,96,103,99,93,4,11,37,91,19,7,29,83,87,36,63,9,106,120,123,135,49,62,80,14,24,101,35,112,51,78,42,66,65,28,17,98,12,60,111,115,47,114,125,107,2,16,8,27,67,0,122,82,34,90,116,131,126,39,100,26,75,121,48,73,53,127,94,58,18,89,110,104,134,6,44,129,3,133
6,6
32,98,48,19,24,36,6,2,104,52,89,115,38,118,14,117,71,106,120,112,130,78,31,25,67,85,77,68,45,110,50,135,54,131,61,66,105,28,121,125,23,82,83,0,47,22,119,84,81,37,8,17,53,41,34,107,129,88,11,1,114,134,76,5,124,58,109,55,44,18,103,102,63,59,127,4,30,133,70,13,100,128,86,46,132,26,94,87,97,7,40,62,75,123,90,73,9,35,113,49,69,93,99,51,16,29,33,101,3,56,126,65,27,43,92,20,80,64,12,108,39,116,95,21,10,42,122,91,15,96,60,79,111,74,57,72
6,6
90,110,100,79,37,63,59,86,84,118,102,121,29,95,97,56,24,96,49,13,23,8,10,33,1,6,58,5,73,112,43,51,120,114,40,36,94,32,48,75,80,113,129,128,72,50,31,38,9,45,109,39,133,127,57,26,3,7,82,68,42,77,35,132,103,122,52,25,98,65,15,12,76,14,18,28,123,2,116,83,46,130,81,124,67,93,117,135,89,53,88,30,20,47,134,71,108,66,69,78,55,74,62,22,27,91,41,17,70,115,0,92,99,107,126,101,111,85,106,60,64,11,44,119,16,21,104,131,105,54,61,4,19,34,125,87
1,2
16,59,52,92,20,73,5,39,21,89,108,77,38,81,18,41,117,99,87,7,26,111,40,51,65,47,31,33,48,102,107,13,120,100,98,3,127,128,45,9,37,112,8,63,103,44,49,132,129,84,97,126,82,134,30,135,95,29,24,6,130,23,28,22,27,35,80,101,119,96,90,123,1,62,43,67,70,72,10,79,109,4,34,54,71,114,2,88,17,105,122,106,46,75,53,131,94,121,74,36,68,118,57,116,19,61,83,64,66,124,55,60,125,104,93,86,91,113,78,50,85,115,14,76,0,15,32,11,110,69,56,25,133,58,12,42
1,2
110,74,70,31,79,4,108,123,84,48,89,80,26,28,114,5,72,2,54,113,86,36,20,65,6,78,82,98,40,57,126,85,41,58,77,87,53,10,17,130,0,127,100,125,43,21,56,23,97,118,69,38,116,61,96,62,37,101,112,103,59,8,124,76,60,129,44,133,105,67,24,55,32,42,83,33,7,107,102,25,128,39,13,119,3,117,51,29,106,95,68,111,131,49,92,115,90,47,35,73,88,1,93,132,104,11,16,134,9,46,120,18,71,15,22,135,91,75,34,50,30,81,109,14,66,122,19,52,27,94,63,45,121,64,12,99
3,2
124,123,115,2,61,0,107,91,50,84,70,133,21,17,76,57,72,69,33,25,9,119,75,95,134,126,12,7,58,64,16,116,83,125,77,6,28,40,38,42,41,18,56,15,111,88,45,90,3,110,81,24,86,85,37,102,112,55,67,94,8,23,48,39,100,120,54,22,121,13,51,34,26,52,29,60,46,66,103,71,96,1,97,19,99,132,27,49,35,106,98,31,89,14,93,129,118,68,135,127,44,59,65,63,109,131,4,20,80,30,73,43,128,130,74,104,11,113,108,5,10,82,87,32,78,114,101,117,79,53,47,92,62,105,36,122
3,3
28,74,37,41,53,79,29,10,109,26,50,39,58,108,66,57,15,25,81,4,75,35,33,46,27,11,101,102,12,130,59,68,111,80,1,94,89,13,92,42,34,32,128,47,85,60,21,125,104,115,107,67,95,40,131,23,112,61,55,56,3,5,126,124,20,7,49,132,31,96,120,43,133,88,103,18,93,30,116,51,16,17,127,73,70,52,98,64,119,106,14,113,118,123,114,99,71,86,121,91,65,77,117,62,97,135,54,100,19,2,76,110,8,45,6,134,63,38,129,22,36,24,48,9,90,44,84,105,72,82,83,87,69,78,0,122
4,2
8,24,65,11,40,124,2,50,101,118,94,34,92,90,119,9,14,122,67,47,71,93,35,68,19,133,31,55,0,12,103,39,115,21,70,37,59,25,106,125,63,61,80,10,16,130,116,81,73,129,95,17,89,20,60,121,113,132,30,117,26,46,49,77,32,111,72,123,29,128,86,127,75,91,58,88,135,42,53,78,112,3,79,100,85,134,87,104,48,22,18,7,114,96,74,98,36,102,84,105,4,1,27,44,52,69,131,54,64,97,41,51,13,33,38,56,15,107,28,82,45,57,109,76,66,99,23,62,6,108,126,43,83,120,110,5
2,1
96,23,116,51,1,120,129,118,134,86,36,49,124,42,75,12,105,64,11,31,32,79,52,81,119,66,76,71,55,125,48,107,103,18,6,27,44,84,40,33,17,104,13,126,47,102,10,24,91,80,14,83,19,123,128,54,35,93,16,97,7,74,5,3,132,88,62,106,127,26,117,135,113,57,30,108,28,101,110,99,60,68,98,15,41,100,72,4,43,9,53,2,130,131,95,122,109,92,46,69,70,45,115,87,37,114,22,25,67,59,38,20,90,82,29,34,0,133,65,78,63,85,89,8,61,56,111,58,121,21,50,94,77,39,112,73
3,1
99,16,77,75,124,37,76,8,89,39,86,110,28,117,66,84,87,130,19,80,88,120,6,81,115,50,127,21,29,131,113,46,62,106,134,54,33,90,132,11,100,125,91,108,52,85,9,93,69,26,47,119,45,55,133,23,116,58,64,73,17,30,109,57,49,42,20,5,41,7,74,128,97,32,96,102,67,36,112,31,60,118,104,40,105,121,13,10,48,53,65,107,135,68,25,92,3,24,70,12,27,4,35,44,1,79,114,83,0,78,94,63,59,98,18,34,71,22,123,2,126,15,129,43,38,61,95,14,111,51,56,82,103,72,101,122
6,2
57,130,4,110,49,50,78,83,55,8,13,100,39,113,17,109,45,53,104,120,117,74,85,60,90,56,91,88,9,1,107,15,98,115,63,11,36,114,10,41,26,66,126,80,68,93,43,16,131,134,123,101,84,23,65,133,73,119,82,94,29,106,75,61,81,27,76,22,47,64,25,21,102,31,34,77,37,59,112,3,124,40,2,42,19,118,96,116,5,67,46,30,18,69,127,24,105,0,87,54,7,28,72,135,99,103,125,35,111,122,14,32,38,62,52,132,108,79,70,6,86,12,97,89,20,48,95,92,71,33,44,129,58,128,51,121
6,3
94,48,52,89,12,72,4,49,71,57,80,3,74,96,54,114,127,90,115,63,66,130,83,116,35,102,40,106,43,0,41,131,110,108,107,113,5,24,125,133,105,51,101,104,87,76,30,100,99,33,21,85,119,19,18,42,62,20,7,118,37,67,22,103,79,10,13,44,68,123,58,117,121,86,38,53,64,34,73,29,75,26,84,59,23,60,65,8,50,82,92,17,25,128,126,14,2,81,88,69,120,97,16,31,36,109,70,95,91,77,1,55,78,56,46,93,98,6,27,32,111,132,45,122,61,112,9,15,134,129,135,11,28,39,47,124
4,1
64,8,55,29,122,9,22,35,14,115,60,50,76,30,112,47,36,74,87,72,103,108,107,94,132,77,49,89,68,42,82,34,27,95,73,109,66,118,39,125,43,102,48,69,127,5,101,61,13,84,62,71,67,121,99,98,24,19,32,78,80,53,128,106,37,21,92,54,11,44,114,81,51,38,12,57,6,131,0,56,45,46,1,10,130,18,70,105,90,40,133,58,4,135,126,52,86,7,41,20,119,25,134,65,17,26,28,110,113,100,16,93,3,33,91,63,15,120,124,75,88,59,96,85,83,23,2,31,123,79,104,116,97,129,111,117
2,1
54,89,53,115,91,57,66,69,8,124,27,97,50,51,129,72,62,25,98,1,93,79,111,84,41,99,106,112,35,12,60,37,43,11,81,16,15,134,65,121,120,21,28,85,56,83,78,58,102,135,38,0,31,5,96,47,92,24,6,22,108,26,48,117,34,76,75,116,110,42,52,95,74,82,10,18,123,59,30,101,36,19,132,104,77,4,32,107,55,88,118,119,44,46,128,63,64,126,3,45,23,122,133,73,71,109,113,130,7,33,103,61,80,70,13,2,68,94,14,105,67,131,9,114,125,87,40,29,49,86,90,17,127,20,39,100
5,1
71,57,43,122,102,134,16,67,45,44,47,61,99,106,0,58,28,3,108,110,60,1,4,135,35,133,112,52,84,119,115,62,7,40,127,34,78,105,51,125,74,131,19,100,95,111,73,31,75,24,72,70,90,10,53,37,21,13,97,23,86,42,92,36,107,120,65,27,22,49,33,121,116,63,15,12,114,126,6,66,30,87,38,14,98,5,91,124,94,117,132,93,118,9,82,68,109,101,81,46,103,69,29,41,54,129,56,64,123,2,89,11,8,76,128,26,20,88,80,79,25,96,17,48,55,85,83,113,18,130,39,77,59,32,50,104
2,4
119,48,134,51,50,112,59,17,67,28,4,81,73,57,88,68,11,124,14,115,71,107,7,98,79,118,133,99,100,64,63,54,89,101,15,70,42,113,26,90,86,104,94,91,9,116,35,72,120,76,32,129,93,121,19,123,38,114,105,97,30,18,87,108,96,53,66,128,29,60,62,12,45,111,31,24,23,55,8,106,95,69,84,41,20,43,83,36,46,110,1,27,82,132,34,3,49,65,21,130,80,56,44,92,6,117,2,13,74,131,103,58,25,135,40,0,39,127,47,122,109,75,5,61,10,37,126,16,33,85,102,125,77,22,78,52
6,5
32,76,37,70,83,114,68,1,125,55,31,60,24,107,4,28,79,89,87,46,0,120,104,110,112,19,15,86,21,85,131,8,47,50,130,26,111,42,78,6,105,103,97,108,49,63,34,121,80,91,54,30,23,22,100,109,62,44,94,57,72,74,106,61,123,117,38,69,14,129,11,133,77,3,81,43,113,20,93,90,92,75,65,59,39,118,53,2,95,33,16,98,10,132,115,41,5,40,88,96,64,27,128,67,119,134,124,13,52,48,18,25,36,71,58,45,66,84,9,101,56,29,102,99,135,122,82,116,7,127,35,12,51,73,126,17
3,2
71,69,43,94,105,114,17,67,7,133,123,52,83,116,23,121,75,22,122,58,32,102,92,30,124,8,55,107,5,66,6,13,24,48,44,64,100,77,65,106,127,89,129,34,40,29,109,118,70,47,97,27,31,50,134,81,4,12,130,128,21,120,61,33,39,15,28,46,82,103,38,1,119,76,93,85,101,125,11,25,98,51,95,132,42,63,80,126,35,135,57,96,14,72,3,73,86,49,9,99,90,88,87,78,84,60,110,111,59,16,10,108,104,41,113,19,56,112,45,74,37,131,26,91,68,79,2,62,54,117,0,53,115,36,20,18
4,1
28,116,89,13,14,18,7,51,23,0,110,92,53,52,109,60,84,64,126,37,22,4,3,132,95,69,5,114,31,27,9,48,135,61,111,15,16,125,71,25,98,107,65,59,43,21,99,87,66,106,63,38,73,20,122,108,88,75,67,62,72,83,17,49,120,40,74,10,80,45,117,94,113,128,68,35,100,70,118,131,97,96,134,50,85,133,81,86,115,127,32,41,112,121,130,33,78,105,129,57,104,55,56,39,36,82,44,8,11,124,77,29,30,93,1,26,76,47,24,103,34,42,54,102,119,101,91,123,46,90,19,58,6,79,2,12
5,6
62,104,127,49,42,46,82,102,9,6,111,16,79,27,74,91,116,34,110,103,101,120,67,18,78,35,97,115,112,99,7,1,3,38,86,93,60,53,98,48,37,90,117,68,129,25,132,5,84,65,75,39,57,14,118,100,87,135,58,96,66,94,70,40,47,125,26,119,64,54,12,81,80,33,105,113,13,63,131,21,128,122,10,123,59,121,130,17,23,69,134,106,109,124,126,2,31,20,50,73,43,108,55,44,77,88,52,0,114,19,92,76,61,45,56,29,8,24,36,11,41,22,28,89,15,32,85,30,71,72,95,83,133,4,51,107
4,4
48,22,11,97,9,75,21,19,17,130,1,108,53,82,27,32,46,127,121,115,84,67,33,25,105,85,45,68,78,65,24,34,92,110,79,10,74,125,37,60,28,113,95,73,63,29,43,93,31,83,13,103,50,100,132,129,4,112,119,40,66,0,133,70,8,35,94,6,7,122,89,26,57,42,90,88,3,111,102,107,81,61,52,23,76,109,47,124,106,131,77,123,71,55,120,56,116,91,134,30,36,14,114,54,126,118,117,38,59,15,62,16,86,128,20,69,58,5,51,72,104,39,99,2,41,64,96,98,87,44,101,18,80,49,12,135
5,5
108,112,45,55,123,40,74,92,83,34,16,115,6,58,47,105,0,43,35,4,132,66,118,128,97,102,101,69,114,22,62,84,96,36,120,59,67,103,91,82,116,95,41,60,13,53,71,12,28,9,107,117,88,85,72,37,49,48,119,104,106,89,79,27,18,5,129,99,26,130,15,24,1,80,111,121,50,11,100,110,125,133,44,38,31,86,54,64,23,8,3,30,94,33,21,124,76,57,61,52,93,122,77,134,20,90,109,46,126,135,56,10,75,51,127,39,25,65,14,113,68,81,2,63,17,19,73,42,32,70,78,98,7,131,29,87
2,3
64,51,106,33,69,95,78,119,70,120,90,129,110,55,132,12,25,41,111,75,63,5,98,79,114,71,134,56,32,116,40,65,128,43,16,10,84,94,135,28,47,58,125,44,83,101,53,52,124,49,108,86,6,39,68,105,112,100,7,38,102,117,36,30,14,35,9,92,50,15,13,24,26,77,76,130,96,11,4,21,46,57,1,19,133,20,123,23,127,126,73,87,103,60,66,8,17,81,22,59,93,72,48,89,122,18,113,42,62,118,45,107,34,88,109,91,80,99,104,0,37,97,67,2,27,61,82,3,85,121,31,54,74,115,29,131
2,4
10,81,113,13,50,109,101,129,4,48,67,132,30,37,55,92,83,0,7,46,105,64,86,107,128,31,110,27,104,52,94,80,111,15,2,114,76,40,53,102,93,19,112,130,9,71,78,120,126,12,135,98,97,68,108,73,44,63,29,117,134,89,116,34,26,77,23,123,32,51,17,6,28,58,59,87,54,90,84,122,74,35,106,96,103,95,79,21,41,91,33,131,5,115,85,100,36,47,38,1,65,25,119,14,127,62,3,24,121,69,66,118,60,99,56,39,57,11,20,72,133,82,45,61,43,18,8,75,42,125,70,49,124,88,22,16
6,5
90,52,54,56,46,66,127,9,84,62,3,111,49,134,125,112,14,61,21,22,102,23,67,30,97,104,71,75,29,76,85,1,98,39,99,33,133,53,88,64,116,42,20,36,96,12,132,108,95,48,106,100,55,105,4,110,8,17,40,45,2,16,63,58,32,121,92,31,69,89,6,15,74,126,77,130,124,7,78,87,82,83,5,38,37,60,27,28,79,113,57,19,86,131,94,73,11,72,18,91,0,101,25,109,13,65,43,123,135,44,51,120,81,118,50,47,35,122,59,70,80,41,117,10,24,68,129,93,26,114,103,115,34,107,128,119
1,3
54,109,52,26,65,90,97,88,3,60,117,127,2,55,24,49,23,7,25,74,51,120,78,13,89,133,27,40,71,114,42,36,91,50,115,130,118,122,58,56,48,108,87,79,8,14,35,106,53,131,104,84,45,83,9,68,70,73,94,111,93,75,119,5,1,67,41,77,37,80,126,103,125,99,6,112,102,69,21,64,95,105,30,18,124,107,132,20,33,63,57,31,128,4,29,96,85,39,0,72,34,22,38,46,66,92,28,135,43,121,10,17,47,86,110,44,113,76,19,100,129,12,98,61,123,81,62,116,16,59,11,82,15,101,134,32
2,1
118,57,125,119,45,110,87,101,68,64,112,3,69,66,6,0,109,71,26,70,84,106,53,24,34,44,25,28,81,120,121,111,126,32,1,30,116,2,35,96,95,47,100,48,115,133,91,41,65,114,60,80,102,52,103,82,123,27,51,75,99,37,33,88,55,124,62,10,38,108,21,50,20,46,132,130,39,93,7,79,63,42,83,104,74,134,9,131,122,19,90,92,36,14,12,15,22,76,127,85,49,59,107,97,43,31,40,13,73,61,18,17,58,72,5,16,86,56,54,29,128,11,4,8,78,135,117,94,23,98,67,113,89,105,77,129
4,1
89,40,130,44,111,120,95,30,72,24,45,86,78,127,71,12,19,116,15,79,113,25,51,97,84,118,107,94,73,1,105,99,56,34,27,74,75,109,23,33,37,133,22,117,17,59,87,80,6,32,132,102,61,134,91,66,85,9,58,5,81,123,92,20,29,131,128,3,14,101,60,135,31,115,124,39,16,104,112,41,126,114,122,68,26,121,70,108,8,103,88,43,76,77,62,64,47,42,54,106,4,28,96,69,38,10,98,119,55,65,36,110,125,67,90,50,18,21,53,0,49,100,129,83,63,46,35,52,7,48,11,13,93,82,2,57
2,3
121,105,100,1,107,92,73,67,27,71,39,128,120,48,55,63,87,106,98,59,132,22,17,38,70,47,51,10,108,77,101,118,61,93,116,127,21,90,83,89,40,130,9,126,49,53,76,26,96,35,124,95,111,86,16,19,45,8,75,4,123,88,6,84,114,113,80,15,58,79,94,97,68,7,60,62,32,69,103,85,24,104,99,18,28,81,31,78,20,66,109,133,56,52,112,46,115,135,33,50,36,11,102,44,14,64,117,82,43,129,125,42,2,134,122,110,131,25,65,3,34,74,72,91,41,29,30,13,54,57,12,0,37,23,5,119
3,6
114,101,88,128,28,33,68,102,84,108,118,55,86,75,0,85,52,122,83,94,111,115,124,6,48,87,17,57,1,127,132,11,126,69,120,19,9,60,90,79,78,59,76,73,7,22,21,70,105,74,113,38,18,30,25,97,53,112,82,130,63,46,27,123,119,131,104,96,72,99,34,47,49,4,125,51,8,58,117,89,3,32,106,109,15,110,54,65,35,39,71,103,81,92,56,44,98,61,43,36,93,10,134,14,62,80,77,13,67,2,121,5,20,129,23,37,135,29,16,100,116,41,133,95,45,12,40,26,50,42,107,31,24,66,64,91
3,2
103,125,45,39,107,13,99,16,36,23,20,69,129,115,58,9,94,0,40,131,61,33,31,95,82,53,41,116,73,90,50,17,80,60,44,68,2,77,133,83,29,102,8,87,57,66,110,72,54,35,11,117,85,48,89,109,108,118,84,71,3,62,7,122,1,96,51,101,88,47,135,64,56,65,15,5,132,91,75,92,67,43,46,76,6,22,27,59,104,18,78,106,98,42,113,126,26,127,119,10,81,21,37,30,130,4,14,120,97,114,24,134,25,93,49,70,74,12,34,63,124,128,79,19,55,38,123,100,105,86,112,52,121,111,32,28
2,4
72,43,20,85,8,53,107,122,106,116,77,4,10,40,83,112,39,124,55,42,32,5,79,123,12,56,115,3,117,97,66,36,101,0,88,76,65,94,38,132,34,92,98,105,90,86,62,14,24,118,26,110,91,82,133,9,68,78,58,51,54,64,129,7,35,21,74,119,33,104,61,75,87,37,126,60,44,63,57,48,6,84,23,13,45,18,125,103,71,108,28,93,113,120,127,59,11,130,52,69,2,50,111,102,80,29,41,46,121,47,15,16,70,134,27,96,22,99,131,95,81,100,135,67,89,31,73,49,109,128,19,17,30,25,114,1
4,5
67,6,90,75,33,79,3,18,106,128,56,14,34,29,49,62,58,24,73,122,16,94,91,35,19,69,13,25,64,116,134,96,8,121,72,132,60,10,118,71,22,80,104,23,78,89,120,82,111,108,131,102,83,1,129,93,5,68,11,0,99,66,135,126,125,98,70,30,100,7,28,110,84,42,95,57,87,103,65,46,39,36,77,12,4,50,31,123,115,55,44,117,37,2,47,53,130,109,101,41,81,76,133,63,74,51,105,43,21,85,38,48,45,15,27,112,9,97,59,17,113,20,86,54,88,40,107,124,119,52,32,92,114,127,26,61
4,6
9,73,89,82,104,47,56,36,94,21,37,8,3,6,102,60,57,108,132,25,88,135,26,87,90,122,107,62,35,112,12,41,55,118,105,76,81,50,110,114,96,40,68,101,13,106,126,54,28,7,80,74,64,127,38,44,98,59,120,42,58,32,17,100,72,10,117,66,78,99,70,34,85,30,111,52,79,116,27,97,133,113,69,2,45,33,123,124,5,75,15,23,92,31,20,22,24,14,103,4,77,29,131,53,84,130,51,16,19,63,95,48,65,46,128,115,61,83,134,129,109,43,67,121,119,71,18,11,49,1,93,86,0,39,91,125
5,6
105,120,51,90,63,127,32,81,2,133,83,87,16,21,55,6,106,103,1,135,79,31,97,0,111,19,26,68,38,98,28,128,49,80,44,45,30,23,33,46,84,118,9,8,109,36,61,119,70,77,89,64,15,7,107,93,125,116,126,72,65,91,75,100,78,134,35,37,60,67,99,101,29,25,113,115,69,131,86,4,54,114,96,95,22,11,34,92,132,129,52,20,82,76,94,85,42,13,58,5,62,14,57,130,122,12,104,47,112,24,3,43,41,123,59,66,74,27,50,73,40,124,110,10,121,48,56,17,102,88,117,53,71,39,18,108
3,4
44,16,111,126,49,74,91,122,93,71,69,4,97,118,98,130,53,117,100,76,12,18,86,107,14,27,48,58,131,52,23,129,3,37,62,31,79,114,108,96,56,101,43,25,15,55,34,35,42,89,109,135,128,8,65,95,78,28,88,39,85,72,94,112,90,19,120,9,47,6,92,132,106,80,41,81,73,123,17,75,50,38,5,63,61,105,99,24,124,66,116,125,60,0,68,33,30,11,54,115,7,21,1,45,84,113,26,10,20,103,67,40,2,83,36,77,104,59,70,29,46,82,57,127,110,51,64,134,121,32,87,102,13,119,22,133
1,5
45,1,28,37,106,64,46,67,113,98,130,18,38,96,123,124,56,82,0,59,83,128,17,135,54,21,115,102,62,24,122,84,26,132,71,68,74,51,101,19,57,76,9,94,60,33,3,31,53,100,11,20,116,118,8,120,63,42,109,23,30,66,117,103,87,129,125,32,43,5,73,133,127,72,91,6,112,104,77,108,61,27,22,4,13,15,93,107,35,88,99,52,92,29,97,78,10,110,49,25,58,79,34,50,114,111,16,95,81,126,12,47,48,39,131,80,14,41,90,119,2,65,36,40,86,85,70,44,69,105,7,75,121,55,134,89
6,5
41,93,21,51,5,114,34,75,90,97,108,106,32,27,7,0,47,84,101,23,43,72,123,16,35,12,55,62,133,132,127,57,46,26,4,118,89,64,105,83,30,102,20,128,77,100,44,68,1,38,6,61,18,25,9,19,54,88,120,59,8,53,96,134,17,104,15,63,60,28,78,73,131,117,70,107,135,112,87,45,122,49,69,67,115,111,29,65,81,113,95,48,22,33,103,50,39,2,11,92,85,71,86,36,99,121,125,3,76,124,52,91,116,56,109,130,31,58,14,110,74,24,82,129,42,40,80,126,66,37,10,119,98,79,13,94
1,2
