106,105,81,29,7,44,56,104,15,13,5,36,51,119,82,111,101,89,17,118,108,23,132,117,90,80,47,112,135,31,3,20,95,61,107,18,62,2,16,25,12,128,113,77,129,124,110,87,96,67,42,73,84,130,121,8,134,60,6,32,57,69,68,122,37,94,65,116,26,4,93,58,48,97,133,59,85,24,55,27,123,78,86,102,126,10,43,33,64,1,35,11,28,66,109,50,39,100,70,38,34,54,103,63,120,53,46,131,92,99,40,41,88,98,52,74,71,0,14,115,76,114,127,21,49,72,22,9,30,79,19,83,75,45,91,125
5,5
129,88,83,109,69,14,82,133,36,2,39,16,95,108,4,101,110,66,90,44,105,103,45,78,92,117,46,113,60,134,9,6,112,35,98,11,121,20,1,119,74,31,79,0,68,51,43,48,76,63,104,89,50,18,73,38,94,10,22,99,5,135,96,115,100,123,125,7,120,57,81,131,61,37,132,15,107,86,130,128,27,75,17,21,52,64,102,93,34,55,72,87,126,124,85,77,67,84,29,106,47,71,58,114,118,30,122,33,25,40,62,24,12,111,49,91,56,41,42,19,23,80,59,116,32,54,65,28,127,70,26,13,53,3,8,97
5,4
30,95,107,91,72,114,69,101,3,35,129,59,47,34,41,61,27,12,5,89,84,42,23,94,96,43,86,14,79,40,56,8,99,57,106,92,55,65,16,26,9,81,109,100,134,67,76,15,71,68,70,85,115,130,66,77,63,38,45,75,113,116,2,32,1,102,0,132,82,123,88,29,108,87,119,52,74,17,58,105,6,51,53,44,135,49,120,104,131,36,19,4,60,80,127,97,50,124,10,13,133,64,78,126,118,128,73,24,122,46,125,37,28,21,90,83,112,18,48,31,98,93,111,121,117,25,22,11,7,54,39,20,103,62,110,33
4,3
130,122,2,21,127,38,11,128,125,35,72,100,69,105,19,95,115,66,76,32,41,3,86,61,90,77,9,20,18,109,27,46,37,84,97,129,89,94,131,133,13,7,64,33,132,121,79,73,55,40,42,108,78,93,113,110,36,114,70,67,107,25,119,71,31,75,102,10,4,99,43,5,118,101,16,96,14,63,0,44,120,91,54,26,48,24,81,80,30,34,104,45,8,15,58,87,47,39,85,59,28,103,98,111,29,65,57,135,82,116,112,123,68,52,124,17,12,83,117,22,56,134,6,88,126,49,23,74,106,53,92,51,1,60,62,50
3,4
103,27,81,34,67,86,14,5,19,114,1,3,40,24,73,58,62,112,70,99,59,128,17,101,68,69,13,54,30,91,57,93,44,42,18,104,84,130,6,36,51,16,124,78,61,102,71,96,108,8,46,33,82,134,23,117,7,9,0,79,129,37,22,115,41,60,113,38,111,48,15,110,77,92,85,127,50,87,52,56,135,98,66,10,35,133,32,105,123,63,90,47,45,29,118,12,88,100,126,25,122,83,97,74,89,39,80,76,49,11,125,64,94,106,131,132,75,121,109,43,28,20,65,21,2,95,119,31,72,4,55,53,116,107,120,26
2,2
134,74,10,104,109,110,58,31,33,125,80,68,38,95,128,20,131,62,13,5,91,44,76,29,6,121,124,82,37,53,49,120,8,16,52,27,101,113,114,116,4,7,79,19,108,64,40,75,77,9,133,70,25,117,81,122,1,18,66,123,135,47,92,11,112,23,24,100,15,30,54,46,42,119,84,126,132,78,35,56,85,105,63,129,90,21,107,93,50,111,57,69,103,48,130,99,127,87,88,118,96,73,60,43,39,59,36,0,89,41,3,65,72,28,51,17,98,94,67,32,71,55,61,12,2,97,83,102,45,86,22,14,26,115,106,34
4,3
114,118,125,64,18,6,128,31,91,69,106,94,56,43,80,40,37,115,32,54,1,79,102,86,60,55,77,109,112,38,110,20,90,108,26,27,59,39,81,113,76,29,89,103,84,78,107,105,74,46,61,97,24,33,9,111,72,62,28,34,50,30,122,82,70,51,3,13,131,124,96,7,35,4,134,117,49,65,42,93,21,130,17,19,8,71,11,100,101,73,104,119,14,47,83,15,52,121,53,88,120,45,123,22,85,25,10,57,129,23,36,48,68,135,92,16,99,12,127,132,87,41,95,58,63,75,67,66,5,44,126,98,133,0,116,2
1,4
8,67,117,21,34,39,83,28,2,97,53,18,42,20,27,16,127,35,59,121,105,31,22,3,75,123,78,87,132,43,72,36,25,109,15,108,73,74,65,63,11,1,70,85,17,49,45,95,82,6,66,26,54,100,57,51,122,129,92,98,104,79,77,41,126,33,115,69,119,99,5,103,48,80,106,14,116,120,55,38,7,91,37,62,0,9,32,4,30,10,44,12,135,124,93,40,76,88,47,19,112,29,94,133,24,50,111,58,113,130,90,101,102,52,89,131,110,118,86,64,56,60,71,23,61,134,128,125,68,96,84,13,46,107,81,114
2,2
18,133,57,79,45,16,85,98,86,28,52,13,33,87,74,117,126,5,1,12,0,31,115,78,10,58,8,132,53,15,105,90,46,102,112,54,63,62,130,68,124,89,7,69,9,93,67,107,65,101,61,103,88,116,37,125,100,70,127,110,81,48,11,3,47,64,30,118,24,120,56,134,128,32,99,77,60,22,123,82,23,80,14,104,92,72,121,135,40,129,36,44,114,122,108,38,113,55,71,51,50,66,106,27,73,84,131,109,6,41,17,25,76,2,26,111,43,34,83,119,97,95,49,59,75,42,29,91,4,19,94,35,20,39,96,21
3,4
59,98,51,78,88,97,17,65,21,81,104,75,5,24,102,40,77,134,66,93,22,128,8,44,117,28,74,31,61,7,43,100,72,122,85,2,23,71,62,37,42,106,127,90,130,3,91,1,49,113,105,29,76,73,60,12,13,50,4,27,57,101,68,87,48,120,118,36,47,33,111,54,99,94,18,16,15,45,52,26,6,110,32,20,116,56,53,19,64,70,39,10,89,67,135,55,115,119,0,83,86,63,108,124,38,82,14,92,41,46,84,123,129,11,133,121,112,103,58,30,34,69,125,107,114,132,126,80,95,96,25,131,109,35,79,9
1,6
100,16,10,33,112,59,57,125,79,26,118,103,94,119,102,68,2,14,90,45,74,105,65,54,70,92,27,124,52,9,39,120,12,46,106,91,8,36,47,129,64,24,1,72,121,81,83,15,114,109,34,135,117,73,115,66,108,5,19,126,44,4,7,80,48,21,32,93,131,133,61,56,0,111,130,6,49,96,75,134,53,40,31,104,55,76,127,58,18,71,29,113,60,50,3,86,107,41,116,78,22,95,69,37,67,20,98,28,25,23,30,82,35,122,42,89,84,128,110,99,38,123,63,87,62,88,43,17,85,97,13,132,101,11,77,51
5,5
55,116,77,26,20,71,24,84,31,30,58,75,87,9,80,18,50,61,135,56,133,22,65,110,49,82,27,121,127,54,109,98,83,130,70,39,28,44,21,95,86,16,11,19,64,129,33,113,62,5,12,2,85,45,7,101,120,96,105,66,36,134,131,51,48,118,35,73,115,93,69,17,41,25,100,4,117,92,111,125,13,107,23,60,52,29,67,81,102,47,99,72,74,103,59,88,132,89,112,124,91,119,128,15,53,97,1,32,37,108,10,8,6,40,94,126,122,79,78,43,76,114,123,46,104,14,63,3,68,34,38,90,42,57,0,106
1,4
130,20,21,78,90,44,3,80,26,81,128,129,60,70,135,123,18,61,96,121,66,11,101,32,92,131,84,113,30,82,110,69,67,1,47,58,37,59,111,12,48,109,45,19,118,85,51,55,97,87,0,134,105,22,39,27,108,119,107,42,75,35,43,98,17,65,89,15,49,10,46,115,57,126,31,77,5,16,73,117,2,53,4,76,13,63,62,120,122,127,6,116,114,41,14,132,133,54,100,52,112,8,38,50,33,25,94,83,93,71,91,40,68,7,99,103,88,106,104,9,125,124,28,74,23,79,56,36,102,64,95,24,34,72,86,29
4,1
23,77,35,110,112,105,59,57,14,102,101,117,74,29,81,61,70,78,87,114,132,33,0,65,134,125,32,98,43,69,107,116,52,7,30,96,25,48,100,89,83,16,4,15,37,133,111,80,126,51,115,113,18,97,85,46,9,19,71,11,34,120,64,99,54,121,129,28,131,66,88,118,8,103,1,73,122,53,124,6,44,40,12,36,45,82,24,79,91,68,38,130,63,39,104,26,47,94,49,5,3,2,27,108,17,119,10,42,22,20,86,67,128,75,123,50,127,55,90,109,41,106,135,92,62,84,31,72,56,76,95,60,21,58,93,13
4,1
3,111,2,43,112,21,98,24,86,107,18,135,37,113,116,12,127,59,96,95,87,4,31,92,103,82,109,47,30,72,132,53,123,76,8,88,122,45,34,10,81,54,89,29,20,85,119,126,106,56,60,104,69,39,70,84,28,55,100,108,48,42,94,97,110,66,13,129,62,1,99,41,9,19,35,5,77,25,22,63,44,17,124,50,125,131,46,73,6,16,90,75,51,71,102,120,121,61,32,79,7,130,57,40,26,36,27,78,101,65,38,134,105,118,64,0,133,93,11,115,128,114,58,52,14,23,15,33,83,68,80,67,117,91,49,74
3,3
5,116,58,8,16,87,35,53,61,9,33,18,19,46,30,91,115,132,25,99,73,68,135,39,26,89,131,94,62,32,92,134,59,118,45,100,119,75,7,114,56,34,69,104,28,11,97,47,83,65,38,98,110,52,63,22,77,90,122,111,43,103,27,6,44,20,74,12,2,41,36,64,123,60,48,21,17,128,76,78,82,14,117,127,31,66,24,13,1,107,93,3,72,126,37,23,49,133,70,54,84,40,81,95,102,106,29,71,10,0,15,79,130,121,120,112,80,67,124,57,108,125,113,50,51,4,86,88,96,105,42,109,55,85,101,129
2,4
53,30,76,43,115,58,44,82,7,117,98,61,25,109,27,101,34,111,87,3,93,99,84,13,91,37,77,57,129,131,62,4,33,74,26,118,29,59,23,17,35,73,39,64,24,106,65,123,66,14,97,22,9,120,132,32,1,86,5,10,0,85,134,105,100,19,130,81,56,96,95,133,68,63,110,108,69,2,89,15,51,31,107,52,60,11,45,127,50,125,83,20,67,18,104,112,94,49,42,41,88,46,72,55,124,128,90,122,28,70,103,116,92,16,135,48,21,126,119,12,6,79,114,38,75,8,47,71,40,121,113,54,80,36,78,102
1,4
44,120,130,109,49,42,14,128,83,58,124,108,17,82,96,20,122,31,65,51,118,38,119,36,13,55,27,113,132,59,37,1,35,63,4,88,6,3,106,112,114,41,86,30,8,43,48,34,53,125,110,87,32,62,75,67,0,121,25,64,40,24,104,74,91,97,54,2,26,45,50,21,18,72,7,107,5,89,80,71,19,46,95,90,133,77,103,28,56,11,57,100,16,79,47,22,60,123,84,129,93,29,101,117,111,127,15,105,9,66,85,33,131,99,61,134,102,76,98,69,126,116,115,23,52,12,10,92,70,135,78,94,39,81,68,73
1,6
131,58,40,9,101,70,17,57,130,0,79,21,111,34,123,116,109,42,52,112,118,8,67,66,20,65,97,74,94,39,68,115,128,55,22,63,61,89,54,75,73,53,11,23,110,117,85,84,64,16,127,56,71,2,135,125,114,96,95,48,3,14,107,122,88,59,92,37,119,47,62,29,90,102,76,19,72,50,33,106,108,46,12,41,30,5,83,134,121,103,78,28,77,87,18,51,32,133,86,10,126,45,6,105,25,36,124,44,35,43,49,1,129,27,120,26,69,132,15,31,93,91,100,13,82,81,98,4,7,104,113,60,38,80,99,24
4,6
76,39,42,63,64,48,108,123,121,84,51,113,95,102,115,58,135,52,80,68,21,67,32,118,26,98,35,16,85,90,132,126,55,19,27,56,24,37,13,47,74,31,96,129,100,10,110,125,86,128,71,69,28,59,133,15,65,3,33,54,66,72,7,91,93,70,17,49,18,119,46,99,25,107,124,61,36,131,2,105,88,104,134,40,111,22,0,97,75,89,78,79,44,130,14,8,6,116,38,122,11,9,50,34,5,120,109,60,81,117,82,41,53,103,4,87,23,20,57,43,73,77,92,114,127,30,106,1,101,83,29,45,12,94,112,62
1,2
78,128,12,38,127,124,130,72,73,10,90,26,74,23,76,94,63,77,91,82,84,86,41,134,68,20,16,81,122,55,113,87,22,32,54,85,110,111,58,132,75,3,101,35,96,107,27,62,65,93,67,129,29,120,53,133,50,105,88,28,52,24,45,2,119,98,4,117,60,116,100,51,40,83,64,109,70,104,47,66,61,126,39,8,37,106,80,7,5,14,43,79,15,89,99,30,46,92,19,103,36,135,112,21,42,71,11,115,57,59,9,125,31,121,6,49,25,97,33,69,34,48,114,56,44,17,1,118,0,131,13,95,123,18,102,108
5,6
123,80,42,71,21,27,72,77,98,22,6,93,54,106,85,31,116,130,66,120,76,126,134,110,35,97,67,13,113,32,15,133,3,89,135,49,48,107,24,18,14,86,87,115,94,125,73,12,5,68,131,9,57,11,7,10,51,103,112,117,78,75,63,118,102,111,1,124,25,44,69,40,58,36,19,60,122,47,92,53,43,64,90,129,61,121,26,83,29,39,2,82,34,52,99,62,74,50,101,37,96,95,0,38,128,79,56,119,84,104,8,23,88,132,46,65,45,33,41,91,100,127,30,114,17,81,16,28,109,108,105,59,20,70,55,4
1,6
133,23,92,11,123,3,75,79,113,43,91,95,115,29,96,121,122,84,22,134,32,17,46,111,18,63,94,107,14,6,119,62,21,98,89,88,50,74,7,31,49,0,112,24,93,33,104,103,36,35,1,37,135,124,71,2,85,129,19,51,131,56,78,72,100,64,117,102,130,80,101,60,30,125,41,105,53,77,55,61,68,48,26,28,114,12,83,42,132,82,45,57,9,54,27,13,67,52,8,99,128,38,126,86,69,120,76,73,39,44,16,116,127,81,20,47,109,66,40,34,59,118,97,70,58,87,106,15,90,25,4,65,110,5,10,108
3,1
95,113,10,30,132,118,67,129,3,84,120,59,97,79,88,106,91,131,125,7,21,34,12,96,93,117,64,33,80,19,98,73,28,31,51,71,127,69,62,60,134,44,109,124,75,4,99,92,82,87,26,76,56,2,72,112,122,38,130,8,55,66,20,115,100,24,70,48,107,14,54,119,45,0,32,111,52,102,128,110,46,16,23,58,121,49,89,5,86,57,123,105,36,74,77,27,108,103,81,1,68,47,94,11,61,43,39,40,65,22,37,15,6,17,83,78,25,63,135,13,90,126,133,116,18,101,53,35,42,104,9,50,114,85,29,41
6,5
130,99,17,98,69,63,106,121,4,61,9,78,129,16,109,133,127,101,104,83,32,29,91,105,100,60,114,50,122,58,42,87,0,126,2,112,52,19,45,117,75,44,38,110,35,62,72,8,11,96,47,37,24,23,65,88,111,41,14,26,113,118,31,94,21,116,80,1,90,93,92,55,12,30,51,22,125,84,82,73,25,119,15,76,71,46,89,28,79,115,59,108,77,131,132,39,68,128,123,18,56,53,85,107,40,54,48,86,74,13,81,120,10,124,66,33,134,3,67,97,49,70,57,36,27,43,103,5,135,102,64,7,20,34,95,6
4,1
45,87,3,115,40,75,71,61,51,43,13,8,86,114,36,100,23,44,121,5,2,67,108,37,29,105,14,1,72,66,79,54,33,97,25,125,111,92,70,99,104,52,134,98,74,101,38,64,83,42,32,102,30,7,4,73,12,132,41,84,93,112,78,122,113,28,34,91,59,48,128,103,50,127,22,120,68,11,95,119,15,20,124,16,88,131,58,39,126,69,96,18,107,49,35,9,135,10,19,65,90,81,57,106,123,27,129,0,133,89,26,118,53,21,47,55,117,130,82,77,31,56,94,109,76,116,6,85,63,46,24,110,62,80,60,17
6,6
104,36,117,120,41,62,76,65,37,103,32,84,56,79,72,24,27,100,74,42,4,85,119,130,115,73,39,82,9,52,30,94,50,67,132,66,45,127,2,87,105,60,25,93,55,48,108,14,19,7,3,58,11,43,131,8,92,70,126,98,26,21,71,47,110,129,91,64,112,20,114,83,13,78,38,106,125,31,57,61,29,28,22,53,107,12,51,121,122,10,118,0,134,102,63,54,95,75,80,77,17,69,49,133,97,6,124,1,135,34,46,15,68,113,23,86,99,116,101,16,88,59,18,123,44,109,90,35,33,81,96,111,89,40,5,128
1,2
72,116,45,20,132,113,22,36,25,49,64,7,126,4,123,67,52,44,0,12,70,18,87,103,30,100,131,105,89,8,69,46,122,61,78,29,31,38,56,14,86,17,24,54,82,55,59,75,95,68,28,106,58,19,60,65,3,133,107,9,62,81,21,16,114,43,112,120,118,15,104,79,10,35,130,121,53,40,119,109,47,63,71,115,99,41,26,57,84,93,83,98,88,66,1,91,94,33,2,110,50,97,102,51,42,34,92,11,74,85,134,135,77,23,39,5,76,73,124,80,90,117,48,32,96,108,111,37,129,13,128,27,127,6,125,101
3,4
49,51,4,24,46,73,69,91,113,57,48,119,99,76,59,65,93,53,50,117,34,36,40,28,77,44,43,88,111,32,100,6,72,37,20,26,21,31,58,38,25,129,52,81,61,131,7,86,74,104,114,125,85,127,27,78,29,71,84,134,3,8,80,96,97,5,90,101,103,107,83,70,102,17,62,10,60,110,108,42,112,2,14,11,87,98,1,41,55,39,105,12,122,135,66,35,75,22,82,15,133,13,64,47,121,89,92,54,130,115,33,124,120,9,63,79,68,106,16,56,132,45,95,128,116,0,126,67,18,23,123,30,109,94,19,118
5,4
46,120,115,39,128,75,91,103,117,130,71,102,6,114,70,135,47,83,82,57,19,112,133,64,72,8,3,36,44,11,50,129,104,63,111,67,80,4,68,14,28,87,78,84,74,42,61,88,108,109,131,29,0,55,41,95,60,34,122,37,127,77,13,92,90,20,116,51,93,96,40,59,32,45,106,35,31,105,49,119,86,30,107,100,85,18,16,17,81,76,38,69,1,7,65,79,21,113,43,66,110,33,101,62,53,48,98,125,126,9,73,24,52,134,10,54,2,23,89,25,12,27,99,56,94,58,97,26,118,22,123,132,15,121,124,5
1,1
59,121,135,81,113,47,30,13,86,72,71,5,98,133,132,38,73,49,57,68,41,77,7,126,55,111,103,87,9,52,65,89,58,64,130,62,69,26,115,102,114,16,60,63,107,118,82,25,50,8,83,74,19,29,80,2,101,106,85,4,45,129,21,36,120,12,42,79,48,88,112,0,91,1,53,18,34,17,84,3,95,124,11,44,10,27,56,116,105,51,93,75,61,23,94,46,39,131,127,128,6,67,90,70,100,104,122,43,32,96,28,37,78,117,125,119,31,99,14,109,33,97,54,15,66,123,35,134,20,22,110,24,76,40,108,92
3,1
22,24,79,19,73,77,123,15,47,76,64,30,96,108,38,31,37,132,89,5,21,111,85,4,16,91,109,3,45,81,135,125,126,80,115,101,72,43,12,53,55,131,69,49,120,32,70,0,127,87,61,54,93,56,50,98,103,94,86,75,107,52,11,65,27,105,18,82,71,59,25,90,29,26,23,99,134,8,114,67,57,130,95,88,58,20,106,60,118,66,112,39,51,128,119,33,68,28,17,46,9,97,78,41,121,124,92,10,7,6,133,44,100,42,36,13,48,62,104,84,116,14,83,2,110,102,1,35,129,122,113,34,40,117,63,74
4,4
61,47,112,27,105,28,111,103,36,20,121,122,56,78,118,130,76,39,102,89,0,99,16,43,17,64,96,14,129,74,34,104,124,24,109,73,133,107,90,115,67,125,35,120,52,4,30,68,55,72,63,81,80,5,58,1,95,127,42,26,126,60,21,110,98,116,8,91,77,123,69,22,117,71,3,82,29,134,48,40,86,23,128,53,49,101,88,85,12,32,15,119,132,46,84,66,75,92,10,79,18,38,108,59,62,114,50,93,33,131,37,135,57,45,94,7,100,51,70,54,13,11,83,106,44,25,113,97,87,41,9,6,2,31,65,19
4,4
42,40,119,102,133,117,77,82,37,61,48,70,52,118,116,122,126,47,74,73,5,88,59,111,21,58,130,66,100,98,121,8,113,53,127,43,123,17,79,54,115,84,106,4,110,34,75,109,45,33,78,129,120,91,44,68,30,105,60,87,107,85,114,103,135,95,49,31,90,25,131,93,128,19,112,72,69,64,134,24,10,38,18,27,28,1,65,46,11,41,15,94,80,83,63,50,35,29,57,26,22,32,13,56,101,76,16,92,12,23,2,81,55,89,9,71,104,6,14,0,39,7,132,125,97,96,86,51,67,36,108,99,124,3,62,20
1,4
100,68,47,65,44,46,123,94,8,87,55,66,42,121,76,60,6,107,69,67,16,49,75,63,32,10,59,135,23,21,31,120,108,18,91,96,29,4,35,103,53,111,48,12,41,83,112,122,50,125,133,73,134,104,116,54,7,99,93,17,13,102,117,115,58,124,57,106,119,14,113,70,77,114,128,82,30,62,126,26,20,28,22,130,71,95,129,64,109,27,40,0,5,80,39,45,90,110,86,34,43,11,36,92,118,105,74,84,15,132,24,19,88,56,1,85,51,131,25,33,61,98,72,89,2,52,101,81,127,9,3,79,78,97,38,37
4,5
5,86,89,119,21,131,26,107,74,76,120,60,14,11,3,9,113,111,132,124,28,128,39,4,85,56,67,102,50,103,95,13,104,133,18,15,66,110,77,116,40,94,88,65,135,122,52,0,36,30,22,55,71,91,73,99,126,83,6,24,64,38,12,100,109,80,96,48,41,78,2,72,61,63,20,108,46,62,92,97,118,69,7,8,115,29,127,106,35,10,101,134,75,54,45,17,42,19,112,1,105,129,51,125,84,27,93,81,31,79,123,34,44,33,70,49,25,43,114,47,57,53,23,117,58,82,16,68,90,98,130,59,87,121,37,32
6,3
134,129,0,108,48,102,132,119,35,115,120,14,57,99,58,92,112,65,128,100,130,37,47,126,133,50,66,8,7,70,89,16,29,105,111,75,59,95,54,41,81,44,80,82,49,43,23,67,97,135,123,61,74,39,60,56,85,83,11,3,69,34,40,46,19,55,109,36,122,6,103,18,86,107,76,94,71,10,121,9,131,15,25,17,124,79,51,104,62,5,26,106,117,38,73,91,4,32,63,28,21,31,27,88,93,53,84,127,125,118,72,101,45,87,12,110,20,30,113,96,2,24,90,116,114,13,33,68,52,78,77,22,1,42,98,64
6,6
56,102,44,21,126,81,80,19,124,121,99,97,76,85,122,70,107,75,98,90,31,134,74,18,60,12,110,1,37,73,50,84,118,78,131,100,32,93,22,4,65,69,115,27,103,88,66,106,114,43,7,130,87,82,59,112,14,25,2,47,11,89,62,39,113,96,33,46,6,111,64,71,104,125,77,53,49,17,3,105,41,92,67,48,26,35,55,13,94,120,57,58,42,23,72,15,101,40,68,91,24,108,132,36,30,34,116,9,95,119,127,5,20,129,63,61,86,123,29,79,10,135,133,51,38,83,128,28,52,109,16,54,0,8,45,117
5,1
0,39,53,22,126,130,11,13,94,64,26,21,50,113,8,123,101,119,15,110,81,37,56,10,102,54,98,52,91,134,109,36,135,76,72,33,35,14,106,75,70,90,128,63,44,2,86,12,6,5,18,19,4,111,1,49,89,112,58,82,47,69,105,121,23,62,114,77,125,43,84,59,120,96,9,118,65,71,117,99,122,68,48,87,41,51,24,30,79,45,103,131,73,78,108,16,42,132,29,127,17,116,20,55,107,34,133,31,100,129,67,25,57,60,3,46,61,124,28,66,80,92,104,88,97,74,38,95,93,7,27,32,85,115,83,40
5,4
12,108,44,72,97,3,78,113,40,64,23,60,1,85,8,90,103,88,135,66,16,123,83,24,118,51,86,131,47,33,134,20,52,62,112,126,95,102,101,4,50,53,117,87,111,25,2,75,69,96,84,116,32,35,98,68,57,59,76,37,127,125,109,92,19,13,115,27,129,48,54,55,73,61,105,107,77,124,31,70,106,63,82,22,100,80,26,28,18,15,42,46,9,34,10,14,94,99,6,29,110,0,74,49,133,5,114,128,81,17,130,121,93,39,36,122,132,7,119,11,21,45,91,89,67,56,104,71,38,65,43,30,58,120,41,79
3,5
97,70,15,29,74,14,52,71,20,3,130,67,54,119,102,118,99,32,83,106,86,53,22,78,105,8,80,110,73,43,123,48,79,60,62,4,44,30,19,88,36,33,132,75,89,125,127,117,65,69,9,82,31,122,104,27,120,72,6,37,92,34,85,100,42,96,45,91,77,76,46,114,10,21,135,98,7,103,0,93,116,24,124,23,129,1,63,133,49,40,35,58,131,68,101,112,81,115,113,95,109,41,59,64,94,57,87,61,16,2,84,121,126,39,56,5,13,47,108,51,90,28,111,17,12,26,11,18,50,55,134,107,66,25,38,128
4,2
77,60,93,105,76,4,73,0,71,8,5,80,104,21,47,43,98,113,13,75,97,54,83,38,19,107,37,18,25,26,32,111,131,74,2,50,90,41,96,62,48,33,49,116,3,81,14,92,39,126,17,128,31,36,103,106,82,119,94,40,65,28,100,64,15,120,7,79,87,121,135,109,53,66,88,95,42,67,70,20,112,127,35,91,78,10,85,124,101,34,125,24,1,6,69,114,134,52,117,55,56,61,132,122,23,63,102,51,9,110,84,118,46,89,29,16,12,72,22,30,68,45,99,86,115,58,130,108,123,59,129,27,11,133,57,44
4,5
48,103,131,0,36,89,61,106,56,35,29,107,12,118,100,110,55,28,126,130,64,114,9,119,18,116,90,5,73,87,10,95,50,23,120,17,88,115,83,98,63,14,54,121,21,129,8,82,104,81,30,39,59,78,124,49,66,68,19,38,91,3,67,128,40,84,41,46,24,101,32,75,74,15,57,133,132,11,102,13,6,25,22,112,60,62,125,69,80,44,109,93,65,111,99,97,123,70,37,58,42,45,71,31,76,127,1,34,94,33,52,134,53,51,96,72,113,16,92,26,122,79,2,86,7,85,117,27,135,47,20,43,4,77,105,108
2,1
75,118,58,92,34,76,115,132,133,114,96,9,73,45,102,131,125,106,55,43,70,23,126,94,3,83,24,47,109,65,41,31,26,0,87,104,63,2,105,89,134,35,28,44,25,91,4,14,50,68,5,49,124,27,123,38,113,86,95,29,128,82,129,120,97,30,84,61,51,17,119,59,66,107,121,22,108,6,103,39,10,98,116,56,69,40,33,101,52,88,21,62,93,71,18,19,1,81,72,36,90,37,15,11,60,42,110,48,74,127,12,78,46,135,100,7,77,111,64,54,79,57,130,80,67,99,85,32,20,122,8,13,53,117,16,112
5,2
25,43,125,109,70,35,39,1,85,37,103,111,76,20,15,131,28,7,128,95,26,0,98,127,120,60,68,32,38,66,57,50,69,100,93,78,6,134,124,87,52,17,3,119,34,129,90,18,47,45,49,13,122,16,53,5,113,71,126,10,72,110,123,80,14,116,63,118,74,56,9,106,84,82,62,102,114,96,40,64,46,30,48,105,86,92,67,91,29,133,75,88,33,65,130,12,121,104,8,59,99,89,83,23,24,132,77,44,112,31,97,4,79,108,51,11,21,58,117,41,73,54,2,61,42,27,94,115,81,101,135,22,55,19,36,107
1,4
60,37,66,11,115,6,73,16,17,79,126,10,35,32,31,117,105,38,68,96,70,119,91,75,23,58,77,46,41,88,63,94,56,134,2,101,90,51,116,95,36,87,106,29,131,53,18,40,122,92,42,67,69,104,47,52,33,44,19,103,123,127,57,99,72,64,4,26,80,97,111,54,98,109,13,71,34,78,129,107,81,120,135,130,5,0,55,121,86,28,39,84,83,93,108,24,22,133,112,65,110,45,113,14,76,9,128,114,61,89,59,48,43,12,7,62,118,1,50,124,102,27,49,85,82,15,132,8,100,30,25,125,3,74,20,21
5,6
63,42,49,62,36,4,51,8,112,95,77,20,73,117,79,107,13,25,24,120,80,16,38,44,87,122,45,92,84,12,66,39,106,58,114,135,100,125,109,59,19,68,94,31,81,46,121,71,75,89,0,74,37,67,6,14,102,123,96,17,76,134,90,47,131,29,91,127,72,86,52,97,65,93,113,132,10,105,83,133,103,43,53,50,28,27,55,11,32,34,3,101,15,7,5,48,82,26,64,22,111,33,108,60,30,61,78,56,119,54,104,115,9,21,126,69,2,110,57,129,18,99,128,85,116,35,98,41,124,130,40,118,23,1,88,70
1,6
2,15,31,128,76,72,134,44,58,85,42,34,82,25,92,77,130,100,55,28,63,93,26,122,4,39,98,124,9,110,11,6,8,64,121,17,56,41,16,27,95,105,75,78,74,90,14,113,117,12,38,60,68,119,79,112,103,99,10,19,32,126,118,109,127,108,22,35,5,125,101,50,57,70,81,132,67,59,24,88,114,133,65,18,91,120,48,71,37,131,45,20,54,96,83,33,47,21,36,29,69,104,116,52,94,111,1,86,87,73,51,40,3,123,102,46,66,80,49,135,23,84,30,61,107,106,89,115,13,129,43,53,97,7,0,62
4,3
53,39,40,6,87,75,59,113,72,41,76,42,22,1,135,98,97,111,78,14,52,26,49,93,23,13,33,65,85,54,119,46,30,81,116,126,84,37,77,99,96,19,74,62,86,32,17,10,82,47,48,28,11,106,132,109,121,25,7,69,133,127,4,5,91,103,83,114,64,125,108,44,70,51,9,130,112,43,129,29,21,105,20,102,45,35,90,18,89,94,66,110,68,123,117,56,71,61,34,3,92,67,128,120,63,60,104,12,88,100,38,58,101,55,31,15,80,134,57,73,115,124,27,0,95,107,118,131,36,24,50,122,2,8,16,79
5,5
8,61,9,68,70,128,117,14,124,17,30,3,119,42,72,94,97,118,62,115,6,24,86,27,0,100,116,10,25,71,82,114,18,7,85,48,110,111,120,123,20,83,96,57,35,22,26,122,59,91,58,92,78,37,41,53,60,105,67,106,49,99,80,98,21,132,90,11,45,12,89,16,47,76,31,23,102,95,126,93,134,108,135,19,107,40,84,127,36,103,88,4,34,44,74,50,81,131,64,39,112,51,43,104,73,77,65,56,28,55,101,5,109,129,1,15,63,66,13,29,87,130,38,54,113,52,75,133,125,79,69,121,33,32,46,2
4,5
10,85,8,36,128,109,32,27,68,65,39,38,87,105,134,55,5,61,90,79,59,83,46,133,49,124,58,123,31,96,24,63,75,20,101,4,70,57,30,16,77,7,67,35,81,3,54,92,17,93,9,132,112,62,98,25,127,78,131,12,104,88,13,43,23,103,126,34,71,108,42,50,115,44,135,102,117,19,72,111,47,74,107,91,100,33,120,40,0,28,18,15,56,97,21,66,14,86,6,45,48,51,129,106,73,26,125,80,114,64,130,22,1,53,116,41,113,84,99,29,76,52,121,95,2,89,60,37,118,122,82,94,119,69,110,11
4,3
43,4,52,54,72,45,95,32,128,81,26,99,38,113,75,100,46,76,111,126,21,129,105,130,68,109,1,78,65,133,13,96,48,3,71,90,103,59,0,8,61,6,74,30,89,117,124,50,93,92,25,110,134,86,47,2,57,24,39,33,94,88,23,119,29,19,67,121,58,18,107,34,9,22,120,101,73,49,114,64,125,7,17,131,82,84,91,60,132,12,77,135,15,51,14,118,66,11,112,20,37,31,63,122,85,56,16,27,80,41,102,70,106,62,97,40,5,115,98,79,44,116,87,123,69,53,83,127,28,42,104,36,108,10,55,35
2,3
77,25,103,45,70,31,73,26,78,115,72,48,28,53,84,43,82,90,11,38,133,104,44,112,79,126,92,67,10,114,76,74,110,111,88,87,102,19,99,106,117,68,116,62,64,124,5,94,8,40,37,61,109,18,39,17,13,97,58,121,98,3,60,14,4,54,113,42,91,9,57,96,34,128,49,105,12,24,52,59,123,30,131,55,35,1,50,125,130,83,29,0,107,41,7,56,95,23,129,36,108,71,15,66,127,85,32,100,122,16,6,2,65,21,75,47,46,118,51,89,86,63,69,119,22,135,20,132,120,93,101,33,81,134,27,80
2,1
62,36,103,16,125,115,1,84,50,104,111,91,74,58,101,123,32,79,133,17,108,29,47,106,9,40,113,83,5,34,92,7,94,121,4,119,81,67,2,76,128,45,114,0,10,8,28,6,33,122,11,89,60,66,129,118,132,109,19,131,51,72,14,116,55,42,52,64,39,44,23,87,70,85,65,25,97,3,127,61,126,112,27,75,130,88,95,78,18,54,30,49,107,22,15,134,56,38,26,21,82,96,43,63,68,73,24,69,124,135,117,99,41,20,77,37,93,110,80,48,90,13,98,105,57,31,35,59,120,71,86,12,102,46,100,53
4,2
96,22,95,0,87,57,51,99,107,131,84,78,52,17,25,92,35,1,21,47,83,89,85,45,49,36,100,103,61,120,75,54,115,63,15,112,29,97,46,135,31,53,94,132,60,38,81,40,111,98,66,7,24,18,130,41,33,127,44,26,72,116,28,77,34,19,123,106,133,71,104,27,42,16,55,76,67,126,13,2,117,79,4,128,86,124,56,73,74,64,90,50,14,110,9,134,68,93,3,121,82,122,12,8,37,80,109,105,119,48,32,118,6,69,129,70,88,23,30,10,113,62,125,58,114,5,101,65,39,20,102,59,11,108,91,43
3,2
7,129,75,71,76,57,92,43,1,113,130,123,9,24,12,69,135,55,29,61,56,66,108,13,131,91,133,82,59,44,49,18,111,94,102,101,114,51,41,87,33,4,26,58,109,112,107,60,84,86,22,81,115,27,31,37,42,53,100,67,47,39,36,99,54,30,25,121,79,6,3,2,80,97,93,16,110,105,45,128,78,52,21,70,68,117,19,74,85,38,98,10,63,89,88,48,132,95,103,116,32,106,104,124,120,126,125,72,64,0,127,14,8,20,17,35,118,65,119,34,15,62,96,40,28,77,46,134,5,83,90,50,11,122,23,73
4,4
97,114,24,118,115,14,135,75,68,38,95,120,105,126,32,16,119,116,23,5,30,22,103,42,110,65,128,4,50,129,121,96,79,45,27,106,74,100,71,18,69,130,133,64,15,36,132,104,93,31,70,122,89,53,81,87,13,34,58,85,101,107,84,46,125,6,92,37,54,9,76,90,134,98,8,117,49,88,91,82,102,63,113,80,17,51,21,61,43,41,99,10,127,112,1,44,26,55,12,62,35,28,86,59,109,39,67,78,3,60,123,52,108,94,66,48,0,29,11,56,111,47,25,57,83,73,131,20,124,7,40,72,33,77,2,19
3,2
5,1,36,88,121,119,19,102,82,104,2,117,42,25,120,23,124,131,73,100,9,29,85,4,75,63,70,30,58,53,101,108,107,37,128,72,0,17,60,45,39,20,84,56,32,61,115,86,116,114,133,94,105,6,12,77,81,126,76,80,103,50,48,89,97,27,51,10,35,34,95,49,13,99,64,112,55,106,15,113,134,71,8,52,109,79,47,16,123,69,62,7,28,74,68,122,3,21,129,41,118,24,67,26,90,46,22,43,38,87,33,98,66,127,65,78,110,57,130,14,40,92,132,59,18,54,44,11,93,83,96,91,31,111,135,125
6,2
42,23,132,92,4,58,6,131,120,82,7,51,89,46,65,101,20,107,13,102,66,55,88,98,86,22,124,134,83,133,67,125,110,71,24,85,104,99,49,116,127,47,75,69,0,135,96,60,130,18,34,121,28,37,48,77,33,119,87,36,3,112,35,59,43,94,95,41,2,45,57,123,38,100,26,118,74,114,52,8,117,70,29,103,90,31,105,53,10,111,76,30,25,78,64,54,19,68,91,11,27,108,128,39,61,15,56,5,12,44,1,40,80,122,21,129,106,115,14,97,62,93,79,126,109,113,72,16,9,73,63,81,84,50,17,32
1,4
24,91,127,25,89,76,100,7,121,3,67,125,93,59,108,112,113,106,98,131,14,88,41,80,13,46,130,128,19,42,110,68,15,36,49,31,72,64,38,117,53,65,35,33,115,75,86,66,92,82,12,37,16,84,61,118,85,28,97,48,54,99,60,45,50,124,114,78,26,9,21,30,22,0,96,87,17,32,58,111,57,120,77,20,134,122,63,123,119,102,40,109,81,55,126,5,116,8,23,74,101,105,69,47,52,132,135,90,70,83,51,44,94,10,27,1,71,133,18,56,103,43,104,73,2,6,29,11,129,62,34,95,79,4,107,39
1,4
62,21,7,13,46,117,48,64,58,85,105,97,9,72,6,57,24,95,71,38,8,89,91,44,113,121,116,43,80,45,5,52,18,101,68,90,110,47,27,126,86,114,3,54,34,50,131,81,19,84,65,40,15,123,2,119,106,122,51,99,100,17,104,70,33,120,41,132,61,108,77,10,87,111,133,53,14,73,23,66,36,20,0,79,30,59,102,32,56,31,130,125,74,55,98,76,49,112,26,22,94,67,83,128,127,42,11,124,63,4,82,75,1,103,69,134,118,25,129,37,35,107,96,92,88,16,78,115,29,109,60,12,93,135,39,28
1,4
10,32,129,25,50,52,29,132,86,22,82,20,16,115,76,11,64,79,95,130,105,5,57,59,8,134,30,89,108,112,107,23,17,123,102,114,66,122,46,6,100,56,118,128,12,127,85,99,93,33,45,104,49,14,87,131,120,78,51,31,74,68,39,125,80,92,98,35,21,70,15,116,13,124,84,69,65,34,38,19,91,37,40,27,26,58,4,47,36,113,53,42,83,0,81,41,43,60,3,96,63,101,94,7,54,1,67,77,90,61,9,103,73,75,97,110,18,109,2,126,28,119,71,106,117,88,133,24,72,135,111,55,48,62,44,121
1,6
131,34,105,45,84,0,16,112,98,135,110,67,94,127,91,108,30,41,29,31,28,13,54,36,80,88,35,15,79,102,56,44,90,66,132,61,70,9,65,122,96,46,111,118,68,103,2,107,53,7,133,83,58,100,106,75,52,117,11,78,115,93,81,12,87,69,92,49,95,43,47,128,3,51,27,86,50,101,4,24,39,121,18,59,5,130,20,60,62,57,64,23,19,40,89,32,76,14,97,113,73,25,6,1,10,17,38,8,114,55,125,126,63,129,37,85,22,119,99,104,72,123,116,109,21,120,134,77,71,82,74,26,42,48,33,124
5,4
116,82,64,6,50,42,98,90,30,109,56,62,127,51,118,113,58,120,83,117,35,0,111,13,102,47,33,89,5,110,10,53,46,59,134,77,132,7,70,18,104,26,106,60,32,128,129,108,29,11,37,41,23,21,25,43,14,93,130,15,101,17,75,115,3,36,96,12,79,71,72,61,20,122,121,8,78,114,80,1,112,73,95,69,68,87,31,105,85,54,57,119,124,133,74,86,34,84,103,88,4,2,22,107,92,131,135,9,39,67,27,65,44,55,16,99,66,81,63,97,45,123,19,48,49,100,125,94,40,28,52,76,91,126,38,24
4,6
41,127,28,10,38,45,89,51,113,86,78,4,53,125,20,66,91,98,6,24,11,63,58,74,134,57,120,65,19,119,17,18,92,15,97,36,133,46,64,94,128,5,99,33,123,121,72,50,104,129,3,132,9,85,115,116,110,39,87,48,16,122,67,68,124,95,93,61,37,80,26,7,69,117,79,103,82,14,84,70,23,90,27,105,29,34,108,32,112,1,114,77,56,118,35,40,109,21,135,44,100,102,73,76,59,62,111,25,131,106,8,42,54,71,83,107,30,31,75,13,96,49,126,130,43,22,55,88,12,0,81,101,47,52,60,2
4,4
105,89,63,117,24,106,76,32,20,103,43,62,77,92,70,12,74,56,31,1,21,52,27,109,14,129,118,100,99,104,134,13,28,79,44,112,135,122,69,37,22,35,83,116,133,101,126,29,58,113,18,55,95,91,115,98,96,111,4,102,132,87,80,57,110,73,78,93,127,23,47,9,66,71,19,107,6,60,108,34,45,90,82,94,125,65,119,54,16,97,50,85,75,42,72,40,121,48,61,17,2,53,3,11,81,130,124,10,131,120,68,128,86,7,30,84,41,51,59,64,5,25,36,15,0,49,8,39,114,26,33,88,46,38,67,123
3,5
124,123,130,35,96,133,44,5,28,71,110,55,105,77,90,84,9,36,50,103,121,22,85,76,68,88,21,89,114,52,67,66,132,53,48,126,17,40,43,97,98,87,10,11,119,14,34,74,78,81,37,73,49,32,111,62,3,75,134,30,61,56,19,127,116,99,20,108,29,8,16,128,117,60,6,46,94,13,63,23,91,86,24,82,54,83,95,1,109,12,4,112,41,135,129,2,122,72,106,25,64,80,38,57,69,47,107,101,100,0,18,39,65,120,92,115,102,27,42,104,118,31,33,70,131,59,7,45,51,125,93,26,113,15,58,79
3,5
14,82,56,111,1,27,81,22,28,21,18,93,103,116,132,20,77,12,0,49,40,39,83,57,24,19,48,114,107,112,4,62,90,72,126,15,17,58,84,124,122,74,38,43,61,52,104,7,32,33,5,8,53,121,127,87,101,105,130,10,109,97,89,13,9,128,54,86,23,59,64,131,106,78,80,129,60,79,88,26,120,50,67,2,108,3,71,75,96,99,92,117,110,113,91,35,70,95,100,63,73,42,31,41,68,29,6,133,94,102,36,69,66,46,115,119,30,34,51,44,134,37,45,76,25,85,55,47,125,65,98,123,16,118,135,11
4,5
120,135,68,23,42,12,37,90,26,11,133,27,91,15,107,22,80,33,20,59,75,125,63,123,108,116,0,96,89,77,34,56,21,124,66,44,57,46,64,74,71,98,72,87,110,104,62,5,103,73,8,131,29,28,82,102,127,88,83,122,2,54,10,47,36,14,112,30,6,67,111,25,65,70,86,24,128,132,7,9,84,50,18,4,41,3,76,31,48,39,43,130,114,55,109,35,117,49,97,113,69,121,99,1,19,40,60,78,100,38,119,32,52,95,134,101,51,85,115,126,16,106,17,13,81,118,61,53,94,105,58,129,92,93,79,45
3,5
10,115,90,104,125,50,57,94,3,72,47,7,75,121,24,64,113,126,81,61,96,46,116,36,101,12,127,1,32,70,30,51,69,59,128,123,16,117,53,14,132,119,17,58,122,99,108,76,129,0,106,13,71,103,63,118,114,89,86,43,66,87,112,9,6,42,130,77,15,124,67,131,102,91,68,41,49,34,85,93,79,29,62,92,80,88,111,52,74,35,37,21,60,65,100,4,133,23,33,39,40,44,27,2,84,48,97,120,83,8,73,31,56,82,105,28,78,18,107,135,5,26,38,54,134,95,11,19,55,110,20,45,22,25,109,98
2,4
126,2,132,10,8,121,87,41,125,43,47,122,39,30,36,11,80,56,99,1,51,101,32,20,102,60,5,69,70,50,24,19,25,106,72,65,14,135,18,21,130,109,94,34,118,61,62,81,0,49,88,64,52,116,57,83,71,28,12,86,91,6,90,38,79,78,59,15,4,111,120,134,115,9,42,37,98,26,108,123,63,67,113,77,53,44,95,22,103,128,119,84,75,66,93,100,105,35,76,27,7,133,55,131,89,17,129,85,97,114,46,73,104,107,58,13,96,23,110,45,92,54,3,117,68,40,74,33,112,29,82,31,16,124,127,48
5,3
45,107,63,110,109,43,93,111,77,71,11,54,38,98,28,3,83,53,9,96,121,99,91,42,80,59,47,21,108,92,33,76,88,90,60,31,129,69,131,68,94,132,10,114,122,56,26,120,113,46,37,19,103,23,119,48,55,95,16,70,61,5,1,89,2,123,130,4,18,117,52,128,0,44,65,6,127,125,116,14,87,57,22,51,41,104,72,34,124,78,35,67,97,126,50,101,84,8,40,134,85,112,27,106,86,58,105,73,82,118,49,24,135,102,74,20,36,79,39,29,13,25,32,15,17,100,12,66,133,7,75,64,81,115,62,30
1,1
133,4,30,72,99,70,130,108,82,81,17,54,35,77,50,1,79,134,132,61,22,9,44,103,57,122,41,117,106,115,20,83,76,48,84,65,28,101,47,8,120,49,14,78,29,114,98,2,0,15,88,36,5,126,46,135,121,39,7,73,80,85,74,119,3,37,40,53,31,32,131,62,123,113,125,16,127,91,33,34,94,12,38,55,96,13,21,75,42,95,71,110,129,100,19,93,109,45,51,43,68,86,87,23,24,124,11,112,128,118,90,107,18,111,63,69,52,104,25,89,92,97,58,116,59,64,26,10,102,67,56,6,27,66,60,105
4,2
90,86,7,1,11,112,126,32,100,119,45,116,83,79,64,109,42,96,38,106,2,65,72,98,24,129,57,117,77,50,94,17,134,40,31,131,23,91,26,121,54,13,5,25,85,22,128,21,73,60,97,127,10,20,36,69,84,16,74,113,114,35,66,59,15,48,92,63,104,89,68,118,124,130,80,8,115,51,78,102,93,30,41,132,28,34,56,61,12,111,18,120,67,125,82,99,55,122,9,103,3,19,87,44,133,27,88,52,43,33,75,105,29,108,107,62,53,49,58,95,110,46,6,123,4,14,101,0,81,135,47,71,70,37,76,39
1,2
90,77,133,113,65,4,40,131,92,32,69,13,80,19,22,111,53,31,44,120,8,106,10,78,84,58,60,5,49,130,55,17,129,68,124,9,37,101,126,16,79,112,86,73,23,82,121,102,75,108,114,41,116,56,26,95,57,72,0,43,39,105,132,59,21,18,127,87,128,42,62,45,93,27,46,98,104,109,103,134,35,100,25,76,125,28,38,11,107,123,14,2,3,110,94,50,34,61,97,33,70,64,20,48,12,99,15,117,81,63,29,74,66,91,122,67,85,36,52,71,6,47,88,96,89,7,1,54,30,135,115,118,83,119,51,24
1,1
103,71,62,5,24,92,11,3,73,52,55,72,40,42,7,83,112,29,104,133,134,57,85,76,0,4,91,43,94,18,37,19,78,116,49,110,82,119,128,74,129,54,135,87,8,30,15,22,117,50,61,80,127,105,45,114,39,58,75,70,118,79,48,1,86,63,115,101,41,109,27,33,121,102,47,17,98,56,124,81,96,123,113,10,31,59,64,12,99,130,125,132,77,60,13,111,44,66,106,38,35,131,108,51,88,67,69,32,68,9,20,14,89,122,95,26,65,46,126,36,6,28,53,93,25,16,97,90,2,34,84,23,21,120,107,100
3,1
78,29,63,38,9,81,126,71,67,119,91,37,26,66,47,74,103,70,134,99,0,14,98,7,56,116,34,8,72,5,84,51,55,118,115,45,21,35,4,135,76,17,18,87,128,80,58,48,2,109,52,50,114,131,68,39,53,89,110,64,46,32,83,11,19,65,61,129,133,88,77,12,57,92,106,93,54,40,85,49,13,6,105,113,90,36,102,112,122,125,27,59,3,10,94,130,15,120,117,73,75,124,86,28,95,121,108,82,20,23,111,44,107,25,62,33,1,123,104,42,41,43,127,60,100,31,30,24,96,79,101,69,16,132,22,97
4,6
42,69,76,11,0,32,134,104,25,40,92,70,135,113,10,65,67,132,9,14,4,129,3,60,117,30,133,62,78,23,131,120,77,123,83,6,15,107,66,59,96,35,124,55,39,2,63,33,1,19,64,79,93,94,125,127,13,22,18,56,102,72,68,7,29,26,119,47,84,34,12,116,106,52,128,90,82,115,110,108,126,122,50,80,54,61,89,85,121,58,57,49,43,31,100,73,38,41,87,112,81,51,21,111,91,74,71,99,24,45,75,16,28,97,53,27,114,109,36,46,86,103,95,118,88,44,8,130,17,37,20,98,48,101,105,5
6,3
23,74,8,27,31,22,12,81,68,42,98,126,62,131,78,17,85,9,105,124,51,90,7,112,43,80,110,127,26,113,59,99,39,106,93,117,114,89,46,2,52,91,33,53,20,63,38,49,77,86,0,18,79,54,21,88,71,40,100,13,73,116,11,30,50,3,107,24,47,61,119,128,29,94,36,101,60,83,123,35,1,41,5,115,37,55,84,108,132,34,120,75,92,70,104,76,64,72,125,111,109,10,14,16,19,102,87,44,96,95,45,121,69,134,82,133,130,15,129,58,118,66,4,6,65,56,48,32,25,28,122,97,57,135,67,103
5,2
75,69,129,89,50,60,36,38,13,27,71,56,123,85,106,95,41,109,1,47,52,80,92,70,24,81,93,14,91,2,39,55,96,34,26,8,44,62,130,74,102,99,64,76,53,88,115,117,37,83,12,86,73,94,10,103,124,127,59,42,49,48,15,21,82,116,121,46,78,23,61,111,108,120,32,133,25,65,29,45,63,57,28,67,35,112,72,90,51,77,114,6,16,4,104,17,43,135,122,110,31,113,107,11,125,58,19,126,18,97,134,118,0,20,119,9,40,68,128,100,66,7,105,101,3,22,54,30,98,79,84,33,131,87,132,5
6,1
18,2,48,103,99,71,80,128,115,121,119,113,4,21,134,79,86,12,11,45,7,66,125,49,8,87,82,78,63,100,27,41,62,24,107,109,44,84,89,90,19,127,96,117,105,118,31,112,124,47,73,58,131,10,64,32,104,108,0,13,46,42,97,75,22,133,91,57,69,3,5,38,25,111,6,74,29,76,135,35,50,101,120,132,85,34,70,116,1,54,95,122,15,43,92,98,114,51,102,56,14,9,106,17,65,33,26,36,52,37,61,126,88,110,123,20,81,94,83,16,77,129,59,23,67,39,53,60,28,40,130,72,30,55,68,93
3,4
15,68,22,110,53,3,105,86,19,40,118,45,122,95,135,34,47,79,127,126,89,4,10,11,94,81,73,61,62,14,66,128,49,35,92,13,91,82,38,71,96,70,85,31,6,106,65,28,104,130,18,99,58,80,0,7,55,97,87,39,52,124,100,63,115,42,17,88,83,74,72,101,77,24,56,12,109,59,125,102,27,33,98,32,54,57,111,21,44,114,93,76,131,64,9,84,37,120,117,132,1,25,116,78,41,16,134,43,133,30,29,129,113,123,103,20,90,26,51,23,67,36,75,69,2,119,112,107,50,121,8,48,60,46,5,108
1,3
39,64,40,48,90,78,89,85,115,120,33,87,74,9,129,18,6,32,123,105,84,77,58,106,57,117,113,47,5,61,116,121,93,11,134,124,38,109,92,29,112,107,91,133,45,103,96,50,130,4,67,35,16,69,25,14,7,60,34,28,79,13,122,46,99,65,66,27,98,24,126,19,43,125,53,54,56,94,59,12,132,63,127,41,101,52,30,110,82,111,49,83,71,95,88,17,108,23,68,86,55,3,37,75,51,42,20,72,44,135,21,118,128,15,1,81,26,22,97,31,8,119,100,131,62,73,0,114,10,102,76,104,70,80,36,2
1,5
39,76,93,101,120,49,127,129,10,0,17,40,62,71,80,41,124,78,84,57,54,24,125,83,103,115,13,114,27,98,43,122,2,87,135,22,23,91,38,79,5,16,47,69,51,11,116,36,58,21,66,64,123,60,112,96,131,68,28,59,48,89,95,77,105,73,20,88,67,130,7,3,82,55,61,14,56,15,81,1,6,34,121,32,106,29,118,133,50,111,4,44,35,8,119,126,70,97,102,128,110,53,94,12,100,117,65,107,37,72,9,75,108,132,109,113,86,31,25,42,45,99,46,63,85,74,134,30,19,92,33,52,18,26,90,104
5,1
79,86,118,8,9,11,15,44,117,57,28,4,52,94,0,107,45,55,109,130,49,21,108,113,38,1,111,119,98,114,77,92,112,120,83,91,18,78,24,74,64,73,123,95,121,58,63,68,67,97,70,102,34,2,116,22,65,25,127,3,48,41,19,89,46,47,12,60,129,131,16,5,85,69,40,93,90,122,59,110,42,105,133,106,82,71,10,37,56,115,7,50,51,134,125,66,31,87,124,14,84,36,43,33,27,72,76,100,23,30,75,135,6,103,54,80,39,20,96,61,99,81,13,88,53,132,29,126,32,128,104,101,17,26,35,62
3,3
52,35,25,58,30,99,47,40,24,16,57,89,50,32,43,38,21,5,134,120,69,74,15,121,110,64,54,111,122,103,77,95,36,118,90,27,105,79,0,109,126,72,68,125,107,66,29,41,108,46,96,84,6,131,49,33,82,8,104,91,76,71,28,75,85,59,117,98,62,61,115,37,73,83,133,56,11,80,106,2,135,14,130,87,101,102,92,13,112,26,9,114,45,19,53,42,113,4,119,51,48,12,63,94,60,123,17,70,65,97,81,20,55,39,78,7,86,93,22,18,44,23,128,132,67,129,88,10,31,1,3,34,100,127,124,116
3,1
114,90,129,25,0,57,82,112,12,115,78,27,56,134,38,40,52,35,26,105,13,24,97,29,6,133,76,48,54,10,31,45,128,60,120,81,109,22,28,132,20,33,19,77,119,113,36,127,92,2,37,47,41,39,62,135,1,80,125,68,61,102,51,126,14,75,17,99,124,15,66,98,110,89,130,103,117,5,96,42,121,108,50,64,58,34,32,23,53,100,94,3,122,85,9,4,95,93,30,91,118,71,131,111,16,104,63,43,88,46,67,79,69,101,86,44,55,116,11,107,73,74,87,49,59,7,83,8,65,123,72,70,106,84,21,18
1,2
57,23,104,47,115,91,71,124,29,10,35,106,128,121,11,118,110,43,72,34,8,87,3,86,93,73,65,101,85,95,42,100,45,59,60,55,78,132,41,1,96,99,89,117,68,7,127,36,4,133,13,126,97,28,27,44,40,94,53,25,62,69,52,82,120,105,54,125,19,135,15,98,112,109,46,38,12,37,111,81,24,107,31,80,33,9,102,0,123,32,26,116,129,108,88,22,122,76,2,64,103,21,20,75,17,49,56,84,79,130,16,131,119,66,77,61,6,14,51,18,63,70,67,113,90,30,58,83,92,74,39,48,114,50,5,134
1,2
33,114,73,91,49,46,106,118,36,79,3,116,69,22,70,37,125,72,133,128,82,60,26,86,43,130,119,20,103,76,27,77,132,113,84,51,35,1,59,68,4,122,94,124,28,32,6,5,109,71,58,99,78,104,100,39,129,64,0,123,12,88,62,9,14,42,50,101,30,53,31,52,55,126,74,8,18,115,80,38,107,24,131,90,93,54,102,75,7,57,63,47,10,134,45,21,96,135,61,85,16,83,121,65,29,15,117,89,41,108,127,17,120,25,56,66,81,67,40,48,105,87,23,11,92,2,19,13,112,44,97,34,98,110,111,95
4,6
111,124,40,133,37,87,36,81,117,114,115,35,64,38,70,106,47,39,130,69,17,6,9,2,56,120,63,42,1,85,134,78,95,65,122,94,18,98,121,50,90,22,43,19,127,86,33,53,21,30,109,60,99,77,28,92,108,112,116,23,84,135,10,100,51,88,72,26,58,102,119,3,52,54,110,57,82,31,55,113,48,71,29,61,15,91,11,34,27,59,131,46,132,118,93,44,12,74,20,32,24,25,104,66,79,126,68,62,4,97,96,101,123,13,105,107,5,14,83,89,7,129,125,80,0,76,16,49,103,73,67,45,75,8,41,128
2,3
117,38,107,125,122,113,84,14,90,43,72,62,128,97,127,79,106,31,22,93,67,30,87,24,98,110,47,57,33,132,63,71,13,111,131,133,119,104,1,77,40,68,7,70,80,48,21,82,108,46,65,5,126,45,52,49,55,54,10,114,51,29,28,60,27,66,42,85,32,18,25,102,100,58,129,130,11,120,26,76,41,134,92,16,4,89,73,81,112,59,78,39,64,135,61,109,75,0,8,121,15,91,53,74,94,96,20,99,116,6,118,56,9,34,88,44,37,17,115,124,23,83,103,3,69,105,19,50,101,12,2,36,123,95,86,35
5,1
30,110,98,90,103,31,51,77,86,89,34,132,102,32,2,74,8,93,0,60,45,78,76,95,64,25,20,116,12,59,28,101,39,29,124,83,4,5,19,125,117,121,57,65,1,111,6,82,11,9,100,112,99,26,52,129,75,68,41,47,92,56,55,33,107,69,40,22,49,135,108,109,54,61,17,53,27,10,16,35,105,84,50,87,46,63,106,43,70,96,126,115,94,15,18,97,14,81,131,120,66,62,134,80,88,24,13,113,104,79,67,23,3,36,38,118,122,72,130,7,114,73,21,58,127,119,48,71,44,85,123,91,128,133,42,37
5,6
78,90,0,125,88,39,6,37,34,87,15,35,94,74,61,117,66,45,133,4,10,24,32,56,26,25,2,64,77,123,5,59,97,23,85,16,134,72,38,58,130,109,12,49,129,91,92,1,19,99,20,50,27,7,121,14,17,115,126,84,75,69,52,43,98,41,67,73,95,112,53,21,83,11,63,108,57,122,106,40,36,89,3,105,135,110,22,96,103,93,13,65,102,30,51,116,127,76,132,100,54,18,104,101,111,68,9,86,42,119,124,46,107,55,131,44,120,82,79,60,113,29,71,128,28,31,33,8,81,47,70,48,62,114,80,118
4,4
19,48,58,69,97,73,72,104,22,125,24,126,37,135,114,12,41,95,113,92,66,117,23,1,79,123,119,118,89,68,74,107,0,42,100,8,99,18,121,128,51,62,80,67,53,84,14,77,49,127,50,93,7,70,17,61,91,28,10,32,71,26,101,16,60,102,133,47,103,132,83,98,21,34,59,88,52,2,64,4,55,109,45,81,111,115,129,46,44,9,75,86,6,85,105,112,36,20,39,122,94,106,29,87,5,82,11,90,120,131,30,63,78,57,76,130,3,96,65,15,56,124,38,31,108,35,134,43,54,27,110,25,13,116,33,40
5,2
20,68,58,93,8,25,65,10,14,129,0,89,47,132,67,95,85,83,107,135,72,62,17,112,18,102,74,13,60,116,99,38,73,87,49,22,43,29,36,33,127,61,54,5,34,134,103,41,94,125,71,121,131,9,59,106,53,123,15,113,90,4,2,122,27,100,115,117,35,80,108,81,31,24,19,130,128,28,40,37,7,78,3,11,70,16,104,66,30,101,46,45,88,48,119,133,6,96,111,75,126,50,26,64,56,114,86,118,97,77,69,1,82,32,57,79,51,39,98,92,110,55,21,105,124,52,84,91,63,42,120,44,23,76,12,109
4,4
128,119,113,109,92,7,70,40,53,51,85,123,115,104,9,68,130,64,110,6,35,14,134,135,57,42,102,31,4,108,15,54,88,18,99,79,33,0,103,116,112,117,86,46,95,59,133,124,30,120,13,36,5,58,75,74,47,96,91,93,27,78,94,55,45,19,26,17,131,67,56,48,80,111,76,132,16,12,100,125,44,20,37,106,43,1,32,49,82,84,61,87,114,39,41,50,77,72,129,23,81,73,29,3,89,38,65,97,71,101,83,11,34,60,2,122,25,105,10,90,63,121,22,8,69,21,118,24,98,62,126,66,28,107,127,52
3,4
0,80,71,11,16,18,87,27,130,26,131,14,33,85,13,116,34,57,81,68,55,110,40,8,56,45,17,39,38,98,127,124,53,28,79,36,72,43,96,83,65,7,115,69,113,78,70,132,122,44,41,108,23,90,76,128,10,60,88,104,107,125,84,63,101,22,32,123,54,97,48,19,134,75,62,103,74,46,135,31,93,24,119,89,106,117,52,29,30,49,95,15,126,92,118,133,61,58,51,4,42,105,91,73,102,9,77,94,112,64,2,100,6,121,114,25,99,120,5,1,59,37,66,82,35,111,86,109,12,67,47,129,20,3,21,50
6,4
78,37,116,100,44,95,72,22,129,134,57,5,104,20,38,29,105,71,107,64,14,131,127,8,70,81,24,111,84,109,6,47,130,106,9,108,125,98,61,32,62,26,43,128,63,96,115,85,31,74,97,83,39,49,46,126,56,52,112,120,118,117,28,121,110,133,67,132,101,114,86,122,7,59,17,60,103,54,119,50,99,91,21,19,124,65,66,48,90,3,15,45,69,75,87,89,33,51,73,23,55,0,53,79,113,34,58,82,92,2,30,35,13,68,42,11,40,27,1,4,94,77,135,76,80,10,41,12,25,18,88,36,16,93,102,123
3,1
72,74,131,105,14,101,43,119,65,7,123,109,61,41,55,128,29,108,3,13,52,117,12,130,134,122,83,57,97,114,67,46,68,24,48,59,37,80,81,50,19,106,66,125,129,111,53,1,93,32,76,75,135,45,4,27,35,56,100,78,54,62,63,96,99,40,10,92,107,127,28,22,133,69,2,73,98,112,85,30,103,84,110,38,26,44,31,77,86,118,39,94,25,0,71,11,115,88,121,79,6,90,102,126,116,60,36,42,120,5,51,18,34,23,95,70,20,113,33,64,104,91,17,132,89,47,87,8,82,15,124,58,21,49,16,9
4,1
76,93,20,31,94,69,64,62,8,90,127,96,106,111,104,26,115,88,89,1,30,78,19,43,6,53,56,51,60,18,98,81,129,7,95,116,126,77,102,23,33,32,119,9,35,101,73,12,48,46,17,55,50,61,117,70,130,15,131,105,114,121,75,134,118,110,3,109,123,135,113,83,112,57,65,100,10,63,72,45,28,2,5,74,52,107,39,68,97,38,82,125,49,21,85,29,47,27,34,13,14,11,59,80,0,128,42,132,37,99,16,36,124,108,71,91,120,86,122,40,41,22,44,58,133,54,4,87,67,103,24,25,84,79,92,66
6,3
