2,47,94,132,129,60,87,35,89,71,25,48,22,108,7,99,24,10,84,8,95,105,9,30,53,125,57,77,120,36,124,45,130,91,78,23,34,122,128,37,72,68,39,63,6,13,106,96,32,3,74,114,83,115,40,31,58,62,67,49,127,16,90,117,41,1,18,81,69,116,109,50,103,21,15,133,43,76,113,26,38,27,46,64,102,52,11,28,44,107,51,80,88,14,112,100,121,12,85,65,4,73,59,75,82,126,61,29,19,79,5,54,118,131,110,97,17,0,92,55,119,93,70,98,33,56,135,123,66,42,111,86,134,104,20,101
3,2
121,135,36,25,84,86,11,56,111,98,29,129,33,32,80,20,48,87,53,96,114,17,83,124,26,77,10,42,72,4,125,49,28,50,27,31,40,5,79,8,104,107,41,19,130,63,6,1,65,66,45,113,71,116,16,74,85,9,67,37,15,52,133,93,21,22,47,94,78,54,55,117,122,101,7,51,60,109,13,35,57,106,30,69,102,76,108,64,43,132,23,18,62,24,100,39,75,131,99,112,14,97,105,73,103,115,134,46,3,88,70,118,61,34,127,81,58,126,68,128,82,123,44,119,92,91,0,95,120,89,59,12,38,2,90,110
1,5
10,44,56,96,59,12,28,79,26,84,90,109,61,78,52,106,4,135,33,97,38,75,63,2,35,46,87,34,39,119,50,36,8,17,91,92,71,13,126,99,69,24,64,67,57,72,100,113,110,3,93,16,19,134,70,7,118,60,73,117,14,0,51,132,21,11,54,65,129,98,133,49,22,55,76,89,104,123,111,88,43,31,101,130,27,32,120,62,124,77,40,29,74,131,116,45,15,102,112,9,47,122,53,25,41,80,128,68,81,30,105,66,82,83,1,5,114,127,23,121,18,86,6,20,108,103,48,115,85,95,42,94,125,37,107,58
4,4
44,50,92,118,100,23,86,59,58,119,55,66,17,35,108,126,27,105,1,75,48,101,85,70,25,10,71,0,14,36,115,76,80,15,84,98,67,72,74,81,28,104,29,97,33,32,64,5,124,31,4,113,95,102,7,134,16,2,34,135,116,131,103,52,112,130,18,133,49,24,6,79,91,11,114,65,9,77,19,40,73,63,111,88,107,62,128,20,51,61,129,94,8,38,41,121,60,12,21,43,54,3,99,106,96,90,22,132,68,56,30,109,110,47,13,37,87,46,123,125,120,83,89,53,78,57,93,26,39,122,117,82,45,69,127,42
2,3
30,29,8,17,40,108,116,75,10,5,32,117,13,28,70,91,115,124,60,132,62,3,122,22,41,127,19,59,134,34,84,103,73,105,106,2,52,51,49,71,98,14,45,87,47,6,44,92,130,83,82,9,99,58,68,38,56,74,114,11,55,129,39,15,112,101,85,76,102,27,20,97,111,35,69,31,50,119,78,36,107,42,25,72,121,43,65,26,128,37,18,123,80,81,109,54,131,113,133,95,120,57,33,24,125,79,0,94,110,64,126,48,4,63,104,135,1,77,12,23,100,89,90,86,7,46,16,93,67,61,53,21,66,118,88,96
2,2
55,113,8,32,133,131,25,11,93,84,90,88,107,51,2,50,115,82,74,37,72,111,64,106,102,43,17,22,94,53,78,122,116,75,3,123,79,7,42,56,15,29,127,34,105,5,1,68,19,6,87,62,132,4,130,71,119,86,47,128,118,95,103,31,97,58,81,46,96,99,70,108,18,67,104,38,112,36,92,126,21,89,45,121,135,14,48,114,98,9,26,101,59,24,100,110,80,35,12,63,73,60,134,13,109,66,10,52,65,20,44,27,85,23,61,41,117,39,76,129,57,120,54,33,16,83,125,0,77,69,124,28,91,30,40,49
4,3
75,38,108,70,39,101,100,91,74,48,110,84,104,36,112,40,106,4,114,67,133,107,50,32,127,90,135,12,66,49,72,92,87,35,94,118,63,42,14,51,18,43,26,30,80,52,56,103,3,97,44,6,129,7,2,119,102,11,89,93,82,46,88,60,86,109,62,54,65,96,53,126,59,85,33,128,15,115,22,47,8,13,99,122,95,34,120,64,121,28,125,124,45,98,57,116,76,23,69,113,37,83,134,27,21,130,68,0,55,31,16,79,29,9,25,73,78,58,20,61,5,105,132,111,77,81,71,41,10,123,117,24,131,17,19,1
1,4
98,56,69,26,81,7,43,24,38,118,115,55,108,105,76,131,99,93,120,107,58,50,67,28,92,97,103,61,6,40,94,66,15,109,71,37,45,135,16,113,119,102,18,64,122,125,25,84,117,87,116,77,49,9,121,78,35,5,51,91,33,72,126,21,48,129,123,11,34,42,82,124,127,46,63,22,19,3,114,104,57,1,65,4,13,36,134,130,85,101,27,80,79,89,95,54,2,111,100,86,8,29,41,62,30,0,112,53,14,52,74,44,106,47,83,20,10,12,128,68,88,23,32,31,70,60,75,96,17,73,132,133,90,39,59,110
5,1
110,102,8,63,105,4,22,85,7,118,55,129,40,28,48,13,82,43,80,116,60,120,124,35,99,84,51,132,77,119,3,46,125,96,121,111,57,126,134,54,70,32,92,95,44,104,71,94,61,27,56,29,133,78,97,73,88,91,101,9,23,68,58,6,1,59,98,67,33,131,47,2,108,65,83,45,38,24,90,42,52,72,31,36,122,127,100,107,53,26,18,130,89,30,41,17,74,135,0,21,14,11,114,62,12,64,16,79,69,5,115,113,106,76,123,109,10,39,15,50,86,103,20,34,112,117,75,87,81,19,66,25,49,128,93,37
2,2
70,59,121,104,134,9,32,115,93,26,72,55,80,76,46,44,24,135,13,6,5,28,43,37,27,77,10,60,4,2,36,3,45,7,118,106,49,103,40,110,69,79,47,83,82,84,86,114,117,51,12,15,11,127,91,48,30,94,85,128,31,61,67,90,133,19,23,18,42,100,14,33,0,63,132,98,125,71,41,57,39,66,38,17,58,101,50,131,129,75,126,97,78,73,20,34,108,64,123,81,56,107,29,113,96,52,112,95,74,124,99,68,8,53,21,92,87,22,54,105,89,1,35,102,88,109,130,120,25,111,122,65,62,116,119,16
2,4
15,80,25,42,17,19,49,77,116,131,87,61,50,99,8,119,97,94,88,37,112,134,55,64,38,18,117,62,43,79,93,89,69,54,51,108,34,75,103,105,5,44,7,96,113,111,32,101,74,130,33,58,48,133,59,0,23,36,22,20,83,104,3,67,107,85,21,60,95,90,121,129,76,123,4,46,100,1,28,106,53,12,57,126,109,52,30,73,40,84,120,122,31,47,68,102,66,70,128,2,41,63,118,13,11,9,115,98,56,124,39,78,92,91,114,6,29,14,71,35,127,86,72,132,27,45,135,125,24,110,16,65,82,10,26,81
3,5
54,39,105,122,40,23,94,114,60,115,65,131,104,27,67,34,112,103,44,10,102,71,75,8,111,106,134,93,51,35,129,91,107,24,62,100,17,47,68,123,72,19,108,99,33,45,6,16,64,132,31,1,7,61,36,135,25,118,101,117,89,41,2,42,82,98,57,15,86,52,95,127,87,59,56,92,55,69,96,63,74,13,46,32,22,12,83,128,14,130,53,11,81,28,21,126,37,50,3,85,76,0,20,48,38,80,78,125,133,116,88,121,30,97,29,73,120,113,43,58,90,119,49,4,109,66,110,5,9,79,70,26,84,18,77,124
3,1
0,114,127,25,117,70,20,68,122,36,4,57,101,62,16,108,13,134,27,58,94,39,49,130,30,61,90,26,103,126,11,71,74,55,56,79,8,34,78,40,9,104,63,76,23,2,50,93,107,84,102,45,41,81,67,91,54,52,124,46,80,3,6,119,109,60,43,48,1,99,12,77,129,106,28,33,21,82,35,75,121,7,96,112,115,32,69,85,95,19,17,5,44,97,15,38,128,65,24,86,37,29,59,42,66,105,73,31,118,47,135,22,125,98,14,88,132,113,120,131,110,83,10,116,123,133,100,53,92,87,72,111,18,64,89,51
3,2
87,82,66,84,43,100,98,71,101,76,11,50,122,113,78,45,115,123,97,35,99,126,73,57,132,79,124,15,24,63,19,114,81,125,56,52,108,85,41,109,135,65,8,44,34,5,64,28,88,49,94,18,58,72,32,36,30,22,54,86,96,46,13,53,12,59,105,129,128,16,133,75,134,68,67,4,48,95,6,21,1,70,33,7,120,0,51,92,55,29,61,17,39,31,118,60,27,80,93,131,62,102,74,104,14,110,119,10,42,130,37,83,9,25,23,107,91,127,2,116,26,77,112,20,103,117,121,40,106,90,3,111,38,47,89,69
4,4
70,45,81,32,122,8,69,40,116,103,120,41,105,130,57,25,50,43,30,66,59,126,44,24,47,65,21,125,117,27,108,133,15,73,55,89,60,95,20,36,74,28,82,63,85,106,127,53,124,39,86,22,76,90,35,111,68,11,67,3,64,107,78,83,119,75,121,99,37,23,16,13,91,5,2,18,112,96,80,128,10,104,46,1,4,123,0,14,92,129,77,79,56,49,115,100,34,109,61,51,114,101,118,88,94,29,12,132,54,19,87,113,102,58,9,26,38,93,62,134,110,7,52,31,72,48,135,42,6,97,17,98,71,84,131,33
2,2
56,8,110,74,38,11,9,121,133,7,51,131,83,59,82,20,46,111,108,126,120,42,90,49,73,65,122,81,96,21,43,112,19,53,1,0,92,102,106,125,61,64,33,25,26,77,68,69,116,80,4,135,75,84,57,67,89,55,39,34,115,66,87,15,40,18,54,30,101,23,118,76,117,24,128,27,100,37,94,93,16,28,114,79,98,22,130,31,97,107,47,6,60,5,103,14,2,113,86,72,105,41,29,62,45,52,99,48,44,63,58,91,12,13,109,123,104,119,132,85,129,134,10,124,88,71,127,32,78,17,50,3,35,95,70,36
5,3
104,123,132,110,15,1,119,129,117,88,60,102,69,30,46,41,8,101,79,108,17,7,83,95,29,5,48,65,20,82,76,21,6,84,50,2,18,56,34,113,120,80,52,100,19,28,11,121,23,26,135,53,68,13,70,124,24,40,78,33,106,118,86,25,51,91,43,122,112,38,105,125,115,31,4,116,58,45,96,47,97,128,94,57,89,73,32,134,130,42,54,75,109,36,111,90,87,22,107,14,44,103,71,114,99,55,77,3,92,49,131,12,66,81,74,126,72,35,10,61,37,62,98,127,59,64,39,27,93,0,85,9,63,16,67,133
4,6
32,67,128,87,60,105,114,39,78,118,103,99,68,129,10,74,57,117,76,44,40,59,58,119,81,102,70,50,24,122,23,30,45,62,107,101,56,64,11,7,106,93,15,130,14,46,53,25,12,97,27,111,75,9,36,55,79,49,16,98,17,85,116,90,73,4,42,125,13,112,33,121,21,88,80,94,37,31,83,61,26,104,84,28,72,6,115,127,20,109,43,100,71,95,5,96,132,82,124,47,19,108,34,91,89,29,86,1,126,110,123,133,131,8,22,3,66,120,77,54,52,48,2,0,92,113,69,38,35,51,18,63,135,41,65,134
5,4
43,112,127,133,130,125,16,131,86,6,96,40,7,60,37,23,99,4,56,28,106,98,110,21,116,52,10,83,3,82,36,102,105,115,78,64,107,20,95,67,101,94,89,88,17,41,63,92,1,77,12,109,120,119,103,62,123,45,122,13,93,15,55,51,24,75,50,65,22,61,68,128,48,132,59,5,14,118,49,47,113,104,26,80,29,76,129,87,34,9,114,25,8,91,124,54,46,69,71,126,90,70,2,111,84,73,42,58,134,32,18,31,39,121,66,57,53,19,44,85,81,0,38,11,72,79,100,27,30,35,74,97,117,33,108,135
6,1
121,0,101,134,131,47,49,117,89,84,69,86,56,41,78,105,82,52,95,2,83,109,35,125,102,9,94,100,118,129,51,72,97,48,91,88,128,19,135,31,104,75,60,126,107,11,16,40,29,3,130,106,61,67,71,22,26,59,45,36,79,63,46,111,108,119,73,12,7,123,4,116,6,34,92,25,17,64,70,54,90,115,5,53,132,65,93,99,28,81,66,8,76,55,10,96,18,23,87,127,37,110,21,58,122,68,24,74,85,77,133,103,38,57,98,120,50,43,33,27,30,20,113,124,114,13,32,14,62,80,1,44,39,15,112,42
4,3
36,64,17,75,90,115,2,57,130,102,62,9,117,21,93,122,71,83,77,46,45,47,128,105,42,38,58,43,23,81,41,131,104,26,60,25,14,91,121,92,54,125,95,39,3,111,1,132,7,6,119,82,78,126,73,31,48,34,4,24,40,96,61,56,85,50,29,27,30,107,133,22,16,84,98,89,10,32,20,101,51,110,76,5,94,116,87,53,108,67,135,13,114,127,15,33,124,106,68,70,99,66,86,113,35,120,63,69,88,80,44,19,72,12,112,123,134,59,97,74,65,118,129,79,52,49,11,103,18,0,109,8,55,100,28,37
4,3
109,20,17,119,24,90,85,18,28,135,117,79,52,55,126,9,62,97,123,74,112,19,120,27,105,127,44,26,7,11,93,68,130,133,118,4,121,66,56,80,35,33,49,54,38,107,2,94,22,10,115,1,96,77,116,32,113,43,78,14,41,110,132,87,13,29,95,104,125,57,3,134,81,129,6,15,106,30,45,73,89,48,128,86,65,114,101,76,23,37,47,100,40,8,102,21,67,59,99,60,103,124,34,70,16,75,64,111,83,31,69,91,50,92,0,51,5,53,131,98,25,36,61,46,58,72,42,108,12,39,88,82,63,84,71,122
2,3
14,71,8,38,25,82,119,116,96,132,6,111,69,13,123,32,81,56,86,126,102,83,37,0,113,44,62,134,131,60,66,17,100,27,129,87,79,4,118,70,77,95,63,117,73,103,108,24,22,92,74,28,29,130,19,127,115,48,52,106,65,85,109,33,45,51,7,80,11,49,97,91,39,94,76,47,101,135,120,54,40,133,31,20,36,105,110,23,68,98,90,21,41,75,30,15,84,1,35,5,67,72,99,9,34,89,124,18,93,26,53,43,50,122,55,88,125,121,78,112,57,61,12,58,42,59,10,64,104,16,2,3,46,128,107,114
3,5
1,41,99,84,96,15,102,93,49,18,100,77,34,121,72,31,128,54,24,104,69,62,117,73,23,10,107,59,70,14,101,92,127,118,12,43,19,85,98,20,9,123,120,113,76,27,87,66,129,75,105,64,45,35,86,94,32,5,44,68,83,53,42,67,110,2,6,39,125,46,26,74,103,80,65,134,22,33,36,38,91,11,58,28,61,122,108,7,63,16,25,56,71,114,30,115,81,29,3,0,79,37,8,132,82,95,60,48,126,55,40,131,78,88,130,97,90,4,51,13,133,111,135,112,57,17,109,116,119,89,52,124,50,106,21,47
6,4
12,21,10,36,109,108,134,40,70,19,58,23,43,42,132,124,31,71,41,30,28,0,85,25,128,1,135,57,125,133,15,45,34,66,104,83,79,7,86,88,114,93,117,26,100,92,73,81,54,6,76,119,89,27,17,94,38,129,113,120,78,29,95,99,47,37,53,116,107,82,68,123,91,131,48,14,24,5,106,35,118,130,46,121,56,9,67,96,3,60,90,61,59,103,49,52,32,20,18,115,80,72,87,126,13,127,105,74,111,62,64,77,16,97,63,8,44,11,75,84,50,101,55,98,22,110,65,69,112,51,102,39,33,4,2,122
1,4
78,130,74,79,129,13,24,58,111,44,121,49,35,43,23,11,80,110,22,76,116,25,105,18,9,108,26,120,107,62,29,70,34,93,7,68,48,112,36,31,87,54,57,19,86,66,92,52,6,65,96,133,95,115,135,82,119,20,2,47,63,118,85,14,8,83,56,51,73,72,53,109,122,59,125,17,106,89,94,27,102,30,114,88,90,0,16,38,100,1,128,4,12,39,126,124,3,99,15,75,131,42,97,84,55,41,21,113,40,117,37,64,45,103,5,69,98,28,71,46,134,10,50,60,67,32,104,127,77,132,101,61,81,91,123,33
5,3
76,36,10,17,18,105,53,89,39,59,134,102,37,131,25,121,116,48,72,122,94,95,129,106,84,69,98,82,74,41,35,132,113,120,67,71,12,21,64,126,63,3,23,125,73,79,58,8,43,15,80,5,40,90,20,88,57,81,93,128,52,91,110,66,104,46,97,108,26,49,50,6,30,1,2,124,83,22,111,109,19,133,127,32,65,117,14,75,68,27,78,103,9,4,13,115,130,96,118,34,62,56,29,77,92,24,87,107,100,135,44,70,47,42,51,85,33,114,11,45,7,86,28,99,31,61,101,112,119,60,54,0,16,55,123,38
2,5
96,49,62,74,123,93,104,8,130,63,26,13,76,14,7,108,4,16,79,116,97,40,106,131,19,27,78,42,99,111,3,135,69,21,75,101,38,51,39,25,53,18,125,11,54,117,55,10,128,103,82,81,94,122,98,91,24,36,52,118,6,28,90,87,71,60,48,109,68,57,47,30,89,120,84,95,17,22,35,58,80,127,119,132,92,114,41,113,37,9,115,59,45,67,129,29,66,12,73,126,70,102,15,133,2,83,64,1,43,46,105,32,100,20,31,110,121,50,65,34,85,61,56,5,72,112,107,88,33,44,134,86,124,0,23,77
1,3
41,100,65,36,55,12,69,131,101,92,17,2,18,68,29,121,1,114,127,115,104,112,11,35,31,46,40,98,86,6,120,81,99,97,54,71,80,22,52,32,20,47,113,108,25,63,74,43,77,78,85,48,64,42,9,134,39,102,135,76,57,95,103,107,128,96,89,33,19,38,132,34,37,13,91,26,94,90,126,50,75,130,27,28,59,15,116,51,3,61,5,106,124,7,45,133,87,82,109,67,119,70,72,118,24,14,56,122,125,110,111,88,23,79,84,129,0,62,73,21,16,93,105,58,44,117,83,49,60,53,8,123,4,30,66,10
5,4
119,21,70,115,11,120,51,133,27,128,78,94,100,0,3,22,1,14,113,30,62,8,53,35,108,37,52,102,90,55,105,2,38,123,80,26,91,103,25,107,41,16,23,101,71,112,59,88,127,7,43,32,104,15,118,122,48,83,117,131,126,17,58,9,10,68,39,132,98,18,96,66,20,63,99,67,29,129,116,34,50,84,12,24,47,77,109,110,97,92,6,45,135,33,31,42,74,56,75,85,28,49,111,124,121,93,106,76,86,5,54,61,69,4,87,130,81,64,82,13,79,19,44,89,60,134,40,72,125,73,36,57,95,65,114,46
1,3
26,95,74,97,61,133,47,36,118,81,108,105,89,135,101,50,58,18,121,56,100,125,117,109,30,38,128,122,10,43,11,53,46,19,104,94,35,83,107,90,63,98,31,52,115,68,119,0,64,102,21,8,120,33,113,71,92,86,45,20,49,62,82,24,23,116,75,103,84,96,28,57,78,112,42,65,6,87,88,99,4,32,124,106,77,80,41,48,93,9,1,67,40,126,70,79,111,110,55,22,76,51,17,54,12,60,127,73,129,123,85,114,29,59,14,66,39,15,25,134,5,131,34,2,91,37,7,72,132,16,13,44,3,69,27,130
3,4
30,125,4,128,71,73,89,48,72,37,8,96,14,126,85,86,134,104,28,5,84,47,130,24,25,60,7,56,94,132,13,55,52,95,124,82,108,6,87,83,1,61,129,0,78,16,69,59,133,45,50,79,18,123,66,80,32,40,109,127,64,67,31,97,107,115,22,36,99,92,51,103,113,15,76,9,34,105,112,93,131,75,70,19,110,38,90,68,54,41,120,119,17,33,106,121,118,63,46,91,42,39,102,49,2,27,65,26,35,111,3,114,117,100,11,116,74,58,62,23,21,43,53,10,101,12,20,81,77,122,135,98,88,57,44,29
3,5
52,32,19,51,58,107,36,114,8,30,49,55,86,84,31,73,100,88,72,22,7,122,132,17,134,26,27,94,128,67,115,18,15,64,71,65,59,9,110,105,28,50,119,33,21,54,93,111,108,85,34,56,61,125,129,43,48,127,24,121,78,103,62,68,3,90,70,97,101,133,116,37,35,113,47,79,13,102,124,120,117,82,95,75,45,41,23,11,16,44,6,42,74,2,29,91,126,5,57,40,104,46,123,96,106,63,4,69,66,77,38,39,12,118,25,53,0,89,83,1,76,109,92,14,135,99,112,131,87,98,80,10,130,60,20,81
3,2
80,104,105,126,108,117,101,29,6,0,26,65,15,47,60,25,14,114,122,133,77,116,50,62,99,73,2,79,17,56,48,97,115,39,54,37,89,102,96,130,103,11,44,106,119,128,16,51,58,110,88,36,84,34,127,3,33,98,85,68,43,74,70,100,129,90,21,35,95,132,1,32,22,134,24,71,52,67,86,59,82,46,75,94,30,111,53,112,40,8,27,61,66,41,124,12,64,38,19,4,45,120,42,28,23,5,49,18,118,20,76,81,63,135,93,109,125,72,107,83,13,9,10,91,31,55,87,123,131,69,57,113,7,78,121,92
1,5
107,31,90,53,76,54,37,104,0,135,5,93,120,94,109,7,45,72,97,20,69,21,82,68,33,66,15,48,3,87,40,60,130,121,2,42,119,25,73,105,27,108,13,124,8,85,129,117,115,30,57,28,95,1,96,131,132,65,99,128,26,6,123,79,14,77,127,50,10,100,56,23,122,43,38,17,74,114,59,70,51,41,84,18,71,103,46,63,32,34,83,29,101,112,62,118,98,86,58,11,133,12,16,64,35,116,44,67,80,24,19,4,81,134,91,111,126,92,55,102,75,113,125,9,88,39,110,36,47,52,89,49,22,61,78,106
4,1
54,113,89,90,102,67,11,86,22,116,84,37,30,107,93,29,94,53,36,118,0,76,92,14,111,47,74,57,44,82,110,21,45,12,130,28,104,79,123,6,64,17,66,81,19,7,13,40,72,97,114,25,96,20,4,58,68,61,121,62,15,125,77,73,124,70,56,85,60,132,115,59,10,131,18,105,95,9,75,65,46,119,42,31,122,1,43,41,112,52,49,48,134,91,51,101,126,55,109,128,38,135,63,2,8,120,83,26,35,127,71,133,69,108,24,5,88,106,100,98,23,16,33,129,103,117,32,78,3,27,34,99,80,50,39,87
6,4
73,12,72,23,49,16,68,13,105,88,51,46,78,135,110,85,106,91,2,121,25,103,52,118,90,43,6,38,47,59,18,117,89,71,134,53,119,40,114,36,55,81,15,94,125,109,56,30,93,120,112,86,48,26,31,1,9,113,69,42,100,34,17,83,99,76,116,87,133,98,115,77,95,104,27,5,97,107,79,62,102,128,11,101,29,82,66,122,24,75,3,130,129,19,7,127,70,50,28,45,63,96,92,4,14,64,80,60,111,67,57,39,58,33,126,65,20,132,123,32,41,0,22,108,84,54,74,61,35,10,37,8,44,131,21,124
6,1
82,63,21,8,106,29,80,111,9,31,71,39,44,83,38,55,3,91,121,69,65,19,51,10,30,77,27,56,116,98,66,40,129,17,53,105,119,70,107,61,26,73,50,1,114,43,89,110,93,67,72,97,0,68,16,78,130,75,24,126,28,62,6,94,74,32,79,81,104,85,12,109,35,128,47,4,131,25,113,101,42,115,134,34,132,11,124,7,60,95,117,49,14,92,96,13,100,64,57,118,87,58,52,88,20,103,122,45,36,84,133,99,90,2,120,54,76,108,127,15,135,125,33,37,102,22,86,18,23,41,123,48,46,59,112,5
5,3
88,22,75,41,85,122,49,27,74,120,87,1,17,94,106,83,126,15,4,123,86,124,65,50,109,67,8,96,130,5,51,121,14,81,45,95,84,78,62,116,80,57,129,11,115,20,60,44,93,69,7,31,98,30,59,19,112,131,105,117,3,107,128,101,46,64,102,25,133,32,135,36,26,53,29,33,89,72,90,132,99,12,42,73,71,10,40,63,18,24,110,100,79,103,97,55,48,35,61,134,37,76,38,52,108,111,119,66,114,21,6,91,113,92,47,13,56,70,125,34,28,68,16,23,58,54,104,9,77,2,118,43,0,127,82,39
6,4
84,124,41,38,75,122,133,95,73,23,46,13,125,82,52,89,47,97,118,6,36,126,101,78,43,81,59,72,98,113,11,63,10,80,110,102,92,107,4,70,100,39,29,60,53,31,65,8,54,42,119,74,135,132,33,94,1,14,2,16,88,130,112,120,17,85,45,51,106,19,0,108,77,37,117,61,90,103,30,67,66,83,115,69,49,25,5,21,18,79,20,121,116,48,64,105,86,109,93,9,128,123,87,76,71,50,28,22,34,24,26,99,32,57,104,55,134,7,131,129,40,91,15,27,68,62,56,96,111,58,12,3,127,114,44,35
3,5
20,32,118,35,69,122,2,128,73,67,63,79,88,53,126,77,30,31,42,62,51,1,15,93,3,98,107,11,29,6,94,23,17,123,102,27,117,101,49,72,58,24,104,47,38,12,36,37,66,44,89,74,68,116,5,4,91,119,115,10,125,110,132,19,41,45,56,7,133,61,111,21,43,13,87,48,129,57,97,8,39,96,105,127,99,16,100,46,86,71,103,130,40,26,84,9,113,22,90,131,54,85,34,83,121,134,64,70,135,25,60,108,28,0,112,92,78,50,80,76,120,81,55,109,124,75,65,106,59,14,52,114,33,18,82,95
6,1
59,107,5,29,22,64,30,4,122,51,75,18,125,108,8,101,121,84,69,89,50,90,87,102,128,124,12,34,103,106,73,120,92,28,119,86,54,131,126,80,41,33,105,63,135,42,88,117,78,7,16,132,109,19,60,93,85,10,99,20,46,49,72,45,32,104,24,134,127,113,55,71,95,66,83,14,58,35,68,100,13,81,115,26,21,123,52,62,61,36,56,76,118,43,17,114,67,112,133,2,25,27,11,47,77,38,74,91,82,57,79,65,31,37,23,53,39,94,6,44,9,111,40,116,1,15,98,130,70,0,48,110,97,3,96,129
4,4
77,89,1,99,124,47,59,67,58,79,100,57,21,19,69,119,98,2,45,23,61,108,76,120,113,116,104,63,16,22,123,14,83,44,97,46,91,8,92,121,53,26,111,20,128,80,31,75,17,55,118,84,81,37,114,52,35,88,27,90,110,36,129,135,6,40,51,73,68,32,56,3,43,65,131,25,71,102,13,28,85,9,49,39,127,30,38,107,112,12,126,134,101,62,78,96,48,93,64,41,117,95,103,4,18,10,11,115,87,15,132,122,33,50,70,86,109,72,54,66,130,29,34,5,125,133,106,74,7,0,24,42,60,94,105,82
6,6
72,59,93,27,49,28,81,21,1,40,76,9,56,102,135,35,126,67,131,105,12,86,14,124,11,62,61,34,10,2,125,38,64,16,98,25,4,103,104,87,22,65,115,29,94,26,120,112,130,101,0,32,106,78,33,122,46,111,73,7,127,118,92,110,85,129,69,20,89,13,75,50,37,80,99,5,30,8,84,15,128,68,108,74,39,6,45,51,3,47,107,43,60,132,134,100,90,23,79,133,88,117,97,121,58,17,116,19,54,63,71,44,109,82,52,83,55,113,123,18,77,53,119,24,48,36,95,41,31,91,66,114,57,96,70,42
5,4
100,24,89,47,32,84,35,69,20,102,75,118,74,95,53,124,0,45,68,127,22,44,56,4,26,16,71,113,128,50,30,114,120,36,106,129,9,48,42,6,131,79,97,40,85,8,103,18,10,90,60,92,123,105,132,43,29,135,11,121,116,31,55,34,1,76,111,15,125,67,130,99,13,3,83,41,70,72,126,37,65,98,66,117,101,82,38,5,94,57,88,12,51,63,77,78,7,73,87,64,110,33,109,133,115,19,58,122,14,52,104,107,54,96,93,2,62,27,134,25,81,28,61,80,112,119,49,91,39,21,17,23,46,59,108,86
4,1
8,33,121,74,39,134,10,129,45,71,36,52,97,60,28,26,15,62,14,95,13,86,40,56,72,92,112,6,126,67,47,7,108,16,9,19,79,58,63,93,42,59,2,11,12,130,124,34,114,1,110,30,37,65,5,85,100,84,31,94,91,64,3,131,133,22,35,70,51,113,50,44,99,54,57,18,48,81,27,78,122,20,80,77,101,21,76,123,104,119,128,109,106,127,75,53,29,115,107,89,43,125,68,111,102,38,116,73,90,118,0,46,61,98,88,4,96,17,41,117,49,66,69,55,25,83,87,82,105,32,24,103,132,23,135,120
6,6
80,123,20,8,11,110,16,130,78,66,121,75,31,6,127,24,129,51,118,101,60,23,45,120,21,91,79,38,99,59,68,42,103,39,63,105,94,3,108,10,55,54,86,26,126,17,62,133,34,12,64,125,5,57,76,131,93,19,0,48,104,115,135,98,25,40,85,90,102,106,132,69,92,74,113,84,4,29,43,96,72,61,112,70,81,18,46,41,58,89,49,122,100,47,109,77,33,27,116,52,88,14,65,28,7,124,82,13,119,128,56,50,44,35,83,2,87,30,9,117,95,97,1,32,134,73,114,37,53,36,111,67,107,22,71,15
5,3
120,95,129,108,99,33,100,15,117,66,20,60,44,37,97,0,119,112,21,96,133,51,35,27,12,105,132,30,106,5,101,72,49,26,82,77,58,98,83,85,42,9,10,121,78,127,86,73,131,13,59,122,65,45,102,22,43,36,75,84,3,91,90,18,104,134,64,62,111,57,92,31,4,116,110,50,67,135,63,107,89,52,41,130,93,1,115,125,71,19,124,34,118,87,55,56,128,61,88,29,126,38,8,32,48,46,76,25,14,16,80,123,53,81,6,109,69,94,39,23,40,54,114,11,68,47,74,79,70,24,113,2,28,7,103,17
5,3
82,65,47,106,67,39,51,102,25,98,129,21,126,86,124,111,11,94,4,103,70,43,44,49,112,68,130,14,18,42,62,59,32,81,36,64,66,76,107,95,54,16,26,53,120,125,56,19,6,122,93,35,88,31,69,133,128,22,118,134,117,83,110,29,97,87,114,1,78,33,55,108,105,74,41,115,123,60,45,131,109,79,119,30,92,132,61,8,90,135,13,116,10,58,96,52,46,75,2,127,28,104,24,34,40,99,77,121,37,15,73,3,12,50,9,80,38,17,71,63,27,7,57,23,48,0,5,89,72,85,100,101,84,91,20,113
5,6
122,70,23,38,76,29,1,80,119,106,5,86,30,125,82,108,15,53,93,133,22,27,60,67,63,72,104,112,14,34,55,73,37,4,49,16,8,56,128,115,92,118,64,111,61,32,129,101,45,58,41,79,134,21,48,110,77,2,132,127,11,57,31,97,100,71,81,65,83,13,19,50,28,59,35,120,33,43,126,91,51,26,121,36,123,99,124,52,44,103,0,96,17,24,130,102,117,89,88,114,94,135,87,131,54,113,46,105,39,12,75,109,10,85,3,68,84,78,40,25,9,98,20,69,18,95,7,90,107,42,62,116,66,47,74,6
1,2
80,37,60,10,32,0,99,55,115,31,64,98,50,134,56,8,70,21,114,82,117,3,130,49,132,27,118,110,121,65,77,40,101,66,85,34,120,19,116,104,87,13,71,126,83,1,39,100,18,129,29,69,111,54,47,59,41,30,128,20,57,131,119,15,135,35,11,96,46,2,79,93,127,84,86,67,26,112,97,7,103,53,25,125,5,43,106,52,123,22,24,16,81,68,12,28,9,108,51,75,94,92,33,105,6,48,44,17,89,61,58,42,73,102,91,109,72,45,23,113,74,76,78,133,63,124,107,88,90,62,95,38,14,122,4,36
2,5
19,92,85,130,33,29,13,1,69,100,57,63,93,70,52,73,32,48,58,67,98,40,108,18,84,17,31,131,72,5,111,119,79,22,76,35,110,105,38,123,124,42,60,91,41,114,34,55,3,4,94,129,104,132,23,15,68,134,90,46,28,95,27,120,36,101,88,65,47,75,99,66,128,61,82,39,74,6,8,2,135,113,21,81,30,51,127,26,78,9,10,126,117,87,62,7,59,49,16,112,44,45,115,50,56,24,25,80,77,11,64,102,96,109,43,106,86,97,118,14,116,53,121,0,83,37,103,89,20,12,122,125,133,71,107,54
4,3
130,98,127,67,93,71,11,58,33,122,108,110,17,40,23,53,91,96,74,63,22,10,117,41,43,87,112,44,37,59,82,50,7,21,84,1,51,57,5,36,99,79,60,90,106,31,129,115,14,113,47,123,114,4,128,24,102,103,8,39,49,69,121,72,29,62,73,133,27,52,104,34,42,89,68,85,20,118,30,0,32,116,70,38,77,16,131,105,97,134,109,2,15,45,61,12,48,120,55,95,56,94,6,65,66,107,78,135,28,119,81,92,13,80,88,111,76,64,54,35,124,18,26,86,125,25,3,126,75,132,19,83,101,9,100,46
6,1
32,8,44,129,43,13,95,125,79,98,106,49,110,118,127,104,111,37,78,9,41,34,16,77,115,117,103,50,113,67,124,76,134,14,83,132,130,38,85,4,21,121,100,60,123,3,81,25,24,101,66,91,64,30,94,133,99,6,59,48,116,89,70,122,45,52,73,131,39,26,96,7,53,86,69,57,84,54,87,72,120,135,109,97,65,128,62,23,102,56,74,1,63,88,75,61,126,68,51,42,40,107,58,35,46,17,27,105,18,10,36,0,108,29,93,28,80,112,12,114,55,47,119,5,82,15,22,20,92,31,90,71,19,2,11,33
3,1
102,32,3,115,96,69,87,45,16,37,127,41,97,52,121,72,10,26,79,61,98,91,57,17,8,111,67,70,83,11,107,60,73,28,63,106,59,15,113,77,49,80,21,13,51,76,40,56,133,46,12,123,95,31,110,27,132,84,128,9,89,88,38,86,24,103,131,135,81,114,100,62,104,36,25,35,117,1,30,44,134,29,4,85,20,93,108,116,78,122,54,119,23,124,99,34,126,109,58,6,125,130,55,5,94,18,68,82,50,39,66,7,118,14,120,129,75,33,74,47,0,90,64,48,71,2,19,65,53,92,22,105,43,42,101,112
4,4
60,22,17,69,28,14,128,5,126,117,101,49,2,44,55,32,38,130,100,58,88,23,103,125,122,56,99,12,30,34,3,43,82,68,11,87,71,83,41,52,59,115,135,20,79,91,64,123,92,73,61,66,62,4,42,19,110,104,119,72,94,27,40,51,118,124,29,9,31,67,97,131,15,45,16,127,53,65,96,46,109,132,80,86,81,93,39,1,113,134,70,10,47,84,116,37,8,33,78,106,108,133,107,36,13,63,77,129,75,0,21,112,74,54,7,95,48,76,35,18,114,24,85,26,120,90,57,111,89,6,102,25,50,98,105,121
3,4
86,108,10,4,123,114,79,33,34,39,69,112,0,115,2,38,14,20,63,127,1,65,130,9,22,45,132,109,88,135,89,102,85,105,43,61,116,8,120,131,28,40,98,57,12,29,118,3,26,134,71,49,94,42,31,51,67,68,106,78,100,13,24,110,6,16,113,121,70,117,46,27,101,35,93,103,124,55,125,104,91,95,84,15,72,47,90,50,92,111,37,36,32,97,126,82,73,56,128,83,21,75,48,87,81,76,17,99,59,133,54,7,96,77,80,74,25,107,58,30,44,60,53,18,19,52,119,122,23,5,41,64,62,129,11,66
1,6
13,122,117,4,89,41,39,53,116,83,19,79,49,43,54,8,103,63,67,125,17,40,29,77,128,100,101,71,98,34,46,11,44,7,108,5,120,38,86,2,97,35,113,88,20,111,33,94,69,66,99,36,45,42,25,75,82,26,24,32,15,65,52,56,126,85,93,3,14,58,80,124,6,68,91,84,133,105,110,23,73,72,16,22,59,118,106,95,81,109,134,60,62,121,18,51,1,50,28,12,27,102,70,112,123,55,78,115,107,31,96,131,21,37,74,87,104,90,9,132,48,47,61,130,0,10,57,30,92,114,135,129,64,119,127,76
6,3
123,72,110,101,128,134,25,62,112,84,39,12,120,6,32,33,15,69,70,43,58,11,132,106,22,18,57,90,56,53,105,118,135,3,17,52,119,81,59,21,98,86,8,89,85,94,80,28,54,104,93,83,133,87,76,126,46,37,65,73,26,48,130,40,121,45,114,96,23,99,51,71,102,75,64,68,127,91,35,24,2,61,9,63,31,47,16,116,67,103,97,10,55,34,131,60,124,82,7,27,129,111,38,74,66,44,41,125,117,78,95,20,13,122,4,29,1,14,88,36,100,113,5,92,0,30,79,115,77,49,50,107,42,109,108,19
1,3
101,94,32,49,132,24,77,73,106,88,0,123,66,105,130,44,127,8,41,60,92,108,40,30,107,56,19,7,62,69,126,102,131,134,96,45,125,58,28,55,76,110,39,23,38,93,86,118,119,57,109,31,51,114,16,117,121,22,29,67,115,37,72,42,79,63,53,104,80,90,98,100,33,52,20,122,1,14,97,65,103,87,68,46,15,6,81,36,43,71,48,59,54,120,113,85,64,124,21,95,135,13,3,11,5,111,129,112,99,50,78,18,84,17,2,74,25,133,89,128,91,34,27,82,70,61,10,12,47,35,116,26,9,83,75,4
1,5
39,72,80,68,42,90,70,111,125,53,35,54,44,1,64,69,8,36,86,26,99,33,96,73,120,31,30,133,79,34,98,122,15,23,135,93,16,92,48,66,112,56,104,97,117,46,45,110,91,13,81,106,105,38,41,29,128,127,108,40,25,101,76,124,5,22,51,47,84,67,134,60,94,57,7,119,75,27,0,37,2,87,55,58,102,109,130,9,89,82,100,32,62,71,10,6,116,123,65,43,24,118,52,4,83,115,85,74,21,114,95,17,14,50,78,19,113,107,126,103,20,12,77,131,132,18,61,63,28,3,49,129,121,59,11,88
6,1
121,67,12,4,73,17,10,86,22,32,48,75,36,78,3,11,112,69,127,97,89,128,117,130,88,109,16,84,96,60,25,14,26,53,37,24,123,135,92,116,91,21,66,2,56,52,33,57,71,27,80,42,15,103,134,45,35,55,20,70,74,76,23,41,129,18,107,7,44,54,1,77,5,58,133,8,29,122,61,72,28,101,100,90,39,79,104,99,65,115,46,113,111,50,9,119,68,63,118,131,13,31,0,124,81,40,114,105,59,6,30,49,34,120,132,82,62,108,51,85,47,19,93,126,98,43,64,95,125,110,38,94,87,106,102,83
5,6
88,45,114,8,56,57,39,75,50,98,104,5,119,118,87,79,16,61,28,92,29,84,72,30,3,27,13,93,105,120,135,52,32,38,41,134,111,14,107,54,96,76,24,36,122,117,129,109,95,46,89,22,94,113,40,11,121,80,64,82,35,128,9,66,6,15,55,53,48,25,4,44,77,74,70,2,1,97,65,21,102,133,91,124,42,123,127,19,126,73,17,100,110,106,51,26,67,90,81,47,12,116,103,125,18,115,60,83,99,85,62,59,112,10,0,86,7,63,71,20,78,108,43,23,34,130,68,37,132,49,33,101,58,31,69,131
6,5
7,108,83,64,130,19,88,122,120,67,92,128,84,114,93,71,61,89,124,22,133,69,55,35,96,131,16,40,63,43,38,82,103,127,102,12,17,77,109,62,33,32,37,100,49,44,36,47,101,25,110,57,21,105,117,58,116,95,98,11,13,6,75,2,129,113,18,86,20,45,53,23,94,51,132,1,39,50,4,78,29,59,104,97,8,99,0,27,115,135,91,79,125,46,65,107,56,34,80,41,106,85,123,73,87,9,66,70,3,72,111,90,14,121,126,31,52,118,119,76,15,24,60,28,5,74,134,112,10,54,26,48,42,68,30,81
1,4
135,2,26,25,63,34,122,124,101,59,31,95,114,20,15,127,125,112,107,94,91,51,33,128,53,77,10,47,100,68,35,14,69,7,97,55,38,30,105,98,106,82,129,62,71,54,118,18,108,76,92,21,84,73,32,90,134,67,60,102,88,9,78,113,13,65,58,86,109,119,39,57,43,45,99,70,11,16,116,61,89,64,40,56,27,87,74,85,41,50,12,46,4,83,23,5,126,44,123,52,132,49,75,24,79,19,37,93,131,104,3,1,111,96,115,110,121,72,29,80,28,117,6,0,81,120,42,36,66,17,130,133,22,48,8,103
5,6
18,66,6,27,125,57,61,84,98,14,76,8,129,74,23,37,117,78,95,59,32,67,47,115,38,34,72,54,96,22,20,130,73,12,7,101,107,63,45,119,113,13,128,55,116,77,52,109,94,16,112,44,39,89,92,114,41,90,124,69,85,82,83,49,40,51,58,79,26,25,21,103,93,105,4,68,9,43,121,91,24,127,70,110,31,86,126,87,28,10,65,56,102,75,0,100,19,36,30,29,97,122,111,120,33,5,133,80,35,99,88,60,71,104,134,81,106,132,46,62,53,11,48,118,15,108,3,42,1,2,135,131,123,50,17,64
5,1
20,120,94,130,71,70,33,36,132,14,40,7,122,13,53,96,66,52,48,97,76,131,59,17,134,118,72,80,111,135,123,61,51,81,27,126,79,54,121,117,2,24,116,15,31,30,100,63,60,82,34,84,102,62,128,119,95,93,18,127,110,58,106,12,101,67,87,38,16,1,47,3,115,105,107,42,28,21,11,50,32,74,46,5,75,23,104,98,4,35,129,125,9,113,109,78,83,29,103,6,68,57,133,90,22,41,39,8,114,10,99,108,89,0,77,37,43,19,124,65,44,55,91,26,49,73,92,112,85,88,56,86,69,64,45,25
2,4
71,29,127,86,8,59,55,40,39,74,45,87,63,133,56,26,102,9,88,36,77,6,18,69,73,99,104,30,12,34,91,28,25,68,112,33,70,85,134,31,48,7,109,21,1,16,58,67,35,116,111,94,61,103,125,0,27,20,90,47,123,82,3,64,10,41,129,92,76,72,135,115,97,52,130,44,62,54,126,93,49,32,80,122,101,131,43,13,51,37,46,95,132,66,107,89,106,121,114,11,84,50,57,19,79,17,110,83,118,113,65,42,124,2,105,98,38,81,23,4,96,120,100,119,60,24,22,117,5,53,78,15,75,14,128,108
6,2
29,104,123,127,77,15,60,91,0,96,117,121,4,28,64,59,92,40,18,49,55,52,7,129,67,17,65,134,72,38,113,128,82,100,131,13,43,120,10,98,48,118,99,89,51,53,107,8,70,61,79,58,132,66,33,44,20,101,111,36,45,12,31,14,54,19,11,74,16,109,85,119,57,56,102,47,86,42,50,32,35,122,116,27,26,71,41,5,115,126,114,25,3,23,30,46,135,94,34,84,105,2,103,81,68,73,93,108,24,80,22,110,39,95,112,1,63,124,87,9,21,76,90,75,69,78,133,37,62,6,125,83,130,106,97,88
5,5
43,112,96,113,60,109,88,86,117,57,74,111,135,39,29,54,79,45,81,13,59,20,58,115,70,76,126,51,12,22,83,47,2,24,108,124,132,35,11,99,49,82,103,53,64,68,118,50,102,100,6,78,5,27,67,9,21,130,93,65,61,7,73,17,114,19,123,41,101,97,110,16,75,98,44,42,80,15,34,85,77,121,33,62,30,94,122,8,23,131,18,90,28,52,32,56,46,72,48,119,31,89,3,1,84,66,55,92,69,107,133,127,63,125,91,40,0,14,71,87,116,120,105,104,25,26,37,129,128,38,10,134,4,106,95,36
6,4
90,29,14,114,30,108,104,12,40,38,36,72,120,100,93,13,10,20,64,60,46,86,70,103,80,35,1,31,67,88,133,101,5,111,83,54,26,45,106,112,116,34,99,66,27,52,42,79,22,7,77,21,82,47,16,126,131,23,113,37,78,59,44,57,4,87,24,55,110,134,58,125,127,61,11,41,63,97,76,132,6,91,39,84,89,123,56,118,109,9,135,3,130,107,49,51,8,73,124,15,0,33,119,129,43,85,25,102,17,68,75,128,18,94,62,117,95,121,96,115,98,74,2,53,28,32,105,69,92,81,50,122,19,65,48,71
6,3
8,92,57,64,113,122,81,125,19,45,53,3,76,23,36,91,47,72,13,119,34,126,106,121,102,28,9,56,107,78,67,61,35,105,103,133,117,15,11,12,99,123,6,31,27,134,51,33,114,14,63,18,132,10,52,135,50,111,62,118,2,16,54,24,131,94,104,84,97,44,79,71,129,55,58,0,112,130,21,120,65,41,30,116,95,128,46,17,69,48,25,7,74,93,38,77,49,83,1,110,68,39,4,115,40,87,100,59,109,96,73,20,124,108,75,90,5,82,29,88,70,127,42,26,66,98,60,32,37,85,101,43,80,86,89,22
1,4
94,40,14,49,121,36,91,112,123,10,65,1,115,23,3,57,34,24,67,90,100,134,99,135,63,5,41,75,101,95,58,60,111,80,79,126,38,61,102,130,76,45,74,127,132,47,27,77,98,32,17,83,18,84,85,124,26,55,72,30,103,35,104,46,114,33,128,92,107,43,64,16,50,19,62,108,44,110,82,0,15,105,8,89,129,48,125,53,13,97,12,78,4,93,31,96,29,86,52,88,117,73,6,56,109,42,81,22,59,122,28,69,106,118,71,66,68,70,113,51,131,9,7,39,25,119,20,11,54,87,2,116,21,120,37,133
1,5
58,66,116,52,0,117,59,60,29,64,4,119,21,36,2,85,120,14,67,80,109,122,88,114,128,113,104,105,7,84,19,41,112,110,22,99,11,127,63,31,50,55,131,18,86,40,51,91,133,97,87,92,24,102,54,82,35,13,77,65,95,69,71,17,107,68,100,39,134,124,38,129,8,61,70,98,16,73,89,118,10,126,130,72,48,1,20,53,12,135,90,78,93,32,123,75,81,83,3,111,37,47,34,62,106,76,42,28,46,115,25,43,57,23,49,27,9,101,33,44,74,6,56,79,103,132,125,96,5,30,108,94,121,15,45,26
3,4
39,82,71,66,64,94,130,46,116,20,93,110,115,18,6,83,76,125,124,51,102,100,63,28,1,126,33,81,23,117,14,89,34,106,58,22,44,27,99,36,24,120,123,0,9,114,75,98,131,67,32,5,38,37,17,49,62,30,29,92,21,113,7,11,2,134,80,60,54,79,61,41,109,112,57,91,74,84,111,16,128,97,8,26,72,96,52,15,48,85,4,105,87,35,133,31,107,108,59,40,104,101,53,50,45,132,103,47,70,19,95,88,135,3,118,78,73,43,65,25,86,129,12,69,55,122,13,77,56,127,121,90,10,68,42,119
4,6
79,97,38,116,99,117,3,114,45,119,32,2,76,43,81,131,130,10,124,85,132,92,52,46,16,42,26,118,98,31,111,44,102,121,75,1,47,33,64,112,23,105,106,48,66,41,93,108,61,70,120,65,128,126,69,4,94,82,100,15,19,129,30,12,8,123,101,95,125,71,6,96,91,86,113,68,17,55,40,0,122,50,34,127,72,135,5,133,49,20,25,115,87,14,58,53,56,24,29,21,104,28,27,22,62,54,80,18,60,107,51,35,78,11,36,84,39,103,74,83,13,110,109,77,37,59,67,89,57,90,9,73,88,134,63,7
4,1
126,75,133,56,90,132,37,70,32,19,100,118,25,49,47,84,111,102,9,41,71,20,127,135,61,67,80,89,124,96,78,3,12,123,131,99,113,106,31,52,48,57,125,44,121,93,16,35,5,91,39,27,7,108,87,33,129,107,68,43,69,1,114,29,130,117,122,103,18,42,98,66,17,13,51,23,24,64,8,104,53,109,105,86,73,59,92,79,82,112,0,36,115,65,72,94,4,63,101,88,81,128,28,45,14,77,97,15,120,30,110,74,21,62,55,134,46,22,60,54,26,38,50,2,83,40,119,10,6,11,95,58,34,76,116,85
6,5
44,16,56,2,21,72,49,89,117,62,94,43,3,36,53,17,39,77,76,13,71,82,31,18,95,10,90,123,40,87,66,102,128,64,121,26,51,97,67,83,122,125,100,110,35,111,96,33,28,120,113,79,104,57,81,55,75,127,0,58,86,80,134,114,107,34,118,5,12,1,52,46,27,115,32,4,59,131,23,30,38,29,91,60,78,22,47,19,65,103,112,105,14,25,135,70,119,7,84,108,93,24,99,42,54,101,63,68,9,124,69,109,6,116,74,133,98,106,20,73,130,92,48,126,129,37,41,11,8,88,61,50,85,15,132,45
5,1
77,97,80,57,81,43,51,56,115,76,46,59,69,107,31,3,85,106,125,79,48,4,98,135,0,23,24,25,92,61,89,84,55,117,100,49,50,66,19,127,105,126,122,52,20,34,103,15,93,95,27,113,62,102,6,88,119,58,33,90,133,14,39,2,132,21,36,82,12,70,11,73,29,13,121,38,63,108,68,47,67,131,30,41,124,129,37,10,75,42,71,128,78,9,22,116,7,96,99,65,123,134,94,26,83,1,120,16,87,86,114,109,54,130,44,64,32,118,72,112,45,104,111,74,91,40,101,8,35,60,5,53,110,18,17,28
4,5
106,65,6,73,89,104,55,28,66,74,42,76,127,23,90,38,3,61,47,7,67,79,124,10,81,87,2,32,4,116,58,72,69,101,98,120,121,94,54,36,105,56,1,102,63,99,112,123,92,82,45,75,51,12,125,48,68,43,64,130,57,15,132,18,128,5,27,49,119,44,122,0,107,17,37,111,126,9,91,117,41,19,53,20,16,84,113,33,8,95,46,108,40,13,29,39,118,135,100,52,70,31,80,109,97,22,62,85,134,34,110,115,24,96,114,35,25,133,83,71,14,59,26,129,93,77,30,88,78,11,50,103,86,21,131,60
3,1
106,52,124,31,5,103,116,50,135,99,46,96,109,101,49,32,8,119,40,68,79,26,10,43,16,132,44,67,18,33,78,126,59,41,89,71,23,84,131,21,3,62,15,95,20,102,108,29,104,87,115,51,54,130,129,57,90,88,111,47,85,53,82,7,105,48,9,6,14,86,34,45,72,127,60,24,117,128,42,19,39,13,123,93,83,75,97,110,114,0,65,17,112,70,30,74,63,77,12,133,125,61,64,38,1,81,37,22,121,73,55,122,66,94,76,2,120,36,35,91,25,134,28,113,107,100,58,92,98,4,11,118,80,27,56,69
4,3
26,104,92,55,79,116,97,43,25,129,17,91,29,132,65,18,103,11,68,125,127,99,49,88,89,108,86,58,109,78,115,47,63,20,2,1,120,24,118,36,46,117,48,28,112,70,13,54,121,66,105,40,32,128,83,119,67,50,44,111,27,3,9,21,75,101,95,37,45,57,130,38,59,12,122,15,8,34,41,35,71,73,62,98,14,133,53,33,110,100,94,23,72,84,82,7,135,93,5,39,81,114,42,10,107,56,90,80,87,30,22,6,124,51,60,85,113,126,64,19,76,31,106,131,61,69,123,74,77,134,16,52,0,4,102,96
6,3
23,59,107,130,65,92,21,40,127,124,82,98,7,117,30,69,119,26,87,84,57,94,70,47,37,106,97,39,10,83,50,24,120,56,90,112,9,36,113,79,20,111,75,76,133,115,72,55,125,35,43,44,62,8,77,32,42,105,110,34,103,85,29,19,74,27,28,31,81,22,66,109,131,14,15,96,33,78,88,25,58,3,53,91,122,121,16,52,2,80,116,45,4,134,13,51,95,86,73,67,5,108,64,99,11,17,12,63,68,46,54,18,126,104,71,60,102,123,38,49,128,93,100,101,61,129,0,132,114,48,135,89,41,6,118,1
6,6
63,35,21,127,32,34,134,61,69,130,116,31,129,58,64,75,121,109,67,95,128,28,110,107,4,19,82,56,133,89,112,87,66,83,88,60,114,30,2,86,43,103,135,18,59,1,48,11,119,20,62,131,17,77,98,26,22,68,46,125,108,92,54,101,105,53,44,33,115,36,42,102,71,45,27,118,96,70,79,85,106,12,72,104,50,51,124,90,84,122,49,41,65,9,14,5,29,126,93,6,80,23,132,111,74,7,100,99,123,55,73,113,37,47,91,15,16,120,76,10,3,117,24,39,81,40,25,57,8,52,38,0,97,94,13,78
3,5
17,104,10,78,109,16,23,79,135,43,111,86,22,92,28,9,52,80,56,7,134,131,120,103,90,47,114,19,2,75,21,66,49,68,94,117,127,128,48,3,20,54,33,73,98,69,58,115,59,41,96,85,119,72,88,70,64,121,102,123,77,101,93,97,91,133,112,51,129,67,61,55,87,44,5,65,35,39,116,1,32,26,6,62,107,76,63,13,25,18,100,60,113,24,124,82,40,126,122,130,15,30,11,27,34,12,36,45,57,50,110,29,4,46,71,31,125,74,0,132,89,53,42,38,108,99,106,8,118,83,81,95,37,105,84,14
5,1
128,94,3,13,22,70,79,18,71,82,68,75,52,8,49,108,123,131,32,97,106,0,66,27,25,98,102,89,6,7,57,104,9,95,124,61,87,114,72,20,107,111,63,17,74,60,36,73,53,103,83,28,56,64,127,132,1,76,120,48,112,86,19,29,39,93,42,30,62,15,100,134,4,12,133,67,11,38,43,24,109,33,50,115,99,47,118,10,119,51,40,31,21,58,81,54,5,34,101,110,55,16,77,116,90,14,23,117,80,69,85,26,35,92,88,121,2,65,45,91,126,96,129,84,113,59,44,46,105,122,135,125,37,78,41,130
2,6
22,128,125,102,1,104,107,63,54,55,132,2,46,127,96,67,78,133,74,61,14,43,24,50,90,120,66,42,41,82,94,110,80,36,52,26,5,99,118,17,119,68,117,21,11,32,39,40,33,27,134,12,109,51,106,62,87,4,123,129,108,85,130,48,69,81,60,53,79,13,89,72,3,19,101,77,114,29,91,49,135,83,92,70,56,88,65,38,64,73,93,15,34,126,57,31,45,44,9,8,121,58,86,76,7,23,20,16,97,113,124,30,18,59,131,112,0,10,37,47,103,6,122,95,84,105,98,25,75,111,100,115,35,28,116,71
5,2
34,135,5,80,86,125,111,114,14,132,68,44,38,61,3,64,100,124,117,116,110,2,6,13,131,22,97,94,59,109,0,19,33,46,40,121,57,84,95,112,1,92,11,76,75,50,48,54,105,134,113,91,7,72,30,69,130,52,10,89,103,17,107,115,71,133,74,37,78,123,96,127,27,66,79,99,28,26,104,47,55,88,32,29,119,65,53,77,56,129,83,31,18,4,85,58,41,90,101,42,108,35,24,73,120,126,45,128,23,12,49,36,9,118,102,98,60,67,20,82,43,62,70,25,106,93,39,15,16,21,81,87,51,8,122,63
5,2
120,126,22,40,64,103,55,74,27,90,37,44,2,50,57,105,48,39,62,54,0,63,65,87,104,117,60,102,30,130,127,108,34,82,107,96,91,58,129,32,125,72,73,43,70,66,18,42,123,16,89,51,78,75,95,76,83,111,115,8,24,97,131,88,86,81,101,19,67,9,114,106,133,100,11,46,119,10,112,128,118,56,31,38,98,61,36,122,33,14,25,71,52,12,94,28,99,29,41,93,20,47,110,23,85,53,15,45,80,109,84,26,68,4,7,77,134,49,135,69,92,6,79,3,17,113,121,13,5,116,132,59,1,35,21,124
5,1
47,65,37,117,0,22,104,54,62,130,45,83,119,116,26,29,127,102,21,131,32,79,59,86,18,43,61,20,112,50,4,5,90,114,76,56,113,133,67,77,13,9,124,110,1,46,16,98,106,115,103,92,52,107,84,74,14,11,120,35,94,2,123,7,60,23,30,3,135,129,42,17,101,100,63,24,128,41,75,82,19,118,33,51,97,68,108,48,109,69,72,12,10,88,81,99,91,55,64,96,25,105,15,134,27,39,38,28,73,95,70,34,40,6,80,8,121,125,66,132,93,126,71,78,89,87,36,53,111,57,31,85,58,44,122,49
4,5
101,74,111,97,64,29,27,118,49,79,59,88,124,77,114,46,47,60,106,39,113,17,63,89,110,22,103,15,130,55,45,25,68,93,24,4,108,122,95,66,16,11,133,12,10,21,23,85,20,40,58,30,62,82,18,91,19,28,102,87,92,52,67,7,13,105,123,86,43,71,84,1,120,104,128,14,3,112,134,53,69,34,54,96,126,56,72,65,5,0,83,121,100,135,75,33,117,51,35,73,57,48,119,8,131,132,38,109,98,78,115,107,80,94,125,129,6,61,81,44,76,31,36,42,41,99,26,127,90,9,37,2,32,70,116,50
1,1
131,126,71,49,112,93,111,10,4,62,97,63,110,50,20,13,69,35,134,117,45,0,89,108,58,115,90,64,28,12,132,77,8,38,41,118,91,61,104,18,96,67,56,15,31,2,24,27,7,47,23,72,70,82,3,48,17,1,113,44,19,114,25,75,39,123,80,86,54,65,73,9,55,94,120,79,34,42,116,57,122,83,30,106,130,76,121,109,16,33,53,52,119,103,5,88,133,40,74,84,129,78,32,92,59,85,37,102,36,46,60,95,43,22,100,14,127,98,128,107,135,29,81,99,124,6,26,68,125,51,105,21,87,101,11,66
1,4
112,115,6,93,104,53,94,133,81,92,109,55,2,128,25,58,38,101,135,111,76,71,37,61,75,51,77,40,35,100,116,87,21,44,31,29,134,5,39,63,91,49,36,43,24,96,67,131,60,0,20,34,47,74,126,119,90,88,68,15,59,84,27,127,8,110,86,130,129,125,121,1,103,113,69,32,45,78,28,102,124,85,56,72,108,41,73,23,10,46,118,4,98,57,16,65,54,62,52,106,12,9,3,89,123,82,95,7,70,122,83,33,80,11,42,120,18,114,17,66,48,99,30,50,22,14,19,117,64,79,13,132,107,97,26,105
6,6
24,23,109,68,95,22,108,65,10,41,133,84,21,78,36,63,79,54,60,96,45,111,117,73,85,71,56,86,116,29,89,90,35,39,77,127,9,88,17,57,51,76,120,112,91,2,70,53,93,62,3,33,107,94,129,123,61,50,16,103,67,58,113,69,122,114,48,125,124,99,46,25,118,20,92,98,18,64,134,110,37,106,6,97,8,4,59,19,101,13,72,42,75,102,27,74,83,105,43,132,81,7,119,40,66,28,104,52,5,15,34,26,44,128,121,31,55,115,12,1,82,14,100,11,80,38,47,131,30,32,49,126,130,87,0,135
2,1
92,1,125,75,95,133,101,135,105,76,62,77,2,126,117,26,29,129,20,52,10,28,90,43,0,34,132,131,85,115,119,23,83,59,3,14,48,120,73,118,49,5,108,45,66,57,128,102,60,18,41,111,32,99,63,9,70,21,24,8,134,124,112,109,36,37,121,33,88,100,72,30,6,65,82,40,11,15,64,38,27,113,17,47,46,12,55,7,110,123,31,87,130,71,122,116,94,89,96,69,78,51,79,80,44,91,56,97,74,53,13,68,35,107,50,86,104,114,103,67,25,81,54,22,84,127,16,58,19,4,106,98,39,42,93,61
3,6
72,87,57,119,44,24,47,60,64,12,76,63,117,97,4,23,66,59,93,83,104,124,78,8,135,34,31,45,61,86,100,17,90,120,103,131,84,14,16,39,48,65,109,67,49,96,101,95,71,27,56,73,116,37,28,3,80,5,19,77,21,15,42,79,0,35,99,98,130,53,18,111,25,105,30,125,94,6,36,50,22,26,51,122,81,134,110,133,20,112,40,132,58,9,46,89,33,115,129,91,121,85,2,54,62,113,41,13,92,118,69,107,1,114,82,102,38,43,74,70,128,88,32,126,75,108,106,68,11,123,52,7,10,55,29,127
5,5
70,59,60,40,0,108,130,41,95,61,2,28,67,121,37,103,105,111,83,116,104,20,71,112,92,97,125,102,22,94,109,117,110,120,133,57,54,31,13,89,85,113,19,66,126,101,5,43,23,49,76,50,82,100,29,55,18,87,124,122,64,38,75,36,114,53,84,26,93,35,62,42,99,24,106,98,27,129,14,7,119,52,11,4,86,58,127,107,73,17,12,44,131,9,51,63,69,90,80,15,16,96,65,47,134,48,21,34,68,81,32,56,6,79,46,30,33,3,91,123,118,74,1,88,8,128,72,135,132,78,77,25,10,45,39,115
4,2
37,120,35,60,71,8,27,87,53,100,38,40,59,5,131,97,111,9,44,118,127,72,49,56,29,117,105,14,43,115,4,113,66,70,2,79,15,95,18,68,7,34,36,93,62,85,122,16,112,42,10,89,114,110,19,88,28,101,106,81,121,135,107,61,32,11,108,47,86,74,30,46,33,55,20,132,41,126,54,52,77,119,130,109,50,6,51,12,99,133,39,3,92,69,67,116,103,24,25,104,23,91,31,82,63,129,21,84,128,124,96,22,73,90,48,125,0,80,58,57,83,64,98,17,102,134,78,123,76,45,13,26,94,65,75,1
4,1
123,48,120,121,69,60,119,109,46,7,20,25,108,128,16,14,31,21,18,64,107,91,124,135,134,19,68,10,118,50,92,87,81,106,61,6,79,70,12,17,72,13,32,101,96,22,95,122,1,116,53,35,8,27,89,100,36,125,57,104,63,77,93,113,65,37,76,34,117,130,78,55,0,97,3,73,80,11,38,129,39,90,30,40,82,112,28,98,114,4,2,41,83,45,133,26,42,51,131,75,5,56,44,71,23,58,86,126,111,74,9,52,99,66,47,84,88,115,132,59,94,33,85,105,24,127,62,29,103,54,49,15,43,67,110,102
2,4
113,9,126,97,110,35,96,108,64,0,57,27,123,11,118,32,40,63,16,7,77,72,111,38,65,17,10,66,75,127,76,133,28,100,3,33,84,89,49,93,74,116,24,119,68,22,106,58,53,104,87,44,114,4,48,31,99,102,135,85,52,15,81,80,71,46,5,130,60,20,25,101,42,117,18,92,37,2,128,90,47,13,54,115,29,134,122,62,14,51,132,55,23,69,129,94,95,19,12,124,6,61,59,36,45,88,120,1,26,107,82,98,125,121,109,83,43,41,105,39,30,21,91,103,8,131,112,34,56,50,70,78,67,73,86,79
5,4
