33,121,88,104,42,35,116,100,106,135,72,0,117,41,18,48,107,1,129,10,40,17,32,86,26,89,80,16,39,70,122,62,109,9,74,132,90,65,13,24,114,112,46,50,78,6,45,44,63,75,127,25,95,27,73,59,99,133,5,131,103,69,105,19,92,83,57,47,36,14,85,23,30,118,7,58,134,130,76,113,97,15,120,66,55,71,64,101,3,2,108,49,22,126,94,123,68,60,110,125,93,11,54,4,87,34,119,61,52,124,53,56,67,79,43,81,102,111,28,77,38,20,29,128,21,51,8,115,91,37,98,12,82,96,31,84
4,5
51,43,38,69,102,62,14,119,127,116,80,96,50,12,53,13,134,2,61,40,15,93,87,31,9,133,68,121,91,10,63,88,55,115,0,100,129,99,81,77,42,86,41,16,74,11,98,54,35,48,49,112,101,22,60,46,78,47,135,1,34,92,64,5,117,65,24,71,110,67,106,132,52,131,95,25,56,57,36,109,59,32,44,114,72,113,83,26,89,23,124,84,130,18,120,17,29,75,20,66,97,105,125,39,30,27,85,6,3,33,90,103,122,19,58,8,123,70,21,104,37,79,126,4,111,107,45,82,108,94,73,76,28,7,128,118
4,4
111,63,96,62,108,101,84,120,66,126,69,113,83,94,103,89,6,123,29,119,127,133,39,71,131,15,55,130,99,59,93,44,73,98,122,47,9,61,27,82,35,134,53,43,26,116,19,7,135,52,32,42,104,51,4,18,46,10,0,85,40,37,34,95,38,65,76,33,107,124,24,28,70,121,14,17,60,86,81,112,114,75,22,110,25,117,91,54,58,30,125,3,132,12,129,115,50,64,77,36,13,105,128,74,72,41,48,80,79,5,11,45,31,23,78,68,1,88,20,100,2,118,16,57,21,8,49,106,90,92,67,87,56,97,102,109
5,6
82,24,122,96,92,116,71,91,120,0,26,77,56,42,85,112,28,21,102,15,100,76,90,37,5,13,3,1,132,40,95,30,72,128,18,105,78,50,23,73,10,115,124,109,36,75,108,51,103,99,7,134,65,57,123,93,11,44,17,55,69,31,130,81,70,29,101,113,62,47,110,38,39,111,61,16,45,135,86,114,54,74,53,14,66,6,35,87,131,119,64,98,52,4,107,129,121,34,20,27,41,106,32,9,88,8,46,58,68,133,79,97,127,125,60,126,59,33,94,67,2,22,117,84,48,12,25,43,63,19,104,49,80,89,83,118
5,5
124,130,114,49,101,104,127,13,27,50,95,35,76,7,24,0,103,56,31,36,91,86,15,65,51,8,6,73,5,47,72,3,106,63,54,23,77,11,112,79,18,128,19,42,75,90,26,117,102,46,4,92,25,70,10,74,89,97,126,41,85,22,40,121,119,87,17,110,111,55,67,21,44,131,34,62,94,115,129,43,9,105,107,38,52,120,134,45,66,58,93,12,98,78,135,28,100,71,84,96,61,60,132,81,16,59,118,116,64,80,48,99,33,69,37,133,108,57,29,30,53,39,82,2,109,122,83,113,1,88,125,14,123,20,32,68
6,3
103,28,1,11,34,70,117,45,83,61,85,107,78,90,104,126,89,40,0,31,129,13,44,130,102,88,52,72,57,7,120,2,125,69,114,51,115,27,10,109,42,134,36,110,62,49,58,26,74,105,76,8,59,75,18,64,30,71,108,48,87,80,98,118,96,111,65,23,106,20,124,55,133,12,127,4,53,73,25,95,47,128,19,132,5,3,99,92,86,41,82,81,29,97,119,60,54,46,131,66,93,32,43,14,77,101,68,22,6,15,100,135,50,94,9,37,63,116,84,56,39,21,121,122,17,112,123,113,16,67,91,33,79,38,35,24
1,5
21,29,104,34,86,51,58,11,73,44,109,100,105,103,112,128,130,28,122,116,2,88,123,90,38,74,13,97,77,132,69,119,50,26,6,20,92,25,9,107,43,10,80,68,59,31,57,15,135,23,54,115,65,17,89,98,101,45,64,94,113,19,87,85,114,93,95,121,83,129,37,133,49,42,96,102,39,52,82,108,71,36,110,12,134,62,48,75,84,117,30,35,18,79,46,99,32,24,106,40,91,70,16,81,131,61,1,124,7,66,63,120,5,3,8,72,47,67,127,22,4,14,118,0,78,125,55,56,60,41,111,126,76,33,27,53
5,2
63,78,43,0,90,56,24,22,70,30,47,132,120,19,111,66,6,67,59,34,93,31,29,35,85,94,75,13,41,127,106,50,71,17,112,88,53,96,130,21,82,39,58,48,121,91,115,37,69,102,128,25,5,42,107,100,126,117,129,99,110,44,28,87,9,68,83,55,8,122,134,32,20,77,116,135,108,79,14,114,1,64,81,118,104,12,86,7,23,95,131,61,101,52,49,80,10,4,3,62,40,98,33,46,97,11,38,73,36,2,89,125,60,109,18,16,15,57,26,72,27,76,45,51,92,54,123,113,65,105,84,133,124,103,119,74
5,2
134,135,113,133,112,124,43,53,11,76,100,10,62,46,28,64,35,58,34,108,13,44,115,95,36,120,110,130,96,102,51,50,127,56,119,105,38,3,37,94,54,99,128,12,118,126,86,116,4,81,7,82,16,65,111,69,121,24,49,88,33,74,5,32,103,6,80,78,98,125,89,131,47,19,2,21,45,1,114,30,25,41,73,107,67,63,17,55,70,132,31,0,27,79,60,61,87,109,72,42,97,93,71,90,22,14,39,101,117,40,59,104,52,85,8,29,57,129,66,48,20,106,77,84,83,18,23,122,91,9,15,26,75,123,92,68
2,3
122,9,134,119,31,47,105,99,107,127,34,25,129,53,62,6,65,132,61,100,86,67,124,69,135,55,70,22,58,59,35,42,49,97,131,96,109,68,54,90,116,40,76,92,121,133,110,114,85,89,84,19,82,10,43,46,83,102,77,74,36,20,12,2,26,130,14,106,64,73,33,39,45,72,57,28,125,128,50,63,71,16,81,101,30,98,24,94,18,91,32,80,120,37,115,44,11,3,78,13,126,118,21,29,95,41,88,112,79,38,8,108,7,51,87,113,15,0,104,27,56,66,48,17,111,52,60,1,103,5,117,93,75,4,23,123
1,5
127,74,36,87,40,54,22,93,47,135,115,88,59,130,69,128,122,68,43,123,33,44,81,90,26,110,108,39,32,124,15,113,71,101,132,41,14,55,13,114,9,126,16,86,103,3,84,72,34,133,46,10,42,21,2,17,85,100,79,30,117,105,25,24,73,18,104,38,49,80,60,65,98,52,129,31,50,91,20,48,64,57,8,75,61,4,99,7,29,116,83,106,109,131,94,53,19,51,70,119,78,5,97,37,82,27,11,102,95,107,121,112,120,62,28,76,63,111,35,134,0,45,1,96,89,12,66,125,23,56,67,118,6,77,58,92
2,1
122,62,19,17,12,134,127,80,130,94,14,109,100,83,58,53,114,70,133,77,43,10,73,113,69,48,13,5,126,55,95,35,84,30,42,71,68,56,54,74,15,96,27,40,60,25,103,102,21,75,33,86,63,2,115,16,61,34,0,116,8,117,120,90,123,108,82,92,41,135,49,44,52,11,85,9,72,57,1,107,98,26,87,99,23,89,79,88,131,7,64,101,118,112,36,106,18,81,76,65,124,29,129,4,31,78,66,111,20,22,39,45,97,132,28,46,32,128,105,67,125,121,93,24,51,104,6,3,110,91,119,47,50,38,59,37
2,6
53,62,35,116,105,16,59,31,96,19,107,52,18,66,12,101,71,97,10,15,117,104,17,134,91,58,128,114,36,131,3,92,24,74,77,118,46,106,2,130,135,11,95,45,50,123,68,85,8,129,113,108,83,64,86,82,40,70,4,9,25,23,56,88,21,69,119,13,132,127,57,1,99,14,110,98,51,102,103,87,75,90,20,44,54,94,7,55,133,37,122,28,109,72,89,79,39,49,34,124,48,6,63,112,67,26,76,126,125,0,41,38,27,121,81,111,30,60,42,120,84,33,22,47,61,115,73,80,100,93,43,32,5,78,65,29
2,4
31,26,104,120,38,19,131,93,118,57,124,22,71,32,87,116,127,98,63,123,59,55,36,12,23,101,8,135,52,114,28,69,15,103,113,5,29,48,68,84,40,106,42,112,99,62,79,86,97,3,70,129,75,1,132,14,10,111,21,45,4,44,16,95,78,126,30,43,56,90,47,49,96,6,130,33,85,7,110,65,133,74,77,134,66,122,89,109,17,83,50,41,72,73,81,35,100,13,53,24,117,76,67,54,58,128,9,27,121,34,108,92,107,60,2,37,102,125,94,105,20,88,25,39,0,46,80,115,82,61,119,64,11,91,51,18
5,2
37,133,110,55,58,47,48,91,130,75,98,71,43,64,96,72,121,88,111,95,90,12,30,93,34,13,135,36,60,87,81,5,20,127,108,123,77,74,53,120,101,126,107,56,73,124,38,16,68,7,99,35,119,1,122,32,22,44,19,61,78,10,100,76,134,83,69,92,8,82,94,66,33,49,67,51,24,109,65,31,89,70,15,23,26,79,39,46,125,112,97,59,114,4,80,102,85,6,116,17,117,50,9,25,11,21,27,132,129,52,104,28,41,14,105,63,57,45,0,103,3,86,118,54,62,29,115,113,106,18,42,128,2,131,84,40
1,2
26,67,110,104,78,40,22,131,34,47,29,126,101,119,98,120,64,20,79,61,14,12,132,72,127,18,48,97,43,8,118,52,107,41,54,65,27,7,99,24,84,114,58,73,122,83,91,123,16,135,3,90,87,62,108,39,105,69,10,116,1,100,111,21,70,89,4,6,92,38,49,44,134,81,71,15,95,121,59,103,13,45,106,55,50,75,74,60,102,133,37,93,33,130,124,31,57,46,56,51,96,32,36,85,0,19,17,28,88,30,63,117,115,42,2,80,77,82,109,9,112,35,68,113,94,125,25,76,11,53,128,86,129,5,23,66
3,1
97,69,125,15,65,56,129,95,106,39,91,94,74,115,112,133,49,98,109,118,60,86,113,123,71,121,61,18,90,20,88,51,12,89,127,101,119,100,50,34,99,33,23,62,30,6,25,82,4,63,22,131,66,28,40,36,46,68,41,80,67,24,93,111,3,58,85,45,29,77,96,103,38,124,26,2,135,110,105,47,130,84,42,134,1,8,54,59,7,5,83,11,122,107,126,9,128,87,92,75,21,104,37,81,114,102,17,14,76,43,27,31,16,52,79,132,10,13,116,55,44,64,117,108,73,57,78,72,35,70,48,120,19,0,32,53
6,3
10,97,52,128,110,118,90,80,101,134,95,28,114,59,121,113,111,55,67,103,14,93,33,8,30,108,106,84,1,64,88,99,42,63,105,86,117,31,20,125,37,98,45,131,29,3,26,32,120,69,112,18,12,74,15,61,51,24,100,126,39,79,65,70,23,60,132,127,6,92,13,22,122,71,56,62,107,123,9,94,115,25,78,41,7,91,0,47,49,5,4,124,54,116,34,76,36,133,129,96,89,119,68,16,58,87,66,72,130,82,21,44,53,11,35,17,77,75,43,38,46,104,135,57,85,19,109,40,27,2,83,81,48,102,50,73
3,1
73,130,87,126,79,1,111,67,12,35,19,52,13,6,57,134,96,55,123,38,44,33,66,23,97,16,125,110,121,29,24,71,45,15,63,83,60,85,26,51,78,91,59,31,48,102,131,98,93,32,95,135,56,129,103,105,107,46,89,65,115,128,77,119,124,68,50,100,62,54,53,76,113,41,122,84,17,7,133,61,127,114,39,21,34,22,109,18,88,81,72,25,101,9,75,8,117,108,47,92,99,5,43,106,116,112,10,30,120,80,4,64,3,74,42,40,20,90,37,58,49,104,0,94,86,118,82,28,14,27,132,36,11,69,70,2
6,1
20,50,58,128,92,44,86,121,48,59,37,47,60,69,29,62,77,72,2,81,108,38,111,90,15,127,23,67,78,6,129,114,33,135,35,79,9,83,88,123,40,119,30,52,133,97,113,28,7,122,120,3,55,134,131,126,110,101,51,14,130,54,74,124,12,13,73,19,4,104,0,100,116,93,84,56,132,10,42,27,112,76,91,57,16,46,66,49,106,68,82,43,18,39,8,11,107,22,99,1,26,32,103,53,64,17,105,94,118,115,85,109,41,70,75,21,63,117,87,45,61,34,98,25,65,5,24,125,31,71,95,96,102,36,80,89
3,3
56,43,74,7,14,130,106,67,45,120,11,24,4,59,70,25,78,107,17,133,72,57,124,50,55,61,119,128,28,16,54,105,36,27,9,100,29,68,80,3,123,30,42,63,33,116,88,64,135,20,95,8,19,129,76,32,98,51,47,48,49,83,40,122,89,71,104,99,15,103,85,53,118,90,12,125,0,109,66,13,41,1,113,73,126,21,69,93,84,115,108,111,6,37,82,94,131,92,75,34,91,132,38,79,97,86,134,60,117,26,77,112,114,46,65,22,102,58,5,39,2,110,127,10,87,96,101,23,18,52,35,44,62,121,31,81
6,1
52,46,117,6,132,111,118,115,91,92,42,71,56,128,81,55,49,10,33,26,8,32,88,109,24,35,27,133,99,41,48,80,61,15,129,54,63,29,21,131,126,78,66,101,69,14,18,76,68,120,75,47,104,87,30,130,114,25,34,4,96,65,121,123,74,107,106,110,95,51,127,22,77,113,11,105,50,16,38,57,44,37,85,62,79,97,53,119,20,64,73,100,45,103,13,135,5,83,134,108,31,43,86,93,98,1,3,9,23,17,122,40,7,2,67,59,39,102,89,70,125,116,36,19,90,124,28,112,72,0,82,12,94,60,58,84
2,4
51,47,36,58,52,57,131,129,126,43,104,95,22,6,113,130,123,77,65,49,121,134,82,109,63,10,101,40,59,62,23,66,102,112,11,70,80,46,55,133,92,94,119,111,99,71,96,87,35,81,122,33,125,85,116,79,45,9,56,21,105,98,74,118,30,54,32,117,42,64,48,18,13,41,19,20,84,128,28,39,44,16,100,27,103,106,67,12,68,88,69,8,89,91,107,1,78,14,17,60,124,76,5,127,34,97,61,38,132,93,50,108,53,4,37,2,3,26,120,0,24,114,29,73,110,7,72,86,115,25,15,83,31,135,90,75
2,5
61,6,58,117,67,125,69,104,43,70,129,89,8,65,120,102,115,90,5,7,100,128,126,39,23,4,21,57,107,119,71,111,11,36,41,37,18,123,35,31,72,28,95,20,88,91,127,22,121,33,82,17,103,56,26,110,55,76,87,1,46,2,83,122,124,10,45,16,81,86,93,38,112,47,19,78,49,51,3,96,60,59,15,13,133,134,79,99,135,118,68,62,32,40,101,14,66,9,27,105,85,98,54,50,80,64,74,53,24,48,130,73,92,113,108,34,106,131,97,132,114,109,29,12,30,94,116,52,25,77,42,63,84,0,44,75
3,3
110,123,133,99,3,36,69,13,58,72,100,57,55,39,56,87,78,59,16,52,20,37,86,66,6,85,51,17,40,0,2,7,132,46,75,96,25,48,8,116,115,134,54,118,95,9,30,93,103,77,81,111,14,125,112,91,19,90,10,44,41,131,31,124,24,114,122,23,80,135,126,42,94,71,32,102,49,64,117,73,15,45,108,113,109,43,28,67,21,34,127,88,50,4,98,35,68,26,62,47,53,97,106,38,65,5,121,82,11,83,92,84,74,105,1,76,107,63,79,130,33,27,101,70,22,29,89,18,12,61,60,129,104,128,120,119
5,1
23,49,113,7,4,133,41,32,51,45,132,134,123,39,118,22,120,43,86,16,104,63,17,94,10,5,62,114,6,18,31,14,74,109,131,61,115,69,88,75,53,36,29,50,92,67,98,97,48,71,119,56,44,108,100,72,28,42,64,111,60,91,52,2,37,81,87,30,124,15,107,129,38,35,90,73,8,33,116,58,122,117,83,9,27,59,84,66,103,57,95,110,3,54,21,82,19,25,93,13,77,80,130,47,101,68,99,105,128,76,34,1,55,20,79,106,102,112,70,46,89,11,65,125,24,26,126,78,0,96,135,85,121,40,127,12
3,1
92,112,85,97,101,87,35,33,71,86,118,38,77,15,64,111,55,16,2,106,132,44,22,114,17,70,4,59,65,56,128,9,41,110,98,31,116,120,79,52,42,69,60,13,40,61,49,11,109,7,68,103,12,130,75,131,135,129,57,3,25,63,124,67,51,1,102,50,104,28,127,14,43,30,72,80,73,126,99,82,66,47,36,21,90,24,89,58,5,84,29,10,134,48,95,19,32,117,123,78,74,26,107,83,94,6,133,54,96,119,121,113,100,93,0,18,88,76,45,23,39,122,53,27,46,81,20,108,105,115,8,125,37,62,91,34
5,1
85,34,107,91,37,44,106,72,127,96,35,7,111,42,88,133,115,93,79,24,50,100,51,112,63,22,59,120,56,3,47,66,19,110,27,60,65,73,78,116,29,55,13,128,8,61,58,57,76,118,129,4,90,9,43,52,130,113,124,95,83,77,103,84,15,30,80,10,114,23,89,32,41,104,97,98,121,46,36,38,48,20,14,101,70,131,135,1,134,26,119,132,33,17,12,25,71,11,31,62,94,54,40,67,117,49,5,16,21,6,87,0,69,53,105,2,18,68,28,64,102,81,82,86,123,45,75,99,109,125,126,122,39,92,108,74
6,5
107,128,75,34,50,19,95,72,130,38,24,123,23,99,122,0,47,37,105,126,14,69,104,4,71,40,119,62,45,86,129,135,2,53,9,59,43,15,97,124,44,8,65,92,49,26,5,114,121,98,81,73,56,33,42,54,83,1,125,20,27,103,58,117,91,6,115,12,48,16,11,46,120,134,35,93,17,100,63,118,22,106,78,66,36,131,112,32,76,10,111,3,68,77,113,89,109,88,30,101,94,87,31,127,102,13,116,70,25,18,110,108,41,29,90,28,79,67,64,60,74,21,51,84,82,57,55,61,133,52,96,85,39,80,132,7
5,5
0,27,39,3,69,109,126,111,85,103,133,59,38,88,80,40,19,61,116,77,94,105,68,84,102,17,135,55,10,53,7,95,46,25,42,96,81,99,1,28,12,70,51,120,89,41,112,72,90,107,113,115,129,87,75,43,62,104,74,16,21,134,49,101,79,52,5,110,11,132,118,124,121,86,82,36,91,97,71,8,45,66,6,48,65,130,14,4,2,31,122,78,56,106,92,114,54,117,93,76,35,44,108,13,32,67,73,34,60,100,125,47,20,131,26,24,50,23,9,63,30,22,83,29,123,127,37,64,57,98,33,18,58,128,119,15
6,4
114,58,75,134,120,104,0,116,110,50,37,111,32,132,79,56,71,22,1,117,115,45,83,92,66,99,48,11,125,10,130,100,20,12,49,84,133,121,8,43,59,65,106,13,122,131,87,89,63,2,74,80,95,98,23,67,119,34,105,123,31,77,27,86,101,78,54,97,40,35,33,82,76,39,62,53,28,103,25,124,118,21,26,3,69,61,93,36,5,73,42,44,129,24,9,135,46,68,51,47,7,4,109,102,29,113,41,19,85,17,128,70,14,72,16,126,94,57,55,6,88,18,52,96,90,38,91,60,107,81,15,64,112,127,108,30
4,4
15,22,71,2,24,31,112,124,32,9,49,117,41,38,113,103,56,81,109,93,16,134,119,34,59,36,89,21,90,62,44,107,63,52,64,5,67,29,99,1,92,60,17,70,69,118,128,78,26,19,54,58,85,122,48,111,8,4,108,61,83,47,101,80,76,120,127,91,116,132,46,66,7,75,104,129,13,106,57,125,84,130,115,18,121,114,133,68,110,102,30,131,98,73,0,10,37,42,27,12,79,126,20,72,43,77,123,40,100,50,39,45,86,25,105,65,14,96,3,74,28,6,97,88,82,23,135,95,35,94,53,51,87,11,55,33
4,4
41,50,133,56,17,62,124,28,26,74,15,40,98,123,88,14,43,18,85,103,81,22,89,64,63,23,58,52,51,131,108,44,57,68,46,20,55,83,66,8,30,79,92,107,82,127,10,90,2,76,21,94,69,34,60,109,7,101,106,1,29,59,86,105,65,9,112,4,99,27,117,31,132,93,45,11,129,77,61,72,111,73,114,95,128,71,97,134,5,0,13,37,53,80,6,36,47,96,19,125,39,33,126,113,16,35,3,116,24,12,110,120,115,104,48,54,135,84,100,121,122,25,91,75,38,119,42,49,67,78,118,70,102,130,32,87
2,3
61,133,82,8,1,79,46,49,90,115,95,110,24,14,103,131,99,41,122,102,113,35,38,92,78,37,132,26,127,64,17,75,124,66,88,12,55,68,25,45,7,22,30,83,106,77,118,135,101,76,109,3,27,126,125,65,91,18,10,53,28,54,43,116,19,9,120,89,71,23,6,62,34,100,86,123,56,50,39,112,5,129,40,117,36,128,15,59,97,96,16,21,33,13,81,60,121,32,134,98,72,44,69,87,94,63,104,52,31,130,74,93,111,85,108,57,119,0,105,70,114,73,42,29,80,48,2,20,107,47,84,58,11,4,51,67
5,2
43,27,7,87,32,53,100,109,52,70,15,113,49,17,50,117,85,115,31,96,135,90,119,62,110,42,130,35,41,93,128,111,83,97,123,55,108,132,67,26,105,2,14,18,84,12,22,86,28,88,82,131,94,58,107,99,89,129,57,95,11,51,134,10,78,124,38,121,4,36,3,5,65,61,29,114,81,76,47,21,40,60,56,0,103,91,33,19,71,30,59,73,20,79,75,68,24,63,45,101,120,25,104,102,9,13,48,54,116,112,77,34,98,125,69,46,6,122,92,8,133,37,23,106,118,127,126,44,39,66,80,72,64,16,74,1
4,6
10,84,5,98,40,109,102,108,15,113,88,67,64,95,124,37,30,126,72,49,59,106,22,9,48,54,62,19,103,25,73,82,76,43,69,129,68,80,130,26,1,101,32,6,71,75,99,38,112,0,90,77,132,91,52,35,56,97,116,131,135,111,47,41,119,85,53,4,31,50,92,57,58,60,16,96,33,42,110,120,93,51,123,115,63,44,104,94,87,61,8,13,127,133,3,2,39,81,14,78,34,83,28,66,121,24,65,11,105,125,21,86,114,122,128,45,20,118,27,79,36,107,23,70,46,55,29,117,18,89,100,12,74,17,134,7
4,3
95,23,135,65,27,52,31,111,63,50,3,57,90,89,56,32,18,34,29,24,37,92,28,75,102,81,48,83,77,128,86,10,71,17,9,100,98,4,110,85,130,105,115,88,80,11,97,103,134,60,14,120,104,127,106,55,69,133,33,126,132,20,13,70,35,94,51,122,87,129,112,45,53,19,36,16,62,44,0,49,84,12,64,118,30,91,107,59,6,113,43,123,5,47,7,39,101,99,119,114,54,109,82,38,67,93,46,40,121,125,108,22,72,25,96,76,124,74,78,66,8,42,58,61,79,68,15,73,1,21,131,116,117,2,26,41
6,4
88,110,73,66,51,48,21,38,54,122,53,93,55,102,1,131,116,105,107,52,32,114,25,50,15,59,70,57,13,109,3,121,79,125,7,20,64,19,34,33,78,17,94,69,99,41,27,101,4,62,124,43,16,90,123,92,86,63,31,40,119,132,100,6,2,106,97,85,14,37,47,46,128,45,104,83,22,26,127,18,91,61,36,129,111,11,135,35,39,77,23,113,117,115,108,58,10,74,95,130,96,60,56,49,44,134,5,9,81,120,98,12,28,42,76,133,75,67,30,84,72,87,103,24,82,118,80,71,65,8,29,126,112,0,89,68
5,5
100,10,66,49,71,123,120,15,37,40,42,29,112,25,36,19,39,69,54,34,90,89,13,20,135,85,115,86,0,45,63,84,122,38,74,109,65,83,3,103,48,79,78,68,75,82,41,4,87,17,111,8,93,5,125,62,92,105,12,23,118,28,21,47,70,134,130,133,121,110,33,113,129,11,1,91,56,43,117,35,31,128,102,127,104,131,95,116,27,126,46,98,6,106,132,53,2,7,24,107,64,16,44,61,108,73,99,77,94,18,124,96,26,51,32,30,50,97,119,60,9,81,114,52,80,72,76,88,58,14,22,55,57,67,59,101
5,4
94,24,37,13,101,42,123,29,78,108,116,21,90,54,79,4,81,70,82,50,35,66,75,67,61,126,104,43,32,10,1,17,39,100,63,87,86,117,62,99,60,130,133,124,128,6,11,107,93,58,122,64,134,3,49,112,8,22,45,110,41,12,73,53,119,33,125,83,28,65,20,106,2,27,102,68,9,127,74,47,95,129,44,40,96,16,103,36,76,121,71,38,57,77,97,72,80,91,120,5,111,34,14,7,26,23,56,69,89,131,48,19,31,25,84,18,85,15,135,59,105,55,88,30,98,132,52,115,0,118,109,114,46,92,113,51
4,1
122,65,116,79,36,15,131,46,70,104,14,124,27,81,84,2,12,113,34,13,120,76,94,59,121,100,96,1,71,89,117,125,77,20,123,111,68,55,130,106,129,90,80,49,56,126,73,102,7,30,37,82,63,45,110,118,88,23,50,31,74,47,16,62,93,114,19,18,108,38,4,60,48,98,64,25,72,107,41,133,28,91,128,95,86,35,112,9,40,69,22,52,21,29,3,103,83,54,105,11,78,0,97,26,61,42,39,85,92,6,58,67,99,87,119,51,135,134,24,33,57,115,10,132,66,17,101,44,109,8,5,53,32,43,75,127
6,5
28,75,70,113,116,97,5,88,76,101,48,106,6,14,133,96,100,79,71,61,107,21,42,53,66,11,119,34,128,62,23,32,13,132,103,40,77,24,117,131,27,91,121,83,8,130,3,31,112,65,30,37,17,135,29,129,58,109,25,33,26,47,108,22,122,36,1,54,78,86,19,44,59,115,110,85,56,20,68,102,41,52,94,89,10,69,87,45,134,0,74,51,35,9,95,92,39,73,123,93,81,126,63,98,18,72,124,7,90,57,99,4,111,12,114,38,120,46,82,50,64,60,105,104,15,80,67,84,43,16,125,55,2,118,49,127
3,4
55,112,15,36,18,128,11,100,80,96,114,44,37,58,51,119,50,42,40,87,134,110,54,25,27,38,9,106,19,98,53,66,109,107,56,60,102,12,48,115,92,118,122,7,68,47,135,86,91,88,63,41,103,46,34,71,43,65,133,84,82,23,3,73,97,10,108,8,13,74,57,111,72,64,62,29,45,76,77,22,99,131,126,85,69,123,83,20,113,70,132,6,101,120,121,59,129,90,104,105,78,49,0,21,5,67,4,30,32,81,33,16,95,28,125,24,94,79,61,52,75,89,31,127,124,117,26,130,2,14,1,35,116,39,17,93
3,4
54,121,103,66,75,71,43,42,62,41,16,119,2,120,104,76,34,28,10,57,65,51,127,49,33,98,123,18,87,110,37,78,74,115,56,5,130,61,11,105,94,73,46,79,19,131,116,39,125,12,132,6,109,47,106,24,88,128,59,4,35,3,113,25,15,83,133,13,1,31,55,70,26,8,36,38,95,77,134,81,102,7,50,96,100,22,97,118,85,44,80,27,21,45,90,58,92,64,124,68,126,91,135,14,0,67,53,111,60,89,117,32,63,30,108,99,23,52,114,29,40,101,82,86,107,72,93,112,20,48,129,17,84,69,122,9
5,3
16,10,43,5,65,130,115,15,57,38,44,83,80,37,35,131,13,66,29,120,90,55,25,54,78,28,60,14,118,33,87,62,21,61,18,97,123,0,75,56,134,107,53,99,40,117,20,48,23,17,119,86,12,96,93,98,101,49,68,133,121,52,103,108,110,126,36,129,82,63,105,1,91,9,4,116,125,109,85,95,74,67,47,30,104,22,79,114,32,42,19,2,69,41,92,73,76,106,46,70,59,72,71,7,100,31,39,111,11,89,124,6,8,128,112,88,3,113,122,127,34,58,45,81,94,77,51,26,135,132,64,24,27,50,84,102
4,3
95,8,125,49,121,0,54,105,57,111,46,104,25,114,34,68,23,135,79,128,132,118,43,97,90,30,62,18,83,103,120,6,116,1,88,96,107,41,60,89,22,37,98,10,36,52,48,5,3,72,101,56,16,92,35,63,87,58,77,131,102,28,126,70,51,21,80,4,74,44,82,85,94,66,11,115,86,71,9,119,117,38,26,33,14,64,29,40,50,75,39,47,108,134,113,24,65,76,110,93,109,31,55,45,84,112,81,20,69,61,78,53,7,133,17,13,130,27,42,73,32,127,19,100,59,99,106,12,124,129,91,67,2,15,123,122
6,3
108,123,34,64,121,21,92,54,117,85,105,120,118,101,10,11,77,107,116,75,97,80,65,0,52,115,132,8,33,114,58,28,29,78,12,7,126,130,119,91,122,127,5,61,45,90,1,111,112,102,113,40,49,26,100,74,83,15,36,81,44,13,70,51,16,22,93,20,41,135,4,129,48,60,43,53,82,55,3,94,89,38,124,2,72,104,73,109,63,31,18,95,84,62,110,27,69,86,39,88,14,35,98,17,71,133,99,68,37,6,57,106,56,125,59,50,23,96,67,76,9,66,30,87,128,19,103,46,32,24,131,42,47,79,25,134
5,1
66,84,127,25,79,53,52,60,92,75,3,33,59,14,77,81,18,73,12,7,28,47,116,130,99,97,126,100,54,30,121,128,104,120,103,24,38,9,101,70,91,94,17,26,86,72,76,105,45,6,119,23,93,0,5,61,63,132,102,110,29,48,34,46,21,56,68,4,85,122,42,11,111,118,69,133,32,41,39,10,83,90,129,74,31,106,49,109,8,67,44,87,20,96,36,134,15,40,113,125,1,27,80,89,82,13,55,65,131,88,95,108,98,19,115,117,114,43,71,51,58,64,135,78,50,16,123,112,107,22,62,124,35,57,37,2
1,6
30,127,69,106,87,9,117,62,90,131,126,10,36,64,78,88,129,73,12,0,91,14,116,11,59,68,112,61,1,120,121,57,102,89,82,46,31,21,6,45,104,39,107,119,41,114,38,71,47,20,115,16,29,8,5,125,27,55,97,98,15,22,80,24,95,18,13,109,79,60,3,65,118,52,37,76,50,130,133,123,43,77,74,25,7,23,110,85,63,51,58,96,34,84,70,86,128,134,54,93,92,33,66,72,75,103,17,19,105,81,122,132,2,100,99,53,135,94,28,4,48,42,101,44,49,83,113,108,56,111,40,35,67,124,26,32
5,4
24,1,88,78,36,73,16,108,15,62,66,112,32,4,19,104,12,79,90,13,114,86,59,10,68,91,106,109,117,67,101,22,110,3,45,69,26,44,43,74,92,14,39,21,134,80,84,64,37,20,40,122,47,82,58,118,49,103,7,75,42,60,93,81,116,123,9,61,99,8,83,46,30,0,53,6,126,48,129,107,51,85,111,54,23,52,105,29,63,5,25,65,55,41,130,71,56,89,124,27,102,76,127,94,133,11,2,72,115,97,87,95,50,57,38,34,131,132,98,33,70,113,125,100,135,28,31,17,77,35,128,119,96,121,18,120
6,1
35,32,27,29,97,34,64,13,105,88,119,71,74,110,40,39,61,130,108,111,83,78,69,95,120,79,85,89,57,96,127,73,62,31,67,7,0,60,131,68,15,135,100,43,75,12,3,126,19,81,55,87,76,58,38,86,124,112,48,128,16,45,63,84,66,4,14,125,9,53,22,106,132,123,56,101,134,107,93,94,17,5,6,99,18,98,102,52,114,104,30,49,20,36,28,122,51,133,50,42,26,37,90,10,1,2,47,24,121,23,118,117,103,82,129,109,77,113,11,59,8,44,92,80,115,91,41,65,70,116,33,25,21,54,72,46
3,3
107,25,55,31,120,84,8,34,74,133,33,37,116,48,52,63,105,62,45,127,70,95,92,1,23,29,119,124,58,94,64,66,114,93,9,121,67,16,6,3,73,110,68,103,118,104,86,4,135,47,18,130,88,81,32,78,83,108,41,76,113,38,56,97,102,85,50,51,19,53,10,112,24,91,111,129,65,82,17,28,39,57,69,80,100,134,36,26,44,7,98,87,101,90,79,30,40,71,128,20,27,12,2,126,21,75,5,60,117,49,46,123,132,72,125,77,14,22,43,122,13,61,11,42,15,96,35,115,131,109,106,0,89,59,54,99
6,5
35,93,99,44,61,79,13,126,4,45,82,125,9,116,52,51,28,62,111,41,8,22,50,31,120,77,14,96,56,33,122,32,71,80,38,115,12,68,73,29,121,78,25,49,86,11,15,10,7,108,16,30,104,133,54,23,42,123,66,57,102,92,119,84,118,97,117,58,81,40,24,107,90,59,75,70,109,43,127,65,110,27,67,103,37,129,19,101,87,95,128,26,6,36,89,46,3,74,135,106,39,88,114,17,85,72,76,63,91,130,1,20,94,18,0,64,60,48,55,53,112,105,113,21,100,134,69,124,5,34,132,83,2,47,98,131
6,5
7,42,59,43,53,113,6,52,62,135,97,125,33,3,31,134,102,24,21,101,26,95,20,1,94,98,40,78,73,19,41,81,106,109,124,56,38,22,128,104,37,87,92,66,129,111,96,61,120,118,70,132,48,57,122,90,119,126,116,36,15,9,86,107,99,76,71,60,18,39,47,28,133,51,93,130,89,103,88,100,5,4,46,68,32,13,17,44,55,27,123,49,67,105,127,16,12,35,74,25,84,114,0,110,23,65,80,54,14,8,115,29,64,117,30,91,10,75,108,45,83,77,79,131,121,85,112,2,11,63,50,82,58,34,69,72
1,6
114,64,14,26,94,20,103,0,46,84,68,76,118,75,45,6,120,86,32,74,69,2,41,109,91,90,63,71,72,129,59,3,126,100,50,8,31,92,54,19,116,24,28,112,81,106,132,37,93,88,22,119,85,52,17,121,49,99,56,40,33,21,51,66,62,15,97,101,95,115,130,57,128,25,35,55,42,10,108,117,36,96,124,34,1,127,107,131,73,9,105,61,53,27,78,79,5,43,125,44,60,16,13,102,80,87,4,89,111,134,70,11,122,133,123,58,29,18,83,38,77,12,47,7,110,113,39,67,30,104,48,98,65,82,23,135
4,5
59,3,24,74,104,79,63,48,127,57,75,36,119,43,64,29,126,80,108,22,128,61,41,25,70,73,4,67,44,28,50,35,109,97,130,98,21,66,71,27,123,58,95,8,31,11,99,120,56,89,68,86,115,6,40,0,10,33,100,69,82,38,12,77,132,121,112,131,9,111,20,16,23,45,37,55,103,46,78,101,65,92,102,113,129,39,88,26,87,14,90,84,134,72,51,91,81,110,7,18,1,93,19,30,118,83,53,32,133,76,52,60,105,96,15,85,114,49,124,42,62,47,107,5,116,135,34,106,54,122,117,17,94,2,125,13
4,5
27,125,75,80,0,26,122,110,36,77,130,21,33,102,17,14,114,10,44,48,90,126,100,56,15,9,81,95,18,89,99,68,78,7,85,32,58,132,61,120,111,91,123,98,72,109,28,1,37,73,134,62,124,96,24,45,88,55,5,119,74,25,69,22,113,31,38,83,19,2,11,106,79,129,6,128,12,87,101,121,59,93,66,133,117,4,112,8,103,94,104,60,108,49,105,29,107,92,51,67,39,20,135,42,43,63,86,46,115,35,84,64,76,3,52,47,116,71,13,65,131,16,127,57,53,118,30,41,34,70,82,50,97,23,54,40
6,4
20,85,28,92,67,89,117,44,51,18,48,58,43,78,23,77,42,47,103,32,57,107,125,30,69,12,8,36,91,90,45,9,132,17,108,101,126,35,62,98,86,76,56,97,6,105,11,131,84,114,133,37,10,118,68,39,24,120,112,106,70,122,95,19,3,54,128,16,26,15,134,55,87,46,41,14,124,73,25,79,40,80,5,104,72,27,22,13,93,59,113,81,75,53,74,52,83,7,88,123,129,135,71,29,94,66,127,63,33,109,99,21,50,96,60,100,38,102,64,34,31,130,111,82,61,0,1,115,65,2,116,110,49,119,121,4
6,1
53,62,102,43,41,11,30,23,92,28,111,52,8,1,126,73,78,101,7,42,4,120,34,59,75,114,81,51,0,26,107,97,54,116,55,133,96,91,50,57,121,76,82,106,74,18,47,95,113,17,65,119,71,60,90,112,129,39,131,125,122,29,48,20,118,68,84,32,40,3,9,15,58,61,31,89,117,10,22,37,44,70,45,13,35,2,108,80,66,25,56,99,127,85,130,124,134,93,86,27,83,46,72,105,79,67,103,14,19,104,24,36,33,6,69,21,16,100,115,98,38,109,12,87,49,94,5,63,132,135,128,110,77,88,64,123
1,1
93,135,103,101,32,15,45,119,33,51,42,111,74,50,6,39,125,35,48,61,78,79,34,98,10,65,36,86,131,73,11,105,62,43,94,130,72,58,49,126,107,54,85,44,19,81,1,99,89,116,123,117,23,104,95,17,100,114,124,91,133,4,134,57,110,70,75,80,67,76,127,20,5,106,13,46,26,3,12,68,52,18,71,55,121,37,40,56,47,24,59,27,88,30,60,108,16,113,9,122,69,132,97,21,120,31,8,14,2,115,38,102,53,63,112,128,64,0,25,109,90,22,87,118,41,84,96,92,66,7,29,82,129,83,77,28
3,1
59,9,95,70,19,14,92,74,42,54,29,103,110,27,115,128,57,38,52,72,26,109,102,107,3,89,40,88,111,51,47,49,21,4,105,24,120,93,76,117,94,41,122,6,32,129,44,126,45,37,132,35,97,96,5,133,34,100,85,66,101,82,60,30,73,22,116,20,33,112,43,28,90,23,78,39,113,125,79,7,13,124,36,53,99,130,63,25,121,67,8,46,127,61,2,84,77,65,48,81,86,104,134,98,31,18,56,50,123,12,0,75,11,17,62,58,114,87,69,80,15,83,119,135,108,68,1,106,10,16,91,55,64,131,118,71
1,3
78,22,46,65,99,80,57,41,101,8,67,27,21,130,56,77,36,131,39,42,124,54,70,38,109,133,43,112,1,117,28,23,98,107,37,134,121,17,5,40,7,72,85,69,53,62,86,6,106,127,31,68,59,88,24,104,119,103,11,29,63,129,135,2,116,34,126,14,102,110,18,52,87,89,79,10,47,100,71,128,3,95,108,4,83,115,51,91,93,58,114,64,125,30,122,84,9,13,32,94,82,111,66,60,49,113,15,35,123,33,20,81,76,19,73,120,45,50,26,12,55,92,96,90,0,61,74,16,25,97,48,118,132,75,105,44
1,1
76,61,72,91,15,59,103,84,80,67,56,58,107,33,78,2,81,46,123,116,57,132,7,64,127,22,4,35,92,28,54,79,40,113,115,49,98,114,66,120,131,129,110,99,75,11,108,5,50,89,85,124,82,118,24,27,126,73,47,130,125,83,70,8,105,41,117,12,29,55,77,1,133,20,3,111,63,106,101,44,51,95,121,71,128,122,14,6,13,60,53,74,94,21,68,69,90,31,34,23,32,109,9,17,104,38,135,45,102,43,62,112,26,52,10,96,25,36,97,134,119,87,39,30,19,93,18,88,42,0,100,65,48,37,16,86
3,6
119,47,79,70,24,8,102,5,82,89,113,49,68,25,120,101,95,59,96,73,98,32,133,17,103,1,91,75,72,19,45,124,74,16,33,22,134,129,77,36,11,27,90,42,37,15,88,125,2,18,111,116,13,121,39,118,84,80,43,9,114,55,28,127,52,106,54,81,112,109,6,67,110,21,130,105,69,34,104,57,26,51,63,65,97,53,76,4,48,86,7,135,23,123,93,92,117,3,44,31,131,41,14,20,78,38,66,40,100,64,108,126,29,122,46,85,132,83,0,71,115,128,107,10,94,58,30,12,50,35,87,60,99,56,61,62
4,3
103,120,65,102,116,16,111,39,92,38,34,80,50,118,87,7,37,28,73,129,86,119,56,62,30,51,3,75,54,83,108,35,31,0,126,91,99,2,20,4,130,24,47,88,29,33,17,82,100,96,45,41,101,6,104,78,14,13,128,25,85,53,117,26,55,90,36,9,131,66,10,105,67,123,94,98,61,15,110,93,134,121,69,18,124,59,63,23,43,52,70,84,32,89,1,21,95,48,81,49,8,135,114,22,125,12,107,72,133,19,77,11,5,109,57,60,44,42,113,127,27,106,122,79,71,64,68,112,74,40,132,76,115,58,46,97
5,4
88,85,4,125,111,32,30,57,23,80,78,48,21,65,40,79,7,5,15,71,101,51,58,8,46,69,53,64,93,39,34,61,105,87,0,14,28,103,75,37,27,133,134,97,50,117,84,60,91,73,38,36,83,1,135,31,94,47,18,98,6,90,49,106,33,74,19,76,25,77,2,128,9,13,82,70,67,55,59,126,56,20,3,95,52,127,66,63,114,132,115,45,29,109,100,110,120,35,119,96,121,41,92,54,11,26,72,68,22,131,24,107,16,104,116,44,86,112,42,123,99,129,81,102,118,43,89,113,108,12,17,122,124,130,62,10
3,6
123,83,60,72,35,62,24,126,38,33,32,75,74,92,25,43,76,42,59,115,28,78,94,120,68,131,98,16,77,70,86,97,17,39,116,102,52,67,65,88,31,114,11,20,18,85,79,109,69,134,48,132,14,0,7,5,54,45,50,87,4,30,124,29,135,51,89,47,9,13,122,80,21,112,1,53,118,36,27,3,34,10,40,101,108,19,82,55,71,127,110,107,117,84,22,104,2,63,96,119,125,23,105,106,81,57,93,64,103,111,130,133,6,121,46,26,49,91,56,129,90,99,41,8,95,113,128,73,66,15,100,37,44,61,58,12
2,6
119,80,30,41,90,0,66,100,49,48,129,74,81,124,87,58,31,55,93,18,20,54,71,38,126,85,51,34,75,98,39,89,4,7,22,13,32,107,24,69,99,21,128,3,96,11,47,42,120,8,94,82,28,83,135,43,14,110,63,113,127,35,44,78,68,111,46,104,67,105,19,109,53,26,77,25,16,65,122,6,23,50,45,114,59,95,79,52,88,102,15,132,133,64,40,57,130,76,37,131,62,121,115,108,36,91,9,73,61,103,70,29,12,97,72,125,1,117,134,10,5,123,101,17,56,92,27,86,33,112,60,2,106,118,116,84
1,3
112,79,34,89,90,119,45,86,85,17,33,37,22,48,8,97,83,28,73,36,115,132,87,72,66,113,77,29,10,78,107,108,9,13,118,52,14,11,98,46,0,111,109,114,2,32,101,31,102,23,91,50,99,38,106,81,15,123,35,44,39,130,69,49,42,65,75,84,131,116,96,133,70,7,47,12,4,18,117,95,135,125,24,134,3,88,67,58,55,41,30,80,100,74,5,127,121,56,103,76,94,128,110,60,120,53,40,122,93,27,43,64,105,19,1,71,92,61,25,129,26,59,57,63,124,82,6,21,104,62,16,51,68,126,20,54
4,3
43,14,32,79,65,16,33,69,11,20,112,116,56,126,6,17,12,15,9,22,29,127,83,48,71,23,89,82,95,37,103,55,63,49,18,108,85,120,98,96,81,4,110,5,121,109,64,125,70,54,21,128,131,92,104,99,76,2,118,101,44,38,93,58,27,100,25,46,26,0,40,135,47,50,87,66,129,8,3,80,122,59,34,117,53,77,7,111,1,51,72,57,114,13,60,88,67,102,133,90,24,84,119,123,52,45,41,61,19,73,124,42,106,39,86,132,75,31,130,28,78,30,36,91,113,62,35,74,10,97,107,94,115,105,134,68
4,5
75,41,51,65,132,98,63,134,35,126,91,82,99,48,22,114,24,90,101,77,113,64,2,37,8,84,130,112,28,81,128,135,0,104,55,15,44,26,116,19,67,4,96,57,78,108,20,49,88,93,14,122,133,131,80,100,76,73,71,105,103,110,72,109,86,125,7,46,120,50,38,121,17,123,40,69,53,6,95,16,94,23,21,11,119,107,83,102,56,30,33,129,118,9,85,79,54,31,45,111,5,74,27,106,97,10,61,87,117,25,47,29,32,12,1,42,62,68,59,92,60,52,18,58,43,13,34,66,39,70,124,3,127,89,115,36
3,6
90,134,68,35,76,48,84,23,46,34,54,115,21,37,117,32,88,31,60,33,50,14,79,65,70,3,75,66,118,13,71,122,114,9,25,82,108,55,19,123,81,64,40,16,28,87,41,67,8,42,97,96,52,93,85,61,62,51,73,98,105,29,130,132,7,20,129,38,69,45,133,135,63,22,120,6,10,1,39,116,59,4,125,99,107,89,12,86,26,27,47,100,77,56,58,104,94,57,112,126,110,44,0,2,15,101,131,17,95,128,36,103,124,11,113,102,72,5,91,78,30,127,111,53,18,43,24,121,106,80,49,119,92,83,109,74
4,1
86,76,92,25,26,16,40,91,118,67,113,69,31,116,9,108,123,94,65,101,34,98,78,132,58,75,102,120,51,52,87,70,105,41,22,124,13,103,57,46,1,0,117,68,64,111,134,74,90,121,107,97,83,55,45,61,128,80,112,3,126,122,72,17,77,129,135,6,66,15,49,42,95,19,53,88,110,84,27,43,8,48,119,50,104,85,29,36,130,12,114,30,28,82,54,38,100,73,18,106,35,81,96,89,131,133,32,2,127,21,7,4,20,23,14,37,44,59,5,47,62,125,109,71,63,39,79,56,115,11,60,99,33,10,93,24
2,4
49,126,127,58,27,125,4,73,134,9,83,103,112,101,102,117,90,17,114,115,116,96,26,20,76,33,78,120,63,22,108,110,37,15,43,40,13,28,71,59,16,98,92,118,7,85,6,135,12,87,42,81,75,44,54,0,99,95,34,128,121,70,32,82,30,106,46,100,61,55,64,109,68,18,66,132,62,8,130,105,52,41,133,29,124,77,97,39,56,19,45,35,86,119,60,111,80,3,74,67,25,36,69,38,91,89,131,14,2,93,10,65,24,48,94,123,23,11,50,84,5,79,31,129,107,21,57,88,53,72,122,1,104,113,47,51
6,3
120,33,67,130,91,129,17,38,18,80,110,100,28,119,107,92,63,109,53,16,45,108,133,123,134,31,51,48,113,27,37,104,103,117,65,24,62,121,25,86,74,55,39,57,26,126,105,106,66,124,132,42,4,68,90,23,61,22,77,34,131,3,40,93,70,81,69,85,41,89,50,94,116,82,76,2,47,35,79,78,73,114,56,10,88,19,11,15,46,112,111,32,118,95,0,127,135,5,30,6,96,101,54,84,128,64,44,29,83,60,102,8,12,59,99,13,43,9,21,115,1,98,72,71,36,52,20,49,122,97,87,125,75,58,7,14
4,4
101,110,105,27,62,55,56,111,113,14,50,33,65,72,41,95,76,15,46,59,96,116,133,106,85,69,99,94,130,24,124,82,67,79,44,49,20,68,109,51,135,8,84,83,90,117,54,131,58,74,31,7,3,126,13,132,52,64,23,120,38,98,112,48,89,91,57,125,25,2,119,22,129,81,0,36,35,75,86,114,47,88,28,134,42,1,121,71,34,70,45,102,11,21,16,10,12,43,60,93,18,53,115,39,73,104,97,122,108,17,26,87,66,123,107,78,92,61,5,118,40,30,127,37,9,128,103,29,80,100,19,6,4,63,32,77
4,5
9,43,91,78,125,82,16,122,45,64,88,23,17,41,1,71,26,34,31,89,109,50,115,21,99,117,111,46,106,74,87,59,10,85,69,49,63,19,80,53,96,134,42,114,39,13,2,55,98,29,77,112,8,132,127,110,47,120,123,97,33,22,76,36,72,119,73,52,131,95,32,67,44,129,79,105,37,58,62,108,61,40,102,118,94,20,3,83,7,84,66,38,65,133,15,51,90,86,100,6,30,93,101,48,28,12,24,107,0,4,70,56,92,103,18,128,113,35,104,5,25,54,130,57,60,68,135,81,121,124,116,11,27,75,126,14
3,3
73,28,36,6,15,19,48,3,21,2,22,53,99,43,75,13,111,30,54,49,130,119,61,59,104,80,39,66,109,52,88,27,85,125,116,18,108,1,24,128,10,55,87,100,131,17,77,57,121,96,44,60,92,117,110,64,105,126,23,69,89,82,32,67,8,25,62,107,120,94,123,90,9,134,91,86,78,102,115,56,14,33,34,74,26,0,45,12,7,118,122,35,114,97,71,20,84,29,4,106,113,79,65,124,16,103,81,98,5,70,37,72,83,101,76,133,135,40,47,42,46,31,58,41,63,11,127,95,51,112,68,38,50,93,129,132
5,1
14,77,80,102,62,93,86,36,130,20,131,74,104,119,113,22,63,2,37,9,45,29,61,54,101,42,4,19,67,70,17,66,55,126,58,109,12,68,64,76,49,8,53,117,89,57,121,123,85,7,69,129,27,72,134,59,52,11,1,133,111,34,25,83,13,47,21,132,40,23,118,110,122,31,96,6,73,124,38,120,18,127,71,24,48,108,35,16,106,91,94,51,0,79,39,100,88,114,128,107,26,10,82,5,32,50,60,115,84,98,97,90,56,135,41,95,103,30,28,33,75,99,92,78,112,15,125,43,46,44,105,81,87,116,65,3
5,4
61,18,81,132,84,109,31,51,85,98,87,49,73,35,130,50,91,103,62,78,99,21,52,22,74,2,8,127,86,79,32,57,36,23,13,30,133,89,93,135,11,4,104,56,16,25,76,131,60,58,6,120,108,110,40,41,29,45,117,105,48,112,90,111,34,67,106,59,80,96,33,27,3,15,19,53,101,124,113,54,28,47,95,102,88,38,115,75,116,69,65,10,83,118,128,77,119,134,20,24,94,122,72,37,9,46,42,70,26,0,44,63,1,97,114,129,55,39,71,126,43,100,82,107,64,66,92,17,123,12,121,68,125,7,5,14
2,1
76,122,15,99,130,90,132,55,23,77,5,73,53,107,127,102,30,110,39,71,10,27,41,29,7,12,103,49,52,37,54,96,50,135,3,19,59,81,64,14,124,88,61,65,83,57,126,24,78,20,33,58,28,2,66,134,13,121,40,91,42,119,16,95,118,86,26,117,43,120,17,116,48,22,128,4,106,62,70,38,21,109,114,11,67,111,47,92,74,112,125,133,115,36,9,82,31,129,60,34,98,75,63,94,85,79,72,1,84,35,87,6,101,93,97,0,32,18,69,100,131,89,113,56,45,44,8,123,68,108,25,51,104,46,105,80
2,3
53,55,65,124,38,66,75,76,48,85,60,25,117,134,112,90,68,109,103,67,15,118,7,24,61,130,84,63,114,94,51,69,18,33,40,77,14,31,106,0,47,37,80,1,35,105,122,59,36,16,29,8,52,71,98,78,115,73,11,81,93,4,100,5,111,86,58,88,41,133,99,70,39,21,32,102,45,27,97,108,126,17,49,120,54,121,30,23,116,22,132,95,125,129,135,96,42,113,131,19,101,56,119,57,64,82,87,26,3,6,50,127,104,62,43,92,74,9,13,128,10,12,44,123,89,72,91,107,110,2,20,46,83,34,79,28
5,1
49,109,113,45,15,40,43,83,31,30,46,51,9,65,61,93,18,35,33,68,53,42,25,11,55,81,28,74,48,123,134,54,26,91,41,78,70,87,135,112,115,27,131,69,125,3,116,132,71,64,85,120,129,133,100,17,99,36,14,6,4,98,108,92,29,84,127,130,107,19,126,94,34,97,118,104,13,88,47,110,1,105,52,63,16,20,38,22,62,111,60,67,101,50,23,77,86,76,80,95,117,121,58,7,57,72,73,89,44,90,0,8,21,2,119,103,114,5,82,75,56,32,79,24,102,106,124,59,122,37,10,128,12,96,66,39
6,4
113,45,98,61,54,24,35,25,28,100,23,39,128,19,93,16,84,79,1,46,110,97,112,85,131,59,38,62,34,30,90,8,119,15,101,20,108,82,103,40,122,86,51,99,0,89,129,50,53,67,9,133,47,102,31,48,95,49,125,74,44,134,77,124,80,69,72,13,78,118,83,33,92,65,12,135,91,10,127,106,52,37,96,120,121,2,41,73,63,70,42,3,55,66,68,58,26,105,6,88,94,5,81,76,57,29,117,7,14,104,71,111,32,22,11,107,87,115,18,130,126,4,43,123,116,109,132,21,36,114,17,64,56,27,75,60
1,4
123,40,19,38,21,95,80,47,99,58,94,61,127,121,8,28,9,42,26,88,41,25,84,54,134,49,67,34,15,30,107,37,114,27,10,106,32,111,36,51,131,125,11,50,63,108,96,56,115,91,83,5,48,77,98,133,81,22,116,39,20,14,33,52,87,44,78,68,105,118,0,6,93,23,85,74,79,24,102,4,101,132,55,3,86,72,53,16,66,12,17,100,103,57,82,109,130,7,65,90,18,71,89,104,73,92,113,122,59,97,60,124,35,45,29,126,135,129,120,69,13,43,46,76,128,112,62,110,64,75,119,1,70,31,2,117
3,2
104,19,65,119,4,29,115,85,5,96,17,53,32,132,48,8,43,20,78,121,101,62,70,94,14,84,91,77,39,13,129,57,16,113,74,114,82,46,103,75,6,58,44,110,98,87,120,2,117,35,66,50,112,116,28,12,52,67,26,92,37,122,60,54,51,42,27,63,128,127,108,71,23,15,0,68,93,73,124,18,100,95,72,83,81,30,9,89,76,105,7,61,56,118,3,97,130,79,135,22,36,126,40,106,69,134,25,21,107,131,64,133,90,47,1,41,125,80,55,24,99,49,123,11,102,88,34,38,59,86,45,31,10,109,111,33
2,5
40,77,42,31,23,48,101,67,2,47,118,102,45,61,69,125,116,26,115,104,130,105,108,126,63,91,72,55,50,38,124,49,19,1,8,18,83,94,14,99,54,90,60,43,119,129,32,113,93,57,4,44,34,114,15,135,11,46,117,9,10,27,36,133,110,12,100,41,107,51,53,106,59,128,16,74,68,29,78,6,122,52,70,85,56,30,37,76,98,120,17,109,79,73,3,80,64,22,24,84,112,58,132,35,88,123,25,81,0,39,82,89,97,66,131,103,86,71,95,20,5,28,21,111,96,62,75,92,7,33,87,134,65,13,127,121
5,6
117,22,124,39,133,90,13,43,38,27,9,70,134,116,94,52,17,127,75,89,20,36,30,95,110,33,14,59,88,7,115,34,49,3,67,83,77,84,73,101,21,113,96,51,132,47,11,2,85,131,118,99,18,103,26,65,108,71,76,61,44,19,126,63,56,120,78,35,41,45,5,119,6,91,40,8,74,60,114,80,123,102,0,105,97,54,82,28,106,128,12,16,62,79,111,129,125,48,4,86,58,64,29,57,53,107,69,92,23,98,1,15,93,122,66,100,87,37,25,50,10,72,121,32,24,112,31,130,135,68,81,42,55,46,104,109
4,3
110,76,60,135,22,80,42,67,72,10,96,77,128,119,5,24,102,125,86,30,14,74,88,58,26,31,33,32,62,55,50,69,47,109,0,127,35,21,89,81,1,28,54,111,83,13,117,7,2,52,48,16,59,132,46,85,91,71,27,3,23,133,120,126,107,114,44,106,51,25,118,65,92,19,73,41,63,57,12,134,116,131,53,61,15,87,123,99,129,75,68,45,8,66,130,97,34,70,93,20,39,100,108,78,90,115,6,4,121,101,18,43,38,29,98,104,64,122,79,49,105,37,124,40,9,36,82,11,95,94,112,56,113,103,84,17
4,6
102,73,91,62,6,80,126,10,72,24,70,90,74,95,56,34,59,135,55,66,108,99,11,76,38,96,45,100,127,122,49,15,67,134,130,2,30,47,132,9,97,77,133,120,107,33,35,94,52,4,128,129,37,117,58,89,84,112,5,119,42,123,8,110,39,68,16,51,32,92,31,27,75,18,53,88,114,3,17,14,113,7,93,50,26,54,19,105,103,86,111,78,29,79,121,61,21,43,65,64,81,116,12,83,22,40,48,98,131,23,87,69,25,101,1,106,124,63,0,71,36,13,109,85,41,60,46,118,20,57,115,125,44,104,82,28
6,2
0,34,74,113,22,52,58,93,102,9,76,28,66,123,126,57,134,4,27,20,98,79,116,91,59,48,44,77,81,114,101,120,50,135,39,35,133,7,14,45,105,36,54,115,84,25,94,60,6,46,122,2,128,89,31,37,108,104,100,71,87,121,88,112,82,103,19,75,32,72,43,68,49,62,30,16,51,125,95,119,42,38,129,17,96,55,73,70,131,33,53,29,40,5,90,61,41,124,64,106,109,24,127,69,78,26,11,110,85,92,65,13,12,97,8,21,117,67,118,3,99,111,130,107,83,23,47,1,10,132,80,56,86,63,15,18
3,4
63,57,60,76,108,131,8,82,18,86,112,39,2,1,117,3,46,71,43,120,114,29,90,32,34,78,130,135,19,128,0,16,54,132,129,27,37,65,83,91,121,64,73,115,107,110,102,67,134,14,87,45,9,49,106,124,94,80,84,103,104,5,17,81,68,105,4,118,53,123,25,96,51,11,55,69,30,100,72,24,77,125,88,113,33,58,7,79,101,47,52,48,97,42,109,126,38,116,75,133,44,122,21,85,92,62,20,74,12,56,95,66,98,89,22,36,31,26,40,28,23,111,15,119,6,61,59,70,127,93,99,13,50,41,35,10
2,1
92,42,8,82,95,38,81,44,3,59,116,45,102,87,70,73,51,2,134,58,16,77,103,49,101,122,26,31,133,47,10,0,107,128,75,96,65,125,30,86,17,15,121,132,56,117,61,80,85,112,32,52,48,39,22,18,40,13,14,27,113,108,35,100,46,66,54,67,72,90,99,71,21,74,63,114,12,104,130,94,62,11,64,124,115,119,28,68,106,131,135,20,120,97,110,23,105,19,93,55,118,109,50,6,4,57,24,126,29,98,60,127,34,78,5,33,123,91,76,9,43,7,129,1,89,111,37,53,36,84,83,25,69,79,88,41
4,4
58,98,116,3,49,69,110,43,107,121,63,125,87,44,36,13,18,19,99,42,10,95,8,23,34,119,123,60,54,33,75,64,103,86,9,66,118,105,124,106,74,17,133,71,88,122,15,67,35,77,38,59,100,94,37,96,115,14,132,85,89,93,111,130,68,78,53,80,82,28,127,47,79,61,134,31,6,104,57,114,22,0,90,65,126,108,62,92,81,16,32,97,52,101,56,1,40,4,21,91,117,25,83,109,72,27,48,129,76,26,39,11,84,120,50,128,41,46,2,29,131,7,112,45,55,135,12,20,24,30,102,73,70,51,5,113
1,3
15,13,59,97,109,26,58,89,126,44,125,1,106,105,133,132,104,102,73,90,130,49,116,37,111,119,101,117,112,75,55,65,28,124,31,96,50,81,29,122,94,8,19,114,93,48,113,134,53,32,20,120,118,51,83,70,24,12,0,69,9,71,11,86,2,39,6,100,82,33,121,36,78,80,67,108,128,68,123,17,74,38,115,57,103,72,56,60,85,45,107,127,23,14,42,88,62,98,7,77,16,87,3,76,52,84,34,25,47,35,99,40,66,92,21,54,63,95,135,91,41,79,61,30,22,131,43,110,27,46,4,18,129,5,10,64
1,2
16,7,84,1,80,46,116,9,25,109,117,130,66,83,56,12,19,61,36,35,98,3,77,50,11,39,73,74,110,79,93,52,104,129,32,75,8,37,23,119,54,131,27,6,112,40,124,63,107,118,128,58,72,53,4,97,82,14,113,99,68,100,105,81,89,114,95,90,24,17,22,44,65,42,10,15,127,87,96,62,49,60,133,122,120,29,125,0,71,28,48,47,18,20,108,111,123,45,102,121,135,70,76,67,103,92,88,101,33,31,132,38,69,86,21,64,59,34,2,78,85,134,30,115,57,106,41,13,55,5,94,91,26,51,43,126
5,4
74,99,50,94,113,110,103,55,87,88,65,60,107,92,31,26,43,36,15,85,66,118,5,119,29,22,28,73,102,83,56,24,48,71,52,19,10,121,42,78,98,32,132,91,68,35,70,14,114,112,127,8,75,49,84,130,109,115,133,72,45,25,54,79,58,97,62,90,21,123,11,17,134,18,1,64,69,106,131,38,100,34,80,41,59,76,53,3,108,20,126,111,12,9,89,16,47,6,37,82,120,44,105,101,129,117,33,116,125,27,104,7,61,93,95,30,46,13,63,0,86,77,39,81,23,122,57,96,128,40,124,135,4,2,67,51
2,6
62,12,28,117,105,123,14,102,87,64,91,111,119,26,74,27,93,135,78,131,72,36,40,108,4,49,112,130,17,23,129,75,13,61,101,31,120,76,25,34,98,55,67,46,65,24,5,37,113,60,53,96,8,9,86,99,126,79,124,45,20,110,10,52,114,2,47,70,125,18,104,84,56,39,68,33,15,71,0,107,88,128,63,73,42,66,57,116,85,16,21,44,1,122,127,132,81,58,92,54,59,90,134,69,38,89,6,43,32,50,3,100,115,7,11,41,109,35,82,29,103,83,94,30,118,95,106,77,51,121,19,80,97,48,22,133
3,6
14,70,34,63,8,83,16,110,76,89,117,129,67,125,41,44,45,109,119,112,5,101,52,98,22,123,62,25,79,0,47,122,65,27,39,11,92,68,37,19,132,66,94,33,84,131,54,96,135,21,56,87,106,31,126,113,32,43,12,64,108,51,91,36,88,13,93,111,73,58,97,29,99,49,133,48,28,26,30,23,42,102,3,2,95,128,55,10,24,120,61,59,86,130,1,4,9,82,40,53,60,115,107,81,15,6,100,121,35,18,72,134,71,57,7,104,46,20,74,124,69,17,78,118,50,85,80,75,90,127,114,105,116,103,38,77
1,2
35,38,28,128,77,94,101,62,76,125,89,86,90,80,36,23,88,69,105,59,127,112,96,50,63,83,17,54,116,48,85,91,107,104,10,43,56,32,47,21,42,132,78,119,57,92,123,4,1,99,41,73,61,126,117,55,18,129,12,109,100,30,7,93,131,45,26,111,53,13,84,58,14,46,34,133,135,95,0,74,39,52,9,108,15,2,11,103,82,31,102,67,40,113,64,130,79,120,71,122,29,20,33,68,49,72,97,19,37,81,110,8,60,5,65,22,75,66,16,27,134,25,24,44,6,121,51,87,98,106,114,124,3,70,118,115
5,5
