34,96,129,18,124,88,6,83,25,55,85,86,23,121,78,111,58,32,59,104,37,105,3,14,81,119,90,71,79,9,10,118,80,50,39,126,128,57,87,117,28,60,106,103,20,95,76,135,132,112,131,89,36,47,52,75,123,69,27,107,63,56,108,5,38,77,130,67,22,98,24,2,116,61,102,125,72,0,46,113,43,70,84,100,12,62,101,93,26,68,41,44,91,4,74,127,33,53,66,1,19,114,29,82,13,30,11,31,73,16,35,49,99,97,45,65,15,92,109,64,8,120,122,115,17,40,94,54,110,21,51,42,134,48,7,133
4,6
99,115,77,31,127,124,91,30,120,135,17,24,106,59,122,55,26,52,70,35,90,132,8,88,131,101,20,62,61,125,46,98,4,7,56,36,1,63,74,9,133,18,119,83,116,87,60,3,85,134,11,25,104,57,42,64,28,34,33,129,89,117,51,103,19,92,86,0,81,84,54,14,10,110,72,67,66,130,108,22,13,112,100,15,29,102,49,113,37,12,94,27,47,79,32,41,48,75,80,39,107,96,16,5,58,109,105,50,126,21,95,6,73,2,68,76,43,93,97,121,114,44,69,128,78,111,40,118,45,23,123,71,38,65,82,53
4,2
1,22,8,95,79,135,127,12,82,109,121,63,131,30,43,78,123,80,104,23,52,126,77,88,17,26,122,35,114,64,97,134,86,73,87,132,117,15,105,128,67,47,125,50,89,28,53,85,130,84,72,42,116,25,18,4,38,101,102,124,92,129,113,93,133,54,7,118,14,39,31,27,5,91,46,75,45,110,19,107,99,81,71,68,20,103,0,55,2,41,61,29,34,90,98,13,65,21,106,24,33,32,40,49,36,100,83,10,74,57,62,3,111,16,115,70,112,9,69,96,56,37,6,60,44,59,11,48,76,94,108,120,51,119,58,66
5,1
62,88,9,98,66,76,77,44,84,57,7,39,27,130,70,108,37,134,14,96,110,16,20,41,95,104,102,49,47,79,101,106,30,17,28,12,91,94,10,36,6,105,45,19,2,4,81,90,115,40,113,97,129,114,92,53,55,85,18,43,73,15,51,33,5,3,68,23,127,99,31,86,60,25,22,61,112,38,69,59,126,124,103,78,56,67,1,29,72,89,87,74,83,82,34,100,117,35,32,63,133,64,50,132,58,116,0,80,8,21,123,119,93,42,26,109,121,52,54,118,107,71,125,120,131,46,13,111,65,128,75,135,122,11,48,24
6,6
31,129,71,59,111,100,134,23,91,47,70,69,52,4,42,78,98,19,121,16,0,77,36,106,108,80,97,116,29,32,131,50,113,87,73,34,74,81,38,60,3,56,84,120,62,105,18,115,83,14,93,24,12,30,76,89,9,86,125,94,85,21,128,118,130,2,55,1,28,48,15,40,65,135,72,117,33,26,25,58,63,53,79,103,104,95,20,109,107,45,68,122,66,44,37,61,82,114,6,22,11,112,51,92,102,99,127,90,8,124,67,132,96,123,13,119,41,43,75,46,10,27,88,5,126,35,133,7,64,49,110,39,17,54,101,57
1,4
25,54,105,109,106,31,85,27,45,16,69,34,78,99,129,35,111,113,101,2,6,120,4,21,23,71,39,29,15,53,70,104,134,119,47,77,107,95,90,126,33,91,10,28,110,130,9,66,114,5,98,93,80,44,79,87,115,67,84,20,62,103,83,102,18,86,92,56,40,43,48,1,131,61,68,76,19,26,12,8,22,14,17,24,121,82,75,42,89,133,0,60,127,118,41,132,122,57,116,97,36,65,94,37,108,135,81,11,64,117,52,49,51,30,32,125,74,63,128,100,88,72,123,7,38,50,58,112,46,73,3,59,13,124,55,96
6,1
62,35,106,65,45,105,79,52,100,51,24,33,12,111,87,1,20,59,4,91,7,121,57,119,29,74,85,22,3,84,21,64,32,50,67,40,75,118,127,81,104,19,42,66,95,41,56,130,114,26,69,6,131,63,102,96,38,135,83,43,113,47,70,108,132,98,80,86,23,25,54,88,27,76,2,0,17,5,28,92,34,30,60,77,71,53,8,129,73,61,15,117,125,49,18,123,89,99,133,94,48,31,44,78,37,93,110,68,14,72,82,58,16,120,103,126,115,10,107,39,128,11,122,124,55,109,9,134,97,90,36,101,112,116,46,13
2,2
128,24,41,103,110,88,97,60,10,130,71,94,113,23,78,76,112,25,7,19,122,98,67,21,39,31,11,131,125,70,62,120,20,5,26,72,16,69,27,123,32,129,30,86,51,107,80,132,33,111,2,91,73,63,127,101,124,114,126,116,18,42,66,43,74,54,55,48,6,87,50,59,96,9,40,92,64,65,34,12,77,133,85,118,121,58,135,35,52,102,56,49,108,68,22,100,83,93,3,29,44,75,36,134,95,14,17,81,8,90,99,84,47,105,4,57,61,46,37,89,28,115,117,53,119,38,79,0,106,1,109,13,15,104,45,82
6,5
92,68,71,16,5,47,84,52,117,9,132,77,109,121,32,43,103,105,83,125,89,112,61,123,38,27,20,70,25,82,58,120,114,21,31,122,42,73,14,101,119,3,118,96,134,99,53,102,90,34,24,85,79,65,30,104,54,33,108,93,48,41,135,15,49,6,107,23,113,86,133,126,116,124,7,106,37,81,13,55,50,94,87,78,40,131,100,95,74,80,59,17,64,8,4,128,60,97,130,111,129,88,51,26,36,0,46,75,22,66,28,2,10,11,12,127,19,110,91,62,115,57,44,98,1,63,72,76,45,35,39,67,56,29,69,18
6,2
62,74,36,3,72,40,29,120,67,90,135,85,95,34,105,106,122,116,65,5,49,59,81,33,82,9,98,134,83,102,109,60,115,24,63,55,76,123,8,84,114,48,93,61,88,133,18,118,107,101,112,89,39,92,2,94,57,110,87,46,131,103,17,117,56,13,42,75,12,132,6,78,45,127,121,68,64,10,104,26,126,35,129,73,14,100,108,91,86,25,50,119,43,31,71,70,41,80,96,99,58,15,19,113,54,53,16,32,27,7,1,47,23,11,20,77,28,130,0,52,37,21,124,38,22,69,66,30,97,51,44,128,4,79,111,125
4,6
103,97,75,111,116,87,127,86,123,107,10,15,80,68,19,73,112,69,126,106,65,47,26,8,95,5,37,124,92,0,57,4,14,22,129,29,43,34,113,134,98,101,25,77,120,90,32,30,53,16,54,1,109,84,104,133,12,61,99,13,71,94,59,35,82,46,115,56,89,42,27,23,52,63,44,93,3,6,70,20,72,131,83,21,11,122,105,62,66,39,51,9,96,100,132,108,121,40,67,50,64,128,48,55,36,49,58,7,125,74,79,17,33,114,2,117,45,88,81,31,24,38,118,119,41,18,135,60,76,102,78,28,85,91,110,130
6,1
100,9,102,25,70,71,119,130,23,112,45,21,33,42,129,14,93,84,69,48,64,135,107,88,32,134,30,61,125,8,16,60,97,99,132,94,18,122,44,117,7,80,67,46,2,120,101,115,49,87,20,57,36,128,4,95,85,63,40,26,131,72,103,51,13,50,96,98,74,22,113,82,17,31,83,0,73,127,43,123,11,3,1,66,29,126,52,91,24,56,90,86,75,108,65,133,76,10,54,53,106,124,110,59,121,28,114,89,35,78,39,47,79,116,68,5,15,92,12,37,118,19,38,55,104,27,111,62,41,77,34,109,58,81,6,105
1,2
65,16,62,26,41,130,79,75,53,43,52,17,83,2,131,24,18,42,82,1,68,39,77,55,85,129,38,11,34,46,8,59,58,125,54,116,23,28,45,10,9,102,99,69,122,89,47,94,13,33,67,0,20,22,12,86,104,92,95,30,19,37,81,97,101,105,5,60,4,114,73,14,64,98,111,93,91,32,109,113,126,29,6,117,27,123,108,115,87,96,48,106,112,120,7,70,71,134,128,44,51,35,100,84,25,88,135,63,118,90,36,40,57,103,76,72,133,31,3,132,50,61,107,121,56,49,66,21,74,124,80,15,127,119,110,78
6,6
91,50,86,84,25,69,92,62,40,94,73,90,99,76,119,58,27,57,60,13,123,71,7,41,107,3,30,79,131,109,63,24,37,80,128,20,22,15,133,51,125,64,48,122,47,83,21,26,19,111,124,113,31,100,121,44,28,75,16,53,49,55,101,61,2,115,33,29,81,68,10,74,52,108,9,4,120,18,78,110,116,56,117,97,32,66,93,42,46,11,82,85,39,54,17,14,127,36,38,106,98,6,104,96,65,95,130,105,0,67,118,12,114,34,23,132,126,72,87,1,89,77,45,103,102,59,135,35,8,134,112,88,129,70,5,43
5,2
48,14,64,122,18,78,42,47,135,55,53,8,30,77,5,106,49,74,20,38,66,99,113,86,62,87,90,45,79,123,103,21,98,71,61,91,118,111,119,101,73,9,23,114,41,50,43,57,109,17,82,7,76,121,107,115,40,70,54,85,31,6,102,94,59,37,25,39,129,51,0,33,65,4,120,95,63,46,22,15,28,1,27,100,126,97,75,92,112,16,105,127,116,67,56,13,80,104,68,134,32,26,2,36,69,110,12,35,29,131,125,44,60,108,81,96,72,124,52,58,10,83,24,132,88,133,34,130,117,128,3,93,84,19,11,89
1,1
91,85,113,68,104,52,127,38,10,109,134,53,88,54,117,7,16,17,98,75,131,120,4,59,99,97,123,62,12,22,83,11,43,13,71,33,87,92,73,64,69,20,128,80,32,72,37,82,114,19,95,126,132,57,100,66,65,47,56,118,21,14,30,1,135,121,24,63,55,94,35,77,9,112,107,115,70,34,102,133,96,29,129,74,119,116,76,130,101,125,61,27,51,5,124,48,60,42,36,111,108,0,28,31,89,40,93,2,81,46,3,44,18,122,78,67,58,25,110,6,41,103,15,90,105,79,84,86,106,45,26,39,23,8,49,50
2,5
82,100,21,1,116,55,74,90,53,47,80,91,58,41,45,103,83,20,40,104,16,117,17,42,24,93,13,23,19,50,61,35,87,107,72,5,66,113,73,118,48,129,89,37,59,49,119,51,22,38,92,101,128,63,8,9,0,81,60,30,28,54,97,134,94,4,31,10,56,114,36,109,135,3,126,44,88,99,78,52,76,120,96,43,70,62,12,115,65,122,15,112,98,102,33,71,18,68,39,108,11,75,6,133,130,46,123,95,110,105,84,111,64,131,32,27,124,26,79,106,121,14,29,85,77,132,7,125,67,69,86,57,34,25,127,2
2,4
73,4,112,87,18,65,122,0,129,68,115,90,117,97,88,106,3,62,119,34,94,126,134,130,24,48,133,77,78,60,22,41,72,67,121,116,1,40,19,39,36,61,45,47,127,59,57,102,81,9,13,15,25,35,29,80,44,98,8,26,6,75,95,105,92,28,91,58,33,124,37,23,120,123,86,96,31,89,2,131,108,54,66,14,74,7,50,135,42,82,12,110,52,76,79,113,11,21,16,100,43,63,118,93,125,30,27,64,85,53,83,70,51,101,132,55,38,5,56,71,109,128,84,10,104,107,99,17,103,46,32,111,69,49,20,114
2,5
4,48,28,104,119,72,78,116,13,33,114,15,75,27,52,84,57,82,8,26,50,77,129,59,32,10,105,91,93,55,112,7,5,76,58,100,62,17,47,111,12,80,71,117,94,103,40,35,24,43,99,122,23,9,70,134,128,102,16,25,135,22,2,97,79,14,60,38,39,42,90,46,118,31,51,107,113,44,56,53,115,29,110,30,92,0,95,45,89,96,130,6,133,65,131,132,87,88,125,67,73,124,85,61,66,74,127,109,11,3,83,19,34,106,64,121,37,49,81,98,1,101,68,20,18,120,69,36,86,63,108,123,41,126,54,21
1,6
17,10,1,87,90,46,98,81,0,117,8,60,24,85,64,37,76,12,19,11,20,122,113,115,28,110,130,120,73,97,111,134,121,5,91,88,31,75,36,53,101,21,77,6,127,92,84,43,74,104,54,41,96,83,30,32,22,125,69,49,133,55,48,38,27,4,7,61,128,93,131,35,56,59,15,89,13,129,107,70,34,62,40,95,50,58,67,99,78,124,105,135,79,23,65,102,18,106,16,29,39,86,126,71,14,100,25,44,42,109,82,123,9,119,57,2,118,45,68,51,63,116,52,103,26,108,33,114,94,3,72,112,66,47,80,132
4,2
104,13,12,129,28,5,22,74,29,62,26,134,102,44,119,128,81,91,122,103,23,106,99,75,83,111,67,126,15,11,66,16,48,27,76,42,6,121,90,135,2,45,36,109,24,25,8,92,88,4,93,79,52,31,19,53,133,21,46,41,87,132,51,120,115,116,43,17,54,114,69,49,124,70,40,82,101,100,68,72,10,125,73,80,86,118,108,61,64,33,110,20,58,65,14,96,47,35,63,89,59,98,95,3,85,130,7,1,37,39,78,113,127,97,0,55,84,60,71,18,77,56,30,117,32,131,38,57,9,34,112,107,105,123,94,50
4,1
57,120,50,98,15,43,113,116,97,69,53,59,5,86,46,2,17,83,21,80,77,54,85,11,13,18,70,128,127,92,126,48,111,34,131,124,84,108,60,49,119,47,22,112,55,58,123,56,61,121,67,114,99,117,8,63,91,44,115,75,64,134,87,103,82,90,14,102,12,10,96,95,62,31,104,19,72,81,51,88,107,30,1,4,76,73,38,118,135,100,132,106,78,93,101,23,68,71,9,66,3,89,105,129,122,33,130,125,26,79,16,24,27,37,45,6,109,39,94,36,41,42,29,110,40,0,28,52,7,35,74,133,65,20,25,32
5,5
107,58,123,17,77,45,96,55,117,104,46,4,14,116,19,29,8,118,52,89,125,78,120,37,34,106,79,24,69,90,132,84,47,7,82,128,105,72,21,65,127,102,62,49,92,70,56,50,94,115,88,35,134,101,1,11,48,41,108,111,121,33,80,0,38,51,83,75,59,61,12,71,110,130,99,10,13,73,133,22,85,81,93,131,100,28,15,86,114,23,9,43,112,67,53,36,30,44,98,126,60,68,18,32,3,20,87,31,74,129,26,97,109,76,25,113,16,103,63,66,40,124,27,122,95,2,91,119,135,5,42,64,54,39,6,57
5,3
8,16,111,15,58,86,133,96,38,76,103,44,57,100,126,113,22,70,67,27,121,64,46,53,29,9,31,73,101,55,99,50,12,32,134,52,69,41,17,80,115,89,125,71,39,87,2,122,51,90,94,114,45,24,77,47,78,59,82,72,49,11,93,37,108,132,25,92,75,74,123,84,105,18,107,97,66,68,6,83,88,85,3,14,42,0,4,19,21,56,62,40,60,34,109,23,13,63,128,35,110,118,61,117,7,91,30,5,95,26,36,43,33,130,129,28,135,106,116,124,119,104,48,120,10,81,127,20,79,1,112,131,65,54,102,98
4,1
46,61,99,66,129,48,93,47,45,33,94,17,96,67,24,122,16,90,3,0,6,87,57,97,68,119,9,52,117,84,85,109,64,39,55,76,15,75,5,26,79,40,71,92,104,78,21,105,113,131,1,30,82,63,28,32,44,70,51,31,112,115,135,106,132,123,80,50,22,59,23,130,73,18,13,65,101,38,35,86,126,100,77,107,14,114,37,110,20,7,133,124,42,25,134,2,34,41,36,4,98,43,8,91,116,74,72,103,12,108,102,95,10,120,62,127,121,53,60,69,128,19,111,58,11,27,49,54,83,81,56,118,88,89,125,29
3,6
85,28,10,36,119,82,70,47,69,113,5,101,43,109,90,61,111,27,73,60,122,58,39,102,81,115,105,6,78,54,67,108,89,4,91,63,20,110,29,1,68,9,76,133,79,84,95,71,134,53,25,98,66,21,130,100,120,97,77,126,93,14,132,94,96,114,87,99,131,51,23,17,121,104,125,62,56,32,129,124,135,55,106,117,118,31,41,59,123,13,107,0,92,75,42,26,48,83,128,15,86,127,40,46,57,112,49,7,72,45,22,88,3,103,80,2,50,12,64,52,37,19,11,38,74,16,44,33,8,116,65,24,18,30,34,35
3,1
6,58,94,50,120,22,63,19,39,5,130,42,45,133,73,124,75,112,16,7,54,101,107,92,8,29,68,56,88,79,10,64,12,46,21,77,72,86,44,66,81,118,13,53,93,115,34,104,129,9,126,27,23,119,57,135,109,99,36,100,52,4,65,30,131,110,85,105,103,71,51,111,97,117,26,11,87,67,1,121,113,96,91,108,76,132,90,41,3,18,48,37,128,84,47,114,17,80,62,25,95,32,24,82,74,35,106,102,33,116,15,60,125,61,14,49,55,40,89,127,122,70,59,20,43,69,31,38,0,2,28,123,134,78,98,83
6,6
37,58,67,73,41,13,81,9,75,121,110,72,120,95,0,22,101,98,64,17,76,62,5,89,112,32,56,99,80,133,25,91,128,43,129,40,61,126,49,97,130,78,82,3,30,74,132,117,68,45,11,35,83,14,119,94,113,131,92,31,50,16,65,15,134,18,79,123,100,111,28,27,34,48,104,12,102,36,59,135,70,42,33,46,69,8,38,54,60,71,88,24,7,77,122,57,90,87,44,84,1,93,85,47,26,52,39,86,66,118,2,103,53,4,106,55,107,96,51,114,115,20,116,109,10,6,105,125,23,29,108,21,127,63,124,19
1,6
95,98,6,96,130,132,82,41,22,63,88,94,49,71,110,61,129,55,99,91,124,87,72,44,7,21,11,107,51,112,58,89,40,93,108,35,83,101,115,118,16,5,64,120,103,69,42,128,66,59,32,13,92,34,109,114,33,24,19,65,127,60,111,100,43,48,122,57,81,14,39,8,28,84,15,134,86,85,77,67,121,20,117,135,10,75,37,62,38,70,50,53,9,31,56,17,80,46,26,0,52,45,105,2,123,74,4,125,12,126,116,27,79,25,3,102,131,106,113,104,133,76,29,30,36,90,23,18,68,73,54,97,1,119,47,78
3,6
50,78,59,69,112,22,20,14,37,129,126,71,51,79,133,100,16,32,124,102,70,72,3,57,93,25,52,99,82,118,34,40,19,130,54,88,115,132,109,28,33,122,117,24,15,74,94,58,107,29,108,46,128,113,127,10,125,105,76,1,47,86,30,44,134,43,42,38,103,45,17,90,80,6,21,18,0,67,111,135,60,121,27,116,9,11,95,66,2,49,85,7,13,56,63,89,26,65,97,120,110,91,41,104,5,53,123,92,77,101,55,83,98,96,4,68,84,62,75,119,23,81,12,31,48,114,73,39,131,61,35,36,8,87,106,64
5,5
119,28,68,131,27,48,122,31,116,38,1,18,134,92,124,85,34,80,67,107,10,100,43,49,9,74,76,125,65,97,30,58,24,56,70,84,60,17,21,41,88,117,104,32,44,81,36,0,15,16,62,42,69,7,64,61,47,99,55,79,50,101,93,102,22,66,83,3,78,71,51,2,111,77,45,103,13,40,57,126,114,26,108,109,12,59,39,94,132,23,33,8,133,37,29,4,105,89,54,75,91,46,90,72,73,5,63,52,123,14,130,19,121,110,96,129,11,95,127,87,106,20,118,98,112,25,35,113,128,115,120,135,53,6,82,86
1,2
111,21,40,25,68,96,36,22,135,101,49,73,45,4,91,18,131,63,16,71,54,61,75,67,17,24,0,1,41,77,90,72,76,104,86,106,48,28,119,43,33,50,27,99,125,64,123,79,44,19,8,35,29,66,81,120,93,100,37,70,108,6,5,130,83,102,103,9,31,65,53,74,47,84,60,15,51,2,107,114,110,94,58,55,97,3,14,116,82,32,122,85,133,124,59,117,57,121,69,39,88,127,38,112,113,46,26,78,95,80,87,105,56,42,126,7,34,12,23,134,109,20,62,98,11,118,132,89,129,10,128,13,30,115,92,52
4,4
62,81,75,89,77,21,80,24,104,120,45,113,0,103,8,119,4,26,38,92,130,58,116,51,82,68,114,48,5,23,109,132,102,76,72,123,95,32,28,64,9,112,74,36,70,85,131,2,59,73,50,35,126,128,106,3,20,55,97,10,49,54,31,16,40,52,99,60,39,71,87,100,44,27,6,14,98,111,53,79,94,110,61,93,135,88,46,34,43,108,18,30,117,65,78,91,118,33,84,122,22,133,7,127,125,105,13,11,17,37,19,124,115,63,107,96,25,86,69,29,1,90,83,47,57,67,129,56,134,12,41,121,66,101,42,15
1,4
123,30,98,106,120,104,96,91,63,64,76,12,71,17,38,10,126,114,108,134,95,32,102,80,21,65,132,111,5,122,43,86,77,22,90,127,105,79,54,118,133,89,78,94,29,49,13,128,117,44,72,42,74,97,84,116,109,62,68,87,2,25,9,16,23,56,129,20,51,19,135,26,1,131,100,24,58,14,33,99,83,121,18,112,66,57,31,113,73,53,92,11,103,47,101,6,34,115,0,7,40,35,88,75,36,55,85,70,41,48,125,45,69,52,8,81,28,130,119,61,67,3,39,50,46,124,15,59,60,107,110,37,4,93,82,27
4,5
66,127,19,46,112,103,69,83,10,48,25,108,131,58,56,37,26,120,62,104,24,6,74,53,9,130,59,42,121,7,134,63,43,54,133,36,116,50,99,20,17,39,35,68,115,52,126,28,5,101,94,78,82,22,80,105,88,122,71,128,15,113,40,61,64,91,33,27,11,86,109,14,114,79,67,89,57,117,55,70,1,75,32,98,21,102,2,97,92,107,3,118,135,0,110,4,76,111,84,49,96,119,125,124,38,44,45,81,60,87,129,8,100,132,12,41,93,47,31,18,30,77,73,65,106,72,23,13,29,95,34,85,90,16,51,123
1,2
74,94,98,121,42,128,31,71,90,29,99,35,18,77,72,37,65,106,5,116,54,51,46,86,123,7,41,70,40,102,19,111,110,117,21,119,32,79,103,96,62,84,76,14,89,66,93,25,113,28,127,1,82,124,131,69,64,52,45,34,115,101,107,47,129,105,4,23,44,49,39,83,88,8,87,57,80,6,12,48,30,133,16,126,58,100,134,130,53,26,91,95,43,9,73,27,125,36,108,118,78,132,38,63,2,68,20,60,50,15,22,85,10,75,17,33,24,0,97,120,3,81,122,55,13,92,59,67,11,135,112,109,114,104,56,61
4,5
111,27,83,62,98,34,133,69,53,130,24,109,110,20,123,22,91,129,117,86,124,72,134,42,121,107,9,114,108,128,81,73,63,32,100,64,103,31,19,3,125,23,41,75,49,5,10,120,93,119,57,102,52,96,135,115,89,77,50,112,13,33,76,94,36,21,101,25,85,55,30,74,126,113,47,60,127,18,39,14,40,68,105,66,11,71,122,80,54,38,78,0,79,88,95,97,70,48,58,51,132,61,44,67,8,116,87,106,99,35,4,45,43,104,92,15,16,90,82,84,46,7,1,56,59,131,2,65,26,37,17,118,12,28,6,29
2,3
4,6,32,17,86,114,39,88,40,28,119,34,108,79,112,65,98,23,76,29,80,22,128,13,71,52,127,105,116,35,64,117,58,56,16,100,129,49,51,115,125,46,83,118,75,94,5,30,25,90,96,72,15,130,107,33,41,84,110,120,2,37,87,19,1,82,77,3,44,12,73,109,24,69,67,66,70,113,134,81,123,122,50,111,0,55,45,18,62,54,31,131,47,126,59,11,38,93,26,27,68,101,53,42,133,14,121,9,97,20,92,132,61,8,74,85,104,78,10,43,63,91,36,124,106,7,21,95,103,99,48,135,57,89,60,102
6,4
100,81,89,135,22,112,49,76,40,6,27,8,124,129,101,4,32,70,107,65,71,82,114,73,72,48,74,5,46,103,88,1,118,67,56,39,55,2,35,0,97,42,93,16,85,108,130,113,117,13,92,33,18,29,14,45,104,38,31,68,87,30,21,3,61,24,19,44,80,23,119,25,20,66,28,99,9,17,58,62,51,47,132,54,36,134,63,12,52,109,90,86,11,96,64,122,95,106,127,69,57,79,133,41,123,50,60,59,15,98,75,43,78,126,125,10,111,34,77,94,116,37,102,115,121,53,26,105,84,91,120,131,128,110,83,7
4,2
81,3,83,113,29,89,27,5,20,58,53,22,73,37,112,51,96,85,31,15,36,10,6,78,97,8,28,126,90,91,56,50,16,34,121,12,75,0,59,60,39,63,120,101,32,130,45,105,35,99,52,30,42,71,102,131,1,40,132,68,100,122,124,127,66,109,119,2,80,92,62,7,118,17,47,46,117,128,88,4,33,95,65,133,110,82,103,123,114,69,13,44,61,104,72,18,84,24,41,107,98,11,55,116,93,49,135,106,79,74,14,38,86,19,54,25,21,76,108,87,67,26,48,125,57,115,23,77,134,111,70,9,64,94,43,129
1,4
129,21,5,47,89,58,27,90,12,38,127,11,87,84,101,118,103,69,46,114,4,6,15,68,64,16,66,32,37,110,30,51,8,44,134,133,126,52,26,131,73,82,98,125,96,130,115,13,62,49,122,1,7,55,14,28,31,135,17,83,36,75,57,93,0,18,40,61,10,43,102,108,78,9,33,107,95,71,109,81,112,63,128,88,41,91,117,113,24,25,106,80,119,97,116,39,29,22,45,79,56,3,2,48,65,74,111,77,76,20,123,72,23,124,19,50,67,42,35,99,132,34,120,121,86,100,59,53,85,105,94,54,70,104,92,60
6,3
45,27,122,18,128,111,13,107,92,39,135,78,14,6,9,52,4,77,101,132,26,126,32,44,68,33,43,99,84,86,59,51,24,109,82,46,117,91,121,12,37,61,123,130,67,73,49,89,120,118,106,83,19,94,104,97,90,115,38,31,81,75,22,119,36,47,93,29,70,54,2,112,17,87,85,113,131,98,79,20,56,1,60,103,55,108,35,48,10,76,0,110,100,57,64,28,23,129,66,88,3,42,58,16,53,62,69,63,127,116,7,124,96,30,34,74,21,25,125,41,40,95,5,11,105,8,133,65,134,114,102,72,50,80,15,71
4,1
51,60,37,52,26,46,80,89,135,114,112,78,98,68,75,56,84,1,29,4,128,16,66,18,38,129,9,115,123,109,93,101,65,117,85,86,122,73,53,2,36,31,104,67,64,70,72,57,91,30,77,62,20,23,99,39,28,33,102,32,132,131,50,108,92,97,6,110,7,8,48,96,105,21,133,15,22,118,127,82,41,3,100,134,54,44,11,47,17,69,130,59,34,27,116,79,126,40,71,81,58,12,35,95,24,76,45,49,94,19,107,25,124,5,63,42,121,113,103,14,120,55,90,88,125,87,0,74,119,106,83,13,10,43,111,61
1,6
24,32,117,47,20,81,121,21,52,119,31,18,30,39,35,16,48,34,80,37,87,66,71,132,116,11,78,118,5,62,127,28,10,135,89,79,68,33,114,75,58,4,7,97,25,12,83,99,76,61,36,84,2,98,129,107,9,44,86,94,59,134,69,122,105,29,14,19,130,123,55,17,93,115,110,112,73,40,56,125,43,64,1,49,108,111,77,23,85,41,120,100,128,96,103,106,0,91,38,65,3,124,133,45,22,13,70,88,131,102,46,26,63,113,50,6,72,82,109,8,54,126,74,60,90,57,95,53,15,92,67,42,51,101,104,27
5,6
115,54,81,121,109,123,65,6,85,111,48,18,72,113,52,45,63,102,64,27,132,56,31,51,13,131,0,30,58,14,47,135,90,76,10,101,97,43,22,114,89,32,124,80,91,62,128,88,3,49,74,38,11,108,93,99,117,71,60,116,69,133,67,25,36,96,112,105,34,122,50,16,44,42,75,1,110,7,8,23,120,100,53,61,94,134,33,92,28,4,107,70,39,126,46,21,37,15,84,29,125,24,106,103,130,78,17,104,55,40,119,77,9,98,87,68,19,127,118,12,66,41,82,79,59,35,83,129,86,95,73,26,20,5,57,2
5,4
49,119,48,70,134,58,16,38,15,65,95,20,80,31,12,24,91,120,36,64,77,47,93,128,117,89,75,40,0,82,62,66,44,9,106,71,41,83,22,111,79,8,118,34,102,67,39,18,32,56,114,45,17,19,57,50,6,2,10,4,60,99,109,27,23,97,43,29,84,53,100,1,108,37,112,46,68,107,86,74,103,127,5,7,125,52,131,130,105,94,54,26,69,122,115,132,98,135,78,133,13,87,25,59,101,126,88,3,124,116,121,73,90,123,72,63,81,21,11,28,30,104,85,92,76,129,51,96,14,61,33,55,35,42,110,113
1,6
131,25,94,100,61,116,4,77,88,74,35,103,110,75,1,118,97,125,6,93,112,37,32,14,5,119,60,89,12,76,69,133,68,95,30,9,72,130,79,28,17,85,39,53,98,46,64,107,21,65,123,63,19,0,126,3,124,105,20,104,117,59,92,78,23,108,101,82,73,40,132,99,134,83,15,57,96,26,102,54,8,84,31,121,127,55,22,62,113,111,70,109,34,66,45,114,41,16,10,13,90,27,120,18,47,44,135,56,52,11,71,42,48,129,106,7,50,24,80,33,87,67,38,81,128,29,36,58,122,91,43,2,51,49,115,86
1,4
110,30,63,71,102,74,132,34,46,97,89,124,129,8,35,70,125,128,58,11,32,79,122,105,113,12,0,123,44,60,84,21,88,24,80,75,92,106,31,17,22,117,57,115,85,54,39,101,77,73,4,78,3,72,51,90,1,107,40,130,23,42,14,68,94,26,65,7,104,81,86,13,52,82,5,96,45,99,95,61,43,67,131,10,98,50,20,119,47,16,108,15,38,69,29,66,112,134,83,127,33,93,27,55,59,133,126,53,116,48,9,2,87,121,18,28,25,118,64,56,91,36,111,109,120,114,103,19,62,41,76,37,100,135,6,49
3,2
22,31,120,42,35,66,135,119,122,50,28,64,129,102,21,81,32,54,45,1,104,103,41,113,48,73,44,36,94,118,39,82,11,47,84,59,78,2,98,56,16,8,29,107,100,83,61,115,114,6,92,132,69,89,33,20,126,77,17,65,49,123,111,90,117,27,105,18,15,10,130,125,19,86,108,134,9,60,26,93,67,24,80,124,127,70,97,7,55,43,91,12,34,128,62,30,79,110,71,116,13,95,133,106,58,75,99,37,53,3,87,0,74,96,14,68,38,63,131,88,4,109,52,85,101,46,72,5,112,51,57,121,23,40,76,25
1,4
89,76,20,130,72,25,98,127,80,85,114,126,61,33,82,60,66,133,112,57,48,23,24,16,65,131,50,106,110,70,59,75,119,42,102,9,101,12,118,5,6,93,86,78,108,71,107,41,90,21,8,116,113,92,37,17,15,11,104,88,123,96,63,18,35,36,125,73,122,124,58,22,105,19,31,81,129,1,74,91,28,99,51,64,44,100,84,128,54,52,117,67,45,34,55,109,47,135,62,103,120,69,43,3,95,53,121,94,30,10,39,56,115,132,4,0,38,87,2,83,79,40,134,49,97,29,13,111,77,46,27,7,68,14,26,32
5,6
65,79,133,49,30,55,7,62,112,69,45,91,120,104,135,121,24,56,27,93,73,50,48,102,52,33,41,53,110,78,119,115,128,35,82,101,43,89,10,98,14,125,127,3,1,75,18,124,84,108,47,8,9,13,86,71,61,59,111,100,21,130,76,32,6,22,85,46,132,44,126,57,15,67,54,131,0,88,81,25,4,92,109,122,70,114,23,129,31,99,40,26,117,42,58,66,20,123,11,83,113,80,68,5,29,74,105,77,64,28,16,118,17,12,51,116,106,96,95,34,103,63,107,36,39,19,60,2,90,134,97,38,94,72,37,87
5,6
47,4,41,108,114,20,89,70,57,87,30,21,58,15,18,81,86,75,44,130,16,84,65,45,95,63,31,82,68,90,43,62,9,53,7,124,32,23,14,26,115,133,34,128,8,119,135,71,11,93,64,54,127,96,22,28,50,1,105,36,74,13,51,19,67,17,102,107,113,5,121,106,77,117,29,126,88,56,104,125,99,49,101,66,134,98,83,42,72,91,112,131,38,39,10,48,6,92,100,110,60,118,122,55,103,25,129,33,37,97,2,120,116,35,85,61,132,69,94,27,52,109,123,80,78,76,59,3,79,73,111,0,40,24,46,12
2,6
91,75,86,33,43,71,4,3,0,42,63,100,36,53,48,105,12,70,126,21,81,134,69,14,74,5,67,66,72,135,28,57,73,50,40,98,87,115,19,76,27,58,65,90,79,119,54,35,129,49,59,97,39,52,26,92,24,111,108,106,18,77,45,62,15,96,83,124,68,8,130,38,109,131,128,56,30,7,103,94,11,84,1,32,25,61,112,10,89,13,93,107,104,6,116,16,102,55,88,31,23,120,127,44,47,20,34,60,123,78,95,113,132,41,64,2,117,85,29,22,37,9,99,121,17,114,51,82,80,110,101,46,118,122,125,133
6,2
88,109,125,102,95,116,29,133,20,27,64,11,118,28,126,62,5,51,128,113,94,70,131,37,14,33,83,3,49,79,76,98,129,71,121,15,105,55,34,16,117,63,53,134,66,124,42,40,90,6,85,44,135,41,46,43,75,12,84,32,77,26,96,87,54,114,89,36,2,0,119,97,23,35,9,74,91,8,50,80,106,13,39,123,30,10,4,25,86,38,130,61,111,127,1,17,112,45,99,19,57,104,101,103,132,107,47,108,120,78,82,65,81,22,122,56,67,115,59,92,73,69,110,60,24,31,100,7,48,93,72,58,21,52,18,68
5,6
93,120,21,77,91,76,30,35,24,42,87,29,119,70,53,31,130,3,14,94,97,90,115,6,25,65,62,0,12,106,34,96,92,84,110,73,81,9,58,68,1,122,63,79,82,128,101,4,129,131,80,89,125,39,11,66,103,67,64,60,51,5,36,47,86,95,74,98,17,27,55,2,133,102,104,135,20,38,127,37,112,121,28,123,72,46,49,7,10,83,69,50,48,105,18,78,113,85,117,116,33,15,100,22,23,52,88,108,19,44,43,75,56,59,8,107,57,71,111,118,109,124,114,32,40,41,26,99,54,61,16,126,13,45,134,132
6,5
110,22,63,69,73,98,60,65,77,50,130,38,13,34,33,90,54,52,126,118,104,18,103,58,14,121,61,117,115,96,119,129,35,30,9,112,82,78,36,105,120,134,4,127,66,10,123,74,92,47,70,88,86,7,32,1,101,111,72,28,85,17,124,20,87,135,3,39,94,100,114,44,109,25,95,122,113,45,133,62,102,42,64,46,24,116,12,93,27,41,76,68,106,53,67,23,99,15,37,56,83,51,107,55,29,43,40,48,6,21,11,8,75,16,79,128,80,57,0,131,84,49,59,2,5,19,108,31,26,97,89,91,125,81,71,132
3,4
52,88,30,113,10,29,109,134,98,48,116,85,94,92,118,72,121,78,5,43,20,133,76,126,125,4,115,127,83,62,25,17,119,37,57,38,15,128,93,12,68,70,102,60,8,1,42,95,65,64,22,33,86,35,56,24,32,45,63,80,84,49,61,34,81,51,55,19,7,97,54,90,67,74,111,3,50,77,117,106,112,31,53,71,66,104,21,89,27,129,96,135,6,124,36,73,101,59,120,16,40,100,23,41,58,79,69,13,14,110,46,9,28,99,122,0,39,18,108,2,87,26,131,44,75,105,107,91,47,130,82,11,132,123,114,103
2,4
129,117,21,22,34,53,93,48,132,82,24,55,72,71,97,6,12,105,5,83,92,109,60,31,47,69,43,125,49,107,33,68,128,80,101,67,79,52,86,98,77,57,123,51,54,106,85,118,37,115,18,16,29,36,90,4,99,28,27,17,76,42,75,124,35,25,9,134,19,103,74,1,119,58,81,100,130,3,102,122,20,104,131,133,108,15,120,91,62,84,61,111,26,13,73,63,8,94,46,30,116,10,89,135,7,95,41,38,96,56,14,88,70,2,11,87,66,59,121,65,32,113,0,112,78,126,50,44,127,64,45,39,110,23,40,114
3,1
11,58,84,101,35,20,1,51,134,53,39,23,88,61,22,9,119,10,5,17,98,85,106,65,44,66,120,114,75,132,90,92,3,14,4,41,29,28,60,69,50,37,112,107,104,30,15,135,7,118,87,45,121,13,73,62,40,71,79,128,97,59,122,34,33,54,56,67,46,99,52,24,102,108,6,55,31,111,123,36,25,48,117,49,0,129,110,127,91,81,103,47,43,105,89,113,95,32,21,109,126,16,38,70,115,80,78,68,93,27,116,8,96,64,12,83,125,63,100,77,131,19,74,94,72,42,82,124,76,86,130,2,57,18,26,133
4,3
110,68,48,25,87,16,116,47,70,73,69,24,23,85,63,109,21,80,29,62,78,135,12,40,60,81,37,56,38,53,98,13,119,134,36,125,112,74,44,99,95,65,49,100,32,86,75,27,1,90,19,97,72,91,128,51,102,35,9,118,130,2,71,129,108,39,3,58,5,93,14,50,77,127,126,82,57,31,52,113,8,101,54,114,107,122,10,106,64,84,96,92,7,131,79,30,66,94,6,18,33,61,121,103,104,20,34,117,123,28,4,124,67,83,115,105,22,41,133,43,55,89,88,15,59,132,46,26,0,120,11,76,17,45,42,111
2,6
26,70,16,25,19,105,108,42,61,98,73,86,80,49,97,9,57,33,11,82,35,90,130,56,29,111,55,132,115,15,67,72,23,85,39,124,95,100,45,83,7,31,114,112,37,79,60,52,34,93,71,13,41,6,129,28,30,2,109,38,101,122,102,110,123,1,134,77,46,4,103,74,47,51,36,40,127,54,76,135,121,64,99,89,48,94,0,106,81,59,17,88,117,107,87,68,44,92,58,8,113,62,24,91,116,5,126,3,14,18,63,75,32,65,53,96,125,128,133,69,27,10,21,66,78,50,120,43,20,104,22,119,131,12,118,84
1,4
0,79,12,68,115,127,133,102,46,90,134,13,40,104,99,16,73,74,54,110,71,18,10,7,92,24,66,85,70,17,80,88,75,57,117,1,119,35,36,11,108,120,25,61,112,128,55,26,30,105,113,52,15,122,19,56,109,65,22,47,106,38,84,93,123,96,63,20,14,62,116,44,94,125,41,50,37,129,53,34,126,95,135,107,6,43,72,64,76,8,89,86,32,131,45,4,49,100,51,39,91,118,23,33,21,27,130,98,58,42,78,124,9,29,81,114,28,3,82,48,59,97,31,60,67,132,111,77,121,69,2,83,87,103,101,5
4,5
134,31,101,55,119,129,6,113,87,23,59,1,108,50,34,53,13,17,40,92,120,16,61,14,75,65,8,32,115,51,7,94,54,12,44,98,72,91,105,83,33,21,73,68,67,90,97,43,102,10,11,79,123,56,3,118,69,26,103,78,0,112,46,107,124,128,80,76,111,18,20,99,106,29,117,82,58,49,19,42,110,15,135,122,41,48,127,38,114,81,62,96,22,84,71,64,88,126,85,100,130,132,57,60,125,52,70,27,116,45,104,66,131,95,30,36,28,74,109,39,5,86,93,37,4,121,2,63,133,77,35,47,9,89,24,25
1,6
14,86,59,106,125,134,116,130,115,47,46,90,21,1,12,126,56,30,104,135,53,131,103,7,27,107,92,133,4,69,3,58,50,73,65,96,36,66,33,97,102,16,43,128,111,120,39,24,42,20,109,48,37,23,129,5,0,8,108,62,95,13,45,40,11,121,85,88,70,6,31,18,9,41,84,112,35,87,77,89,80,44,63,132,114,54,29,52,22,38,76,100,117,105,28,98,19,78,74,94,118,55,93,82,49,72,119,60,81,83,124,17,122,91,68,75,99,26,127,113,25,10,71,110,51,2,32,79,67,64,34,101,123,15,57,61
4,6
120,4,126,20,30,79,82,125,103,104,73,23,34,100,130,25,22,87,47,50,81,39,55,3,40,54,98,16,127,1,102,24,56,57,131,42,109,94,0,97,59,115,96,43,116,91,49,85,123,72,71,51,83,6,33,65,64,133,112,26,118,10,93,32,2,113,92,119,35,62,99,8,52,68,135,14,38,18,27,19,111,37,86,74,75,9,77,5,21,63,53,89,28,69,31,110,108,88,29,76,80,36,95,66,70,46,7,13,45,101,90,122,60,78,11,106,128,58,132,44,17,114,48,105,41,107,12,129,134,124,121,67,84,117,61,15
1,4
72,92,52,107,69,32,28,17,130,16,61,8,88,121,106,33,81,10,57,55,84,63,131,58,12,49,3,1,6,94,124,29,100,97,66,98,26,35,110,53,95,126,44,89,46,78,38,48,123,34,41,87,70,4,7,56,60,129,15,11,102,65,96,67,25,119,5,127,83,71,79,0,80,21,27,30,64,117,133,116,45,54,76,86,40,122,103,120,39,50,113,77,51,132,82,14,62,118,91,42,73,108,111,59,99,104,47,93,23,37,68,105,85,19,135,75,128,74,18,36,114,101,125,9,43,24,134,90,109,31,2,13,20,112,115,22
2,1
76,92,18,113,82,111,132,101,3,42,129,39,83,24,73,25,117,1,74,51,52,13,60,87,17,27,5,106,108,61,118,123,41,67,95,2,23,49,127,56,105,30,77,107,89,4,103,71,11,96,0,38,122,121,34,26,9,84,54,97,10,15,115,124,6,79,69,45,43,22,110,53,130,85,93,40,116,99,128,81,112,32,133,62,20,120,134,75,37,68,35,125,59,114,44,19,66,36,100,65,98,80,33,14,131,86,135,72,55,104,57,70,126,119,21,29,94,46,78,102,16,31,28,91,47,109,50,90,58,63,8,88,7,48,64,12
3,3
92,119,9,99,63,97,107,41,95,98,17,25,28,5,3,90,134,121,45,120,46,15,47,78,105,21,68,59,94,52,116,91,8,29,31,37,101,108,93,7,26,122,39,70,127,0,118,89,109,87,74,88,102,50,34,124,13,10,73,100,12,43,75,72,1,112,6,77,83,103,49,117,67,18,81,54,11,32,55,61,86,24,35,69,80,130,66,104,96,85,84,111,82,60,57,51,123,62,113,58,53,38,22,20,42,71,27,135,16,128,30,33,110,129,79,36,114,115,40,131,76,133,65,132,106,64,125,126,4,2,23,44,56,19,14,48
4,6
92,90,24,57,27,105,102,130,110,95,44,10,119,98,49,41,127,76,120,15,66,38,50,53,99,122,88,47,9,39,56,69,13,0,7,89,116,11,91,83,73,58,134,14,20,63,100,84,71,70,114,123,129,48,135,45,117,23,54,87,52,51,112,18,79,59,43,31,107,21,67,32,118,6,42,64,8,61,25,82,125,86,111,72,55,113,121,40,94,28,16,108,78,80,3,37,74,17,33,34,60,12,75,4,126,77,97,109,101,26,35,124,115,30,132,22,96,103,93,68,104,19,128,36,2,1,81,62,133,29,131,85,5,46,106,65
2,4
19,64,94,95,4,131,120,37,111,58,80,105,36,74,30,52,5,121,39,35,66,107,126,41,134,115,57,49,103,113,117,61,62,28,100,16,114,50,75,48,3,77,56,98,104,27,106,42,108,40,51,73,76,84,124,65,68,119,38,45,85,90,53,23,128,99,132,72,78,135,60,1,18,24,97,12,43,20,69,88,67,31,13,9,101,89,34,11,82,2,54,32,17,71,25,109,33,127,81,102,14,8,79,112,86,123,63,116,55,122,46,118,22,47,125,70,133,26,59,87,96,93,92,130,10,83,6,0,7,21,129,44,29,15,91,110
2,3
91,98,63,7,85,41,88,60,24,29,20,40,61,73,14,52,38,65,95,134,115,30,67,111,23,32,44,97,101,103,105,27,2,26,22,59,58,51,82,72,116,106,33,43,16,104,10,77,53,113,118,102,100,25,79,83,78,70,108,11,120,109,48,37,93,121,3,18,122,4,81,15,80,21,126,5,47,34,99,1,49,133,75,94,42,12,31,135,55,71,8,96,56,107,131,35,68,87,132,62,76,46,54,45,127,130,13,6,64,84,36,19,129,124,9,0,17,50,69,57,92,89,28,123,66,90,86,39,110,119,114,74,128,117,125,112
2,1
126,135,35,112,43,107,65,89,125,14,38,9,98,90,13,50,63,93,72,18,24,88,34,118,11,81,78,59,19,0,95,54,60,55,83,129,97,33,42,41,76,104,68,28,131,86,6,47,10,92,25,70,102,127,5,80,12,49,101,32,8,21,108,7,45,51,29,71,121,58,64,15,26,111,96,23,99,31,117,103,105,113,74,69,66,39,77,120,109,61,79,115,17,106,62,85,30,87,122,73,94,56,1,4,134,130,52,116,36,53,16,22,46,100,110,37,27,75,119,82,132,123,44,124,57,133,48,40,3,2,128,20,67,114,91,84
5,5
2,101,21,22,108,14,79,44,128,84,99,87,52,85,35,135,39,110,115,42,96,25,97,104,100,88,118,27,123,90,102,51,9,33,109,13,18,4,28,125,48,57,69,26,117,23,5,17,15,62,61,7,70,3,133,91,32,103,6,76,58,47,75,34,24,131,134,29,113,73,8,119,38,74,54,126,114,31,37,66,49,111,132,86,82,122,65,92,83,71,127,68,80,78,30,93,55,124,43,36,98,67,59,46,116,64,16,11,0,41,94,105,95,53,56,112,19,50,81,121,77,1,10,107,20,63,120,129,12,45,72,89,130,106,40,60
2,4
101,43,18,51,60,130,128,73,63,79,8,13,67,105,94,133,129,41,86,53,65,17,87,38,6,46,134,49,78,68,27,123,75,2,28,5,84,9,120,24,62,20,102,108,107,0,22,50,110,32,33,14,92,99,109,37,111,85,7,66,117,119,118,45,82,35,48,135,90,76,81,26,3,124,96,36,106,39,88,59,126,19,12,23,116,93,98,4,103,56,29,61,54,69,95,114,122,115,1,113,100,10,83,80,121,57,44,21,15,34,58,91,25,64,31,71,74,89,52,55,40,77,125,127,104,47,131,97,16,42,72,132,30,70,112,11
1,2
102,25,4,27,115,10,37,9,26,131,73,11,78,93,64,38,91,65,123,54,36,0,119,57,132,58,55,69,121,16,28,99,108,49,39,129,103,18,68,113,82,92,3,71,13,22,60,46,50,85,106,56,134,62,72,51,40,32,104,127,53,74,47,105,43,133,125,90,126,15,122,120,117,76,124,94,83,19,79,35,89,114,20,33,98,70,1,107,44,75,66,86,2,6,45,112,128,130,17,30,101,21,34,110,80,95,8,87,14,88,52,63,29,84,81,59,31,100,109,111,97,96,7,116,41,23,48,61,42,135,77,67,12,24,118,5
4,1
100,29,1,34,30,97,82,80,99,49,93,68,84,78,70,120,71,10,125,69,18,44,40,43,25,112,128,111,27,31,51,58,45,101,115,64,81,36,121,21,53,60,55,3,76,126,122,129,56,22,113,66,61,42,4,20,87,37,19,94,46,119,103,15,9,65,133,132,83,105,109,86,24,104,73,50,8,0,54,102,14,41,6,2,90,107,134,92,74,108,39,72,16,12,5,130,52,7,89,98,59,13,117,63,118,75,33,85,95,135,96,131,26,67,38,114,11,106,116,91,123,48,47,127,57,77,32,79,62,17,88,23,124,110,28,35
2,5
78,38,82,47,89,34,16,18,41,25,64,110,74,101,9,15,48,128,37,86,106,0,31,87,93,120,65,112,102,119,44,53,61,124,100,121,30,130,133,109,125,132,28,35,4,29,3,108,81,88,73,67,95,32,107,77,83,116,71,60,59,84,117,105,80,40,26,52,55,12,92,19,126,113,13,90,24,63,2,42,115,68,8,79,99,91,17,72,70,54,6,98,39,69,127,1,96,85,118,46,114,131,58,123,49,36,76,33,11,56,111,103,27,97,122,45,135,20,94,75,50,14,129,134,43,21,62,51,10,66,57,22,5,104,23,7
6,2
14,27,66,76,62,127,111,17,41,22,53,129,96,49,73,133,128,107,11,32,56,18,3,122,83,101,63,106,40,7,112,78,123,113,92,65,100,10,34,110,35,108,23,116,90,31,119,93,67,97,13,69,104,12,77,80,132,1,88,50,109,37,105,4,47,94,36,99,26,79,16,33,84,29,120,2,9,19,72,117,86,95,125,87,51,89,135,24,130,54,30,42,70,91,98,55,5,71,126,68,61,6,81,85,115,103,0,59,15,57,48,75,20,134,46,45,74,8,28,114,52,21,43,60,39,64,58,118,102,44,25,131,38,121,124,82
4,1
27,16,45,18,92,66,105,131,35,60,86,7,97,25,30,56,70,44,79,117,87,135,99,96,13,39,14,28,59,64,41,112,17,113,91,32,69,128,4,93,102,54,129,19,6,46,55,36,116,5,118,101,82,126,20,67,48,57,23,62,22,107,47,42,65,123,109,1,111,78,98,120,119,100,0,81,94,31,8,121,88,72,68,38,63,34,122,115,3,106,71,75,49,114,95,29,40,103,90,26,124,108,76,85,133,104,12,134,132,130,84,52,10,43,58,15,77,51,24,73,110,2,80,83,21,33,11,125,50,9,74,89,37,127,53,61
2,4
127,23,36,122,50,14,74,120,99,25,18,133,22,21,29,12,86,103,28,129,52,44,8,124,79,73,130,109,55,68,35,13,77,64,70,10,123,121,93,56,53,45,106,80,132,5,72,40,31,41,92,2,49,110,119,114,82,17,1,43,32,61,24,3,118,87,16,48,47,69,9,81,107,4,97,115,62,116,7,85,108,131,34,128,96,75,76,98,59,113,67,71,26,94,46,33,39,58,90,134,91,105,27,37,102,89,30,135,66,38,54,6,126,57,60,100,51,83,42,111,11,88,95,0,19,112,104,101,63,84,20,117,65,15,78,125
1,1
106,72,98,107,47,67,131,69,19,89,126,44,121,1,110,83,133,103,54,66,105,48,64,82,92,35,100,115,120,70,41,34,90,56,36,112,38,68,87,77,122,95,81,10,30,55,14,3,0,118,114,11,97,128,25,37,4,129,119,61,86,104,33,53,108,88,39,16,93,5,51,135,6,57,46,96,12,20,109,60,113,132,62,59,127,125,71,9,79,24,65,43,116,102,45,21,26,84,63,94,15,80,2,85,49,7,32,8,50,18,130,75,17,74,28,101,78,42,124,27,134,29,13,73,22,40,117,58,111,76,99,91,31,23,123,52
6,6
27,20,99,119,58,10,51,129,68,70,7,22,35,81,101,103,130,21,108,102,50,133,122,89,109,48,123,5,55,29,49,93,69,12,54,113,14,61,15,84,117,135,19,16,110,63,98,62,77,11,60,2,65,38,92,25,44,107,33,42,59,90,120,78,105,124,132,34,112,31,88,40,76,96,56,28,72,53,41,100,32,67,121,97,47,46,95,9,71,85,6,23,26,45,134,3,111,30,37,104,52,73,36,4,0,127,43,83,24,115,82,17,94,91,106,74,128,57,125,13,66,79,87,39,118,18,8,86,116,131,80,75,126,64,1,114
6,2
39,43,33,30,114,94,127,29,123,107,35,11,126,74,70,3,88,79,92,15,21,105,129,121,89,65,91,71,75,40,69,24,119,77,27,76,18,44,26,106,2,62,17,95,60,86,28,5,85,111,59,109,108,22,80,93,82,23,73,51,36,100,99,134,13,12,61,113,42,120,96,16,7,50,102,55,90,135,125,37,132,0,124,41,25,34,72,9,52,4,117,38,6,130,133,67,14,97,104,66,32,1,56,10,112,128,81,48,122,118,68,8,101,131,49,45,110,84,46,31,98,19,78,115,63,103,64,116,57,58,87,54,53,47,20,83
4,2
29,60,66,57,52,93,107,113,40,98,1,71,75,130,124,8,59,85,70,36,16,2,31,87,67,118,117,129,22,110,47,58,106,109,78,53,76,20,97,92,34,51,24,77,7,65,18,37,25,32,30,4,43,104,61,48,49,17,68,86,69,72,121,62,81,122,134,15,131,128,6,55,10,111,135,116,125,89,99,133,74,119,127,80,73,95,14,54,21,38,123,3,126,64,79,56,50,100,35,11,94,105,5,84,90,0,33,12,26,112,45,115,96,91,28,83,114,19,23,46,101,108,63,42,120,82,41,44,88,132,103,13,102,9,27,39
5,3
122,77,32,26,38,28,116,128,101,41,65,134,96,42,67,40,3,2,18,123,6,85,64,60,22,93,97,120,50,31,69,34,89,98,54,37,9,107,95,110,63,11,80,94,76,27,115,87,68,79,75,91,48,71,66,17,135,99,43,19,51,14,56,74,58,53,92,61,113,35,102,112,8,131,130,70,118,10,5,126,106,72,12,86,117,59,20,104,13,133,81,129,103,57,4,108,52,132,109,15,62,36,7,119,78,84,82,73,121,29,33,30,111,49,125,47,88,23,45,39,46,105,83,25,55,127,114,124,16,90,21,24,100,1,44,0
2,2
45,27,94,113,59,10,24,105,100,78,11,120,114,17,65,8,129,61,124,37,46,88,51,69,33,127,4,122,73,21,68,34,44,25,53,42,56,15,108,128,35,79,28,29,75,18,107,41,126,66,5,38,19,54,134,86,81,40,47,96,49,90,16,52,106,3,135,83,115,2,116,26,74,20,7,55,95,62,102,125,57,101,63,13,131,130,71,85,110,87,72,14,111,31,58,39,82,132,104,1,48,109,84,43,103,91,12,50,119,89,98,118,23,117,9,123,133,97,80,99,30,76,121,60,112,36,92,77,32,0,6,64,93,67,22,70
4,5
92,132,106,97,114,11,42,76,66,27,68,35,26,38,107,49,119,3,102,78,55,105,95,19,21,20,58,63,121,90,4,22,70,14,79,29,128,16,61,43,8,54,52,126,2,101,47,87,77,130,123,33,94,56,62,84,135,116,124,86,69,112,30,40,53,122,72,91,1,75,99,57,67,85,65,111,80,39,83,88,127,115,0,28,50,25,104,64,120,125,10,6,129,34,9,13,117,37,81,51,74,23,31,73,24,59,103,15,131,36,32,7,60,5,46,71,93,134,110,108,41,113,109,82,133,18,118,45,17,89,98,96,44,48,12,100
1,3
32,30,116,10,97,98,128,16,52,2,131,6,41,17,107,130,112,1,5,93,84,23,106,99,25,48,56,72,86,44,43,70,95,101,0,7,85,35,15,92,62,60,81,19,51,110,50,127,61,40,54,69,64,78,121,124,18,129,75,104,39,77,46,36,58,90,108,8,65,4,9,82,67,31,14,28,26,109,135,87,80,89,27,125,73,79,105,74,132,111,49,114,122,94,133,83,21,100,118,59,57,29,96,11,119,66,123,113,34,102,13,103,68,47,126,115,134,22,33,12,24,3,88,71,42,76,20,117,120,37,53,45,38,91,63,55
6,6
92,65,33,95,108,48,113,87,131,124,31,39,62,77,7,36,91,130,103,43,107,100,76,125,79,135,47,60,78,26,41,11,90,44,128,85,3,115,69,89,21,121,61,94,18,84,6,73,102,126,17,67,59,114,53,32,106,93,118,71,70,25,38,35,24,58,101,16,10,63,105,82,23,117,13,51,45,27,122,55,86,129,42,54,1,50,22,75,56,110,34,109,30,80,49,88,111,123,68,120,52,37,14,96,72,97,64,12,116,133,46,81,9,5,28,132,19,98,127,57,8,119,2,104,4,0,66,74,15,134,83,20,29,99,112,40
5,5
61,58,75,89,57,8,125,43,29,106,107,25,121,103,33,123,6,124,112,116,11,90,97,48,94,88,78,67,100,39,79,52,63,114,91,81,68,19,71,20,72,44,73,37,36,84,21,13,62,70,59,101,41,69,40,47,87,56,98,38,85,115,132,12,122,54,28,77,53,7,135,65,86,45,96,55,134,74,129,80,119,49,133,117,34,111,64,109,130,51,120,24,9,22,105,126,46,92,3,95,128,131,18,17,26,93,14,15,30,113,118,0,10,2,27,99,32,66,31,1,16,42,76,60,83,50,35,82,110,5,4,23,104,108,102,127
6,6
53,7,54,38,37,107,123,59,52,56,64,60,29,63,15,69,119,103,14,9,0,58,130,42,96,61,74,89,39,73,24,121,65,88,70,27,109,127,115,32,75,81,106,77,45,113,55,76,97,11,49,62,87,46,108,132,48,117,92,114,131,85,51,98,13,93,129,94,4,118,66,133,47,50,72,82,44,120,33,34,3,90,25,71,111,112,78,40,125,110,26,128,10,84,31,36,105,35,101,6,18,83,135,12,68,1,23,102,86,8,20,122,16,17,134,95,30,22,91,19,116,80,28,57,41,43,126,104,124,5,2,79,67,100,21,99
4,4
24,115,33,38,114,56,81,15,66,57,29,7,126,4,122,72,58,68,85,132,94,64,35,105,71,30,109,9,39,50,95,100,43,91,70,77,125,40,31,98,41,97,60,103,135,37,5,113,36,87,130,61,17,116,22,21,20,117,10,49,3,107,134,52,18,88,16,34,69,44,14,78,74,76,45,112,73,48,11,12,75,89,118,51,123,6,13,84,110,82,79,99,8,131,62,121,104,46,111,67,23,1,25,133,0,83,32,26,129,19,92,93,119,108,53,124,120,102,101,106,128,28,65,86,54,2,47,90,80,42,96,63,55,59,27,127
6,6
107,61,53,13,90,34,8,39,55,75,93,78,7,52,25,81,127,97,101,56,102,6,117,44,12,134,96,70,10,74,100,68,73,40,38,111,135,98,32,27,21,5,80,120,76,69,59,22,57,114,119,99,92,128,109,115,60,37,23,36,105,129,16,88,106,26,58,123,104,108,1,72,116,35,84,9,2,33,103,65,77,132,24,18,82,94,20,118,71,130,49,31,43,83,4,85,47,64,125,91,48,17,45,87,41,29,79,86,124,62,95,126,66,3,113,19,110,112,46,67,15,131,50,133,0,14,54,63,30,28,42,122,121,51,11,89
6,4
49,47,130,1,105,4,45,74,48,83,122,59,42,106,110,16,11,41,118,114,7,93,43,113,111,97,70,135,123,12,87,81,27,37,53,108,96,19,57,85,65,88,22,36,104,15,94,121,35,71,38,125,31,80,61,66,78,44,17,24,64,51,92,30,128,6,116,67,91,75,95,23,89,0,33,99,132,109,134,119,115,120,55,103,10,13,26,25,112,126,8,79,98,131,34,127,90,77,28,56,86,73,29,72,63,129,46,40,69,82,84,39,21,124,50,2,5,100,14,102,117,18,20,60,76,32,9,68,62,58,54,107,3,133,101,52
3,2
76,49,13,24,82,125,108,59,43,119,3,120,75,36,110,7,135,73,27,28,126,128,9,16,90,39,50,79,109,129,130,93,104,64,112,17,52,127,47,33,32,62,55,63,8,70,77,98,100,67,71,25,29,45,83,44,74,66,86,107,57,134,5,41,1,131,72,69,38,12,84,97,99,102,65,106,78,87,0,92,18,48,68,51,42,58,35,85,40,31,4,2,117,96,80,115,111,34,105,95,30,21,56,122,46,11,121,53,22,113,15,23,81,88,91,103,94,10,61,114,14,37,133,132,124,116,6,101,118,60,19,26,89,20,123,54
6,5
35,54,19,62,13,127,132,73,89,26,105,8,93,112,53,43,23,91,129,123,0,21,16,40,121,110,34,9,100,131,63,61,81,67,113,95,52,124,28,24,116,59,68,122,7,4,117,75,133,83,87,65,2,76,55,85,31,101,47,11,106,114,80,42,126,96,39,3,86,134,6,103,36,71,32,57,84,29,70,38,115,60,119,128,37,130,98,56,1,78,48,107,72,15,77,46,25,82,44,97,74,10,125,18,14,120,5,94,135,111,51,104,99,79,109,30,27,17,41,118,69,88,22,66,64,58,49,20,45,50,102,33,108,90,12,92
3,2
78,122,9,29,62,131,24,134,2,90,55,4,37,45,112,108,1,21,49,47,8,59,84,48,72,18,94,58,51,5,77,128,75,96,125,92,105,15,54,40,95,3,80,104,53,121,111,127,129,7,79,22,76,52,17,102,44,99,42,117,0,130,46,82,23,60,89,126,70,118,28,20,32,71,100,124,36,87,107,33,98,27,119,30,101,120,115,88,73,16,25,85,68,57,113,81,110,35,12,61,65,97,43,109,11,135,86,83,133,114,13,123,34,10,6,93,74,116,26,103,69,64,132,67,38,106,50,56,66,31,39,14,41,19,91,63
5,1
118,7,14,0,123,90,103,85,122,126,75,77,60,10,56,39,134,16,27,1,18,84,58,132,131,28,116,37,91,51,55,115,80,125,65,42,78,49,98,12,15,121,96,129,66,102,13,30,70,82,104,100,99,93,87,114,43,35,34,45,95,52,50,101,64,119,106,54,24,9,110,117,38,124,23,20,76,19,41,112,111,86,88,109,22,97,67,128,47,32,107,68,94,113,73,81,33,8,79,48,29,69,59,105,72,3,21,63,40,133,57,108,25,74,44,17,2,53,62,26,31,46,135,92,127,120,83,71,11,89,130,5,4,61,6,36
1,4
47,77,117,125,118,123,81,43,31,116,69,5,76,32,99,21,29,48,127,133,37,33,58,107,12,62,67,23,9,44,100,114,28,112,59,57,74,2,72,130,113,87,106,35,49,108,103,92,110,61,27,98,34,3,134,63,45,135,55,18,41,75,17,79,131,24,121,128,73,111,85,94,11,86,91,119,1,30,78,120,20,22,52,40,38,42,122,82,126,102,70,56,88,132,8,54,83,93,16,97,109,115,14,25,10,60,95,26,0,101,105,68,6,39,50,90,96,53,4,66,129,19,36,124,104,84,80,15,7,71,46,64,51,65,13,89
2,1
91,45,44,15,99,6,28,128,89,101,118,8,104,121,125,30,106,33,75,57,13,123,31,134,56,82,60,116,81,86,87,12,92,58,4,22,76,85,102,62,52,119,10,5,107,127,66,126,37,84,71,120,94,111,14,77,113,112,98,124,105,103,9,41,115,51,63,109,122,135,35,54,40,29,67,79,42,55,133,78,48,93,65,74,49,2,23,95,90,50,88,83,73,68,59,70,108,20,114,80,27,47,53,117,0,131,39,3,17,32,110,34,25,36,100,129,1,132,43,38,96,69,21,97,46,24,130,61,72,11,7,26,19,16,18,64
5,4
