42,80,126,119,2,124,53,65,87,55,115,62,64,96,103,57,76,100,111,37,32,45,59,38,40,82,28,1,43,41,27,122,113,12,98,8,69,95,66,93,63,77,70,34,101,84,9,104,116,39,52,130,19,128,107,117,47,5,17,0,123,121,105,127,33,61,129,50,81,114,36,31,125,120,56,75,79,99,112,60,78,54,58,86,74,72,68,24,18,110,108,89,131,46,134,48,4,22,21,85,90,26,49,94,67,10,51,102,44,83,73,71,30,97,92,15,29,23,7,20,6,3,91,132,25,16,88,14,106,135,109,35,118,133,11,13
5,2
51,127,1,56,11,129,44,75,92,135,104,25,66,38,27,24,60,57,54,43,101,114,49,47,91,134,122,13,82,5,9,94,78,96,103,34,48,109,45,18,41,4,69,30,102,128,115,20,8,87,64,99,131,63,14,83,132,2,77,108,71,50,126,40,80,58,12,121,112,100,116,16,35,6,113,26,88,3,111,33,55,124,70,19,95,81,72,93,120,37,73,10,125,17,28,65,32,79,21,86,67,123,98,52,133,22,85,74,84,7,89,53,76,46,39,105,62,97,119,118,23,110,68,0,117,42,29,59,130,36,15,31,90,107,106,61
5,1
30,50,40,88,24,12,122,83,74,102,17,47,15,56,36,4,93,127,21,16,3,43,58,126,101,132,78,26,0,5,104,61,134,14,8,71,1,11,76,112,85,2,46,75,63,95,64,65,31,53,133,105,79,90,119,123,45,128,106,107,81,109,67,55,89,125,110,13,38,33,57,92,117,124,23,25,98,54,86,9,135,37,129,100,91,84,115,48,116,59,60,130,32,18,108,73,99,7,42,20,111,77,114,70,87,62,97,80,66,19,131,52,82,113,118,96,69,6,103,51,27,41,34,39,29,28,121,22,49,68,35,10,72,120,44,94
1,2
95,134,132,2,64,66,45,118,103,55,1,123,127,51,108,67,16,21,3,102,109,85,43,101,88,133,28,76,34,135,8,92,70,26,129,6,24,10,14,49,73,38,47,57,37,126,15,50,48,29,121,19,36,65,72,68,60,18,5,4,79,71,17,13,94,30,114,107,96,35,61,77,120,87,62,112,78,125,116,128,11,40,93,20,113,119,91,84,9,80,111,81,75,52,86,33,44,117,82,104,110,42,131,54,27,53,32,0,31,115,7,25,56,99,106,63,100,74,130,83,105,23,90,22,46,89,39,12,122,59,58,69,41,98,97,124
5,6
118,59,17,99,107,35,46,60,84,120,133,129,113,25,100,90,8,66,39,24,74,101,75,87,10,68,50,114,18,15,88,127,45,11,53,135,34,48,110,57,85,86,116,61,70,28,20,9,79,3,37,44,52,32,106,82,119,95,126,109,112,131,38,76,51,121,71,83,2,81,30,104,98,125,22,13,96,31,130,27,89,40,128,92,122,16,78,12,132,134,7,103,93,4,23,41,33,117,5,58,102,124,64,19,97,1,111,108,91,55,67,43,47,69,14,26,21,0,65,62,56,94,123,72,73,49,115,29,63,42,80,6,105,54,36,77
3,2
22,119,7,20,38,112,8,64,120,87,3,100,135,9,19,30,25,99,111,60,70,105,77,18,56,90,15,85,127,0,121,14,62,6,10,53,5,98,123,104,16,79,40,83,108,31,116,63,44,4,106,124,84,122,55,1,92,132,114,131,57,133,118,36,28,134,88,71,103,43,101,75,66,37,128,54,34,97,74,65,12,47,39,17,81,95,61,26,50,67,48,68,21,107,32,33,113,27,41,76,69,96,58,89,78,73,46,24,109,117,23,11,80,93,51,110,82,102,129,94,49,52,91,45,2,29,42,130,35,72,125,126,13,59,86,115
2,4
110,102,20,34,71,8,134,42,13,37,59,63,114,135,125,122,74,126,89,15,41,64,36,106,28,86,2,118,39,25,52,18,121,87,44,88,72,48,31,111,3,117,14,10,24,112,103,27,38,131,9,61,82,11,77,7,33,75,26,16,6,68,127,78,70,23,46,54,0,133,96,107,93,85,109,120,94,43,91,67,129,45,128,56,115,65,132,60,50,17,123,104,51,69,29,84,79,62,100,80,1,30,21,49,97,47,12,101,92,4,19,108,32,113,66,76,73,119,99,5,81,40,116,58,55,98,83,90,130,53,57,95,35,22,124,105
3,2
107,125,116,88,46,78,94,26,111,126,120,99,75,109,85,20,97,87,63,62,56,37,51,96,41,133,71,112,22,124,38,23,32,58,69,19,60,123,49,8,104,102,4,128,11,79,9,130,121,65,31,134,42,76,132,70,115,113,57,43,53,55,21,40,108,52,0,29,13,74,72,18,2,24,105,64,33,98,82,36,131,34,27,6,110,119,61,12,16,44,68,114,92,135,106,73,39,50,25,91,17,66,77,35,15,129,127,81,28,54,101,30,95,5,59,1,48,83,118,14,103,47,10,93,3,90,84,86,89,7,117,45,80,100,67,122
2,1
89,13,38,15,80,111,108,113,69,63,68,28,70,115,30,21,23,57,32,0,78,18,60,107,26,84,59,5,123,119,81,118,92,56,27,58,76,41,12,74,120,97,33,125,53,46,4,22,127,133,44,39,73,128,34,40,109,102,103,54,121,132,24,52,126,134,61,11,9,8,131,105,99,93,82,72,100,36,17,129,98,37,62,88,79,75,6,106,83,64,45,51,48,130,31,87,90,67,49,135,14,3,122,77,117,101,47,25,20,114,7,124,35,66,50,16,95,2,112,1,96,104,110,55,91,10,94,65,42,29,116,19,43,85,71,86
2,6
111,42,14,12,68,17,6,126,114,26,83,45,50,80,62,110,105,5,34,60,77,41,43,22,25,125,9,21,48,38,66,71,57,108,27,98,132,64,19,46,112,100,33,15,92,10,99,29,129,32,7,93,104,113,16,0,31,13,97,69,116,24,133,51,79,52,36,30,55,78,54,117,35,37,124,61,4,123,128,18,53,49,3,85,88,101,87,134,74,73,81,76,90,96,120,86,20,44,131,82,106,63,122,127,94,2,70,65,109,103,121,8,130,75,23,47,72,39,67,89,59,91,119,118,115,135,102,40,28,1,58,84,56,107,95,11
6,3
71,116,60,23,79,62,134,115,26,20,15,127,27,80,74,50,54,1,58,117,128,3,84,47,33,56,123,77,131,69,13,120,9,81,10,70,106,101,2,99,64,94,30,49,72,42,48,59,118,76,124,17,104,130,35,34,73,97,18,52,92,31,114,108,122,66,68,41,111,98,53,113,4,109,91,100,105,85,45,125,63,40,19,87,133,57,129,29,89,86,43,90,135,44,119,37,110,78,67,55,121,11,14,65,32,61,36,95,46,6,126,24,112,51,0,38,39,22,83,103,75,12,88,132,21,28,96,93,16,107,25,7,102,82,8,5
5,3
64,94,92,35,12,3,55,82,11,2,93,17,51,95,30,84,45,129,91,36,96,89,31,38,58,98,0,97,18,109,120,50,15,43,29,14,90,53,61,47,116,86,26,21,34,85,41,74,117,122,83,126,63,77,106,54,114,4,128,103,59,130,13,32,78,87,6,27,20,121,134,69,1,37,65,67,24,79,33,108,131,125,66,76,56,28,102,99,127,5,10,19,133,111,39,107,132,7,48,113,119,25,60,75,101,68,115,112,123,8,57,124,105,118,110,44,23,104,80,100,49,40,73,62,22,72,81,42,16,71,70,46,135,88,52,9
5,1
32,125,115,111,51,91,57,4,76,107,49,52,67,44,135,16,122,112,29,68,81,96,10,88,98,75,12,117,128,134,3,70,63,120,17,90,22,36,1,65,14,47,106,99,46,38,78,80,132,92,95,45,20,41,84,33,73,61,116,58,74,27,113,97,121,71,18,85,31,79,19,100,9,60,108,105,48,40,83,11,50,93,13,53,64,86,102,2,131,82,124,101,123,126,54,37,39,110,133,94,35,24,55,77,66,119,130,30,114,87,0,42,28,6,69,56,129,43,21,62,5,23,72,8,15,104,34,118,59,103,26,7,109,127,25,89
4,4
40,76,114,59,73,53,9,63,106,131,94,56,90,122,54,30,6,34,5,8,2,79,31,103,124,83,49,126,120,75,23,29,4,52,51,66,24,38,110,112,0,20,35,67,102,33,115,127,28,27,16,113,74,117,133,64,86,107,101,3,68,61,88,21,130,48,135,111,7,123,13,85,80,55,82,97,104,1,95,37,70,132,69,32,47,65,57,91,60,45,116,50,22,84,118,10,93,98,121,17,92,100,134,77,36,87,109,11,89,15,62,125,71,14,39,78,108,105,46,129,99,26,18,25,12,41,43,119,42,19,58,44,72,96,81,128
3,1
85,134,19,113,104,9,45,80,35,15,88,0,38,81,32,114,12,28,87,117,41,42,92,46,102,23,59,83,47,135,56,22,5,58,2,50,78,101,115,57,53,120,64,60,76,67,11,119,96,20,91,82,105,65,131,26,8,126,79,52,125,112,75,49,34,111,30,95,33,86,103,69,63,132,100,116,21,97,1,130,124,55,40,68,128,70,14,27,29,48,109,17,7,74,61,6,3,39,44,24,118,31,72,123,10,43,122,127,62,51,93,110,13,133,54,106,66,36,18,37,84,99,25,98,94,90,108,129,73,71,121,4,77,107,16,89
3,5
121,1,93,72,77,120,128,75,74,127,23,98,129,17,38,71,27,55,50,67,112,39,96,12,122,6,82,28,113,57,116,18,95,69,13,53,52,34,92,9,56,25,47,123,104,33,88,20,11,59,81,94,79,78,102,7,63,105,26,101,130,58,42,41,54,64,48,131,3,44,124,37,91,90,111,100,109,108,119,87,76,19,126,85,2,21,4,16,60,8,15,32,35,10,118,134,5,45,30,24,110,133,132,106,61,14,84,51,117,0,125,97,70,62,40,49,65,22,99,83,86,68,115,43,29,46,66,31,73,80,107,103,36,135,89,114
6,2
95,34,83,51,60,66,69,13,63,3,53,55,58,22,97,30,57,42,91,102,26,92,127,70,43,41,117,90,50,54,120,87,98,93,24,33,76,94,109,49,52,125,20,126,32,112,104,134,35,29,106,81,64,135,89,38,113,48,44,67,16,56,15,130,7,68,4,78,114,110,6,79,123,61,62,122,9,74,133,47,36,59,18,88,21,71,77,111,23,118,128,19,129,39,37,10,115,14,40,25,17,27,100,75,86,99,80,84,116,107,103,124,108,46,2,85,101,119,31,12,28,5,72,82,45,132,105,11,8,121,65,1,131,73,96,0
4,4
34,88,107,130,75,126,80,121,119,49,70,7,89,14,128,104,111,16,5,127,86,117,22,124,120,56,45,113,68,109,115,97,38,0,51,63,32,11,9,114,58,65,69,87,131,78,82,1,105,43,37,103,25,47,4,79,134,12,100,84,67,59,20,44,18,48,50,90,61,27,92,46,125,6,10,95,110,81,54,28,85,122,60,132,96,94,26,116,72,71,55,31,93,64,74,29,102,42,83,8,118,57,91,66,108,39,15,77,19,52,23,99,73,21,30,53,24,35,112,2,17,41,123,135,129,62,76,36,33,106,98,3,133,13,40,101
3,2
117,102,11,121,13,124,119,131,56,110,2,46,52,62,84,20,21,68,6,49,57,58,85,64,90,24,75,36,4,53,95,12,42,48,14,22,111,43,9,33,123,28,55,80,134,8,132,34,120,100,44,128,91,114,18,23,133,81,16,125,38,66,15,41,118,71,87,69,93,112,98,67,130,83,35,51,32,82,106,135,74,59,107,113,103,127,86,126,10,108,54,31,109,94,97,116,96,40,70,17,3,129,25,37,122,115,0,89,29,39,92,19,60,78,1,79,77,88,30,45,50,73,101,26,76,61,65,7,47,105,5,99,104,27,63,72
4,1
40,23,113,124,11,31,125,44,110,99,35,83,119,33,121,24,61,118,48,47,32,15,52,101,134,104,17,126,84,53,69,19,71,100,6,132,82,86,20,22,57,21,29,37,128,26,80,36,25,90,38,59,12,3,42,7,65,130,105,58,122,62,10,0,78,54,41,68,70,94,9,79,116,27,135,8,13,92,102,95,14,123,74,107,87,51,106,129,64,133,55,50,88,103,112,34,108,1,81,98,28,120,30,39,77,5,109,4,66,91,76,97,127,114,117,2,60,75,16,18,56,45,43,115,67,111,85,131,72,46,93,96,73,49,63,89
3,1
133,97,61,111,93,31,6,87,100,4,83,64,20,130,32,12,103,85,129,95,107,48,120,7,124,55,88,69,114,1,47,30,96,40,19,49,75,104,115,109,11,84,66,89,54,10,116,102,59,22,39,73,15,14,34,16,45,118,132,72,68,3,105,106,9,125,127,112,82,76,57,8,63,18,123,80,35,56,117,2,27,60,91,65,135,86,46,99,79,41,74,25,43,134,119,92,58,71,128,50,98,101,42,17,67,113,52,81,62,21,110,51,121,90,70,36,38,131,78,37,126,26,33,94,108,122,44,13,29,0,23,53,24,5,77,28
6,6
83,86,67,78,54,127,113,74,23,77,40,1,131,35,60,91,123,93,10,89,3,119,111,37,31,101,88,22,99,128,34,90,95,84,18,79,44,24,68,15,30,70,121,126,17,59,112,135,27,110,115,63,105,114,82,39,4,14,104,65,116,130,73,38,106,13,53,64,81,20,120,134,46,36,57,132,129,0,47,61,72,25,80,32,58,92,2,41,124,56,102,66,87,133,96,8,45,103,33,49,11,71,21,62,118,43,98,29,19,12,100,51,55,6,9,48,125,7,26,94,28,16,107,76,109,108,69,75,42,122,85,5,117,50,52,97
1,4
129,28,43,116,73,51,134,10,64,76,98,94,1,21,70,40,133,7,18,59,15,85,19,14,103,113,132,90,52,0,88,67,61,23,130,75,79,81,5,41,44,37,20,26,92,117,125,17,47,87,80,62,124,39,60,13,121,16,127,112,11,107,120,8,99,93,32,25,30,29,71,12,36,135,48,106,109,110,46,128,102,65,111,91,69,22,57,114,56,96,24,58,53,78,42,131,104,101,38,77,66,55,89,82,6,50,115,27,84,122,108,31,45,9,119,95,86,83,4,105,118,34,74,33,63,123,126,49,100,97,54,72,68,3,2,35
6,5
84,89,79,73,131,47,132,83,27,21,54,53,100,24,70,115,33,113,134,15,98,50,30,56,119,36,116,65,37,121,78,38,82,58,91,0,90,130,51,80,9,45,2,10,112,109,6,5,25,35,95,120,14,26,94,86,81,43,110,92,117,85,77,7,104,44,11,64,34,108,19,123,76,68,28,60,102,127,129,61,32,22,42,20,101,4,107,29,128,72,41,67,55,105,63,125,18,99,59,97,3,122,118,111,1,49,114,16,13,106,31,88,46,135,17,133,93,62,12,74,126,8,23,96,103,71,52,48,40,57,69,66,87,39,124,75
3,6
66,27,76,25,119,41,29,40,121,114,87,44,34,86,124,12,45,93,20,32,84,134,15,83,135,69,79,71,49,98,16,42,110,8,43,11,85,101,113,60,129,9,118,13,39,31,6,131,109,4,21,92,24,80,81,58,7,111,33,2,117,73,100,56,102,37,103,64,116,46,88,97,28,63,26,54,130,99,65,17,10,19,61,47,106,70,75,48,77,78,125,89,23,112,126,30,3,14,94,108,123,1,53,127,128,133,91,90,115,18,120,5,62,36,59,22,122,105,38,107,67,132,51,74,50,57,52,55,95,72,82,0,104,96,35,68
4,6
49,113,54,44,71,107,51,135,122,39,34,33,58,72,8,53,37,73,19,62,40,106,41,128,3,64,109,131,95,6,133,134,115,98,89,68,30,116,94,17,75,32,22,110,26,27,12,101,132,90,118,61,65,82,117,80,4,124,125,23,7,129,57,123,99,87,74,102,126,86,28,81,35,79,16,29,121,63,104,56,18,76,38,92,111,9,96,11,2,127,1,105,97,66,59,91,85,67,42,120,60,20,13,114,45,78,5,15,100,21,52,84,48,130,50,69,24,14,0,103,88,31,47,112,93,108,46,10,119,43,25,55,77,36,70,83
1,6
119,82,6,81,122,35,84,64,79,0,18,107,129,112,135,30,132,42,133,49,7,72,99,114,54,40,70,88,21,94,58,117,46,1,71,76,124,37,19,27,91,80,65,100,98,118,14,89,13,2,130,31,57,9,78,106,68,97,102,63,32,116,38,33,23,121,8,73,20,16,22,5,109,93,128,96,26,95,43,74,66,10,29,41,12,104,134,11,67,86,48,28,90,115,3,110,75,60,83,61,103,44,105,77,24,53,87,55,56,92,69,113,101,111,59,25,52,15,34,120,125,17,51,36,85,50,123,4,127,39,47,45,108,131,126,62
2,6
14,104,113,132,88,129,7,12,34,121,97,81,0,89,102,123,109,62,42,115,118,25,20,45,119,75,84,56,122,51,133,59,110,71,28,43,94,11,5,29,79,16,105,107,130,131,1,48,55,60,99,135,61,2,116,47,31,128,127,77,90,23,106,22,73,18,24,66,92,38,44,108,111,26,101,112,37,93,124,17,134,98,54,52,53,85,72,58,64,70,33,117,41,50,4,103,100,10,67,125,91,95,82,32,35,114,40,6,27,36,19,9,46,15,74,57,96,65,120,76,69,49,21,68,80,86,8,30,126,78,87,13,63,3,39,83
2,1
46,40,3,33,66,11,109,94,80,20,67,65,83,18,114,58,19,31,71,135,96,127,36,132,51,41,87,62,0,28,39,121,134,79,123,97,56,4,104,102,100,34,98,103,106,88,14,50,12,8,21,30,128,60,110,1,59,37,69,116,25,5,126,15,113,38,75,23,111,129,115,91,35,107,77,29,84,131,48,6,78,43,44,22,64,32,45,125,54,52,2,10,130,55,57,68,89,105,13,49,95,72,92,118,26,27,47,122,112,73,61,93,63,85,99,101,120,81,74,133,42,53,117,124,90,86,17,119,24,9,7,82,70,108,16,76
5,2
119,113,132,53,95,120,54,73,61,23,27,75,51,92,108,66,55,21,134,128,43,86,116,46,0,110,122,65,11,34,40,15,28,67,76,94,4,127,13,31,91,115,123,70,98,10,50,49,100,125,135,89,117,63,24,48,2,16,97,9,82,126,99,104,8,102,12,118,109,112,62,14,59,81,85,88,26,114,3,69,37,107,80,77,45,29,101,47,131,56,7,33,90,106,19,32,111,44,35,71,25,74,41,17,78,36,103,93,87,130,6,84,129,30,60,58,83,1,20,52,121,57,64,5,96,22,68,42,72,79,18,105,39,124,38,133
2,1
89,112,31,32,121,0,28,18,100,119,40,44,13,106,45,80,125,131,74,123,2,27,22,24,50,110,83,55,14,62,124,69,5,23,10,97,59,56,58,17,105,126,118,52,128,127,4,48,116,72,42,99,54,49,94,95,65,76,12,115,11,96,73,67,16,88,81,19,117,113,7,8,111,75,25,57,20,107,101,6,103,90,38,70,29,60,98,108,30,33,15,34,109,133,39,61,134,47,64,92,93,77,78,135,86,114,21,87,51,84,3,36,68,46,71,85,41,9,122,129,35,66,63,120,104,130,26,37,1,43,132,53,102,91,79,82
2,1
124,123,54,14,35,47,5,22,128,80,62,53,132,113,129,89,90,16,17,51,134,101,115,49,74,44,92,81,36,41,40,39,4,48,114,98,2,71,20,58,42,37,82,45,105,32,55,21,130,96,133,106,61,23,84,30,10,97,109,56,59,79,104,15,99,83,28,65,57,85,19,77,11,24,100,75,63,6,120,66,3,70,50,119,0,7,8,72,108,31,87,121,95,127,67,68,91,64,94,131,112,38,69,78,117,118,46,102,18,93,116,12,126,27,110,122,13,76,107,43,29,9,26,25,33,88,103,34,111,135,52,86,73,125,60,1
2,1
57,4,11,104,106,75,91,87,18,62,105,100,22,96,30,127,111,90,12,124,47,119,37,27,123,60,73,41,9,29,88,78,77,2,42,35,45,17,66,39,13,69,10,5,64,81,21,131,50,53,82,8,31,130,25,133,0,33,54,49,113,116,92,120,51,61,118,103,7,109,16,84,23,80,67,79,38,122,83,74,1,28,63,114,117,58,26,40,48,52,121,46,132,3,108,99,19,65,97,56,34,86,15,93,129,89,110,71,94,6,24,59,70,128,14,126,32,95,68,102,76,101,85,134,43,20,115,72,98,135,107,112,44,125,36,55
3,1
125,46,11,40,98,110,63,43,22,89,77,65,116,16,45,19,88,60,74,13,17,15,30,12,131,126,67,130,7,9,34,109,121,50,107,81,135,91,59,28,5,37,100,85,69,41,94,97,99,122,57,134,21,120,0,133,36,39,51,84,66,112,61,55,87,101,26,115,80,96,71,53,35,79,38,18,47,114,23,29,44,118,33,70,4,113,75,54,93,104,76,24,103,32,117,102,92,6,95,14,52,73,2,127,10,64,48,20,3,119,8,90,49,123,82,42,72,31,86,83,25,78,27,1,108,58,124,111,62,56,106,129,68,132,105,128
6,3
2,133,82,117,0,15,85,96,134,115,34,48,93,47,51,94,6,45,58,61,41,132,68,62,88,50,37,102,64,89,54,4,12,43,114,103,31,17,86,35,19,13,5,126,73,18,42,65,99,23,49,113,33,72,77,1,74,44,52,105,129,100,79,67,95,110,80,7,107,66,3,28,127,83,121,63,25,87,111,101,120,10,14,29,20,92,98,21,9,55,75,71,36,106,46,30,81,76,39,90,22,56,57,60,27,40,38,59,125,119,70,118,8,124,11,104,123,131,16,109,130,97,112,108,78,32,26,122,69,128,24,116,135,84,91,53
1,1
82,103,89,5,78,0,47,53,29,36,38,81,120,86,22,61,70,92,107,52,8,114,2,110,72,20,49,119,6,85,19,57,25,104,66,15,80,106,16,39,48,45,97,24,64,132,96,84,65,117,34,35,94,74,11,128,91,135,17,55,133,73,101,13,76,42,40,1,44,95,125,3,130,126,33,50,115,7,118,54,127,31,111,113,71,124,10,116,37,58,112,131,14,62,9,98,88,123,63,56,122,83,121,105,67,99,43,18,32,79,102,23,21,68,100,75,28,51,26,109,59,93,69,129,90,108,77,134,27,4,12,41,46,60,87,30
4,6
83,109,49,107,103,91,73,0,12,119,10,23,71,53,75,82,46,35,5,30,117,111,19,68,56,122,104,52,6,123,1,134,93,67,76,72,88,55,124,85,131,135,89,26,58,115,48,87,99,31,27,101,118,63,112,50,108,11,120,40,32,9,34,51,133,90,45,14,33,57,16,74,94,28,95,20,106,15,96,70,7,65,114,60,62,17,61,36,66,98,113,121,126,4,59,18,3,64,37,47,100,38,92,29,44,8,129,127,81,41,128,132,24,43,21,69,25,2,102,116,105,86,22,39,78,97,54,42,125,84,130,77,79,13,110,80
6,2
116,50,85,78,69,98,70,47,30,89,29,95,23,132,48,118,135,131,39,117,104,66,129,58,15,80,84,97,100,86,43,76,94,18,19,75,36,61,134,67,115,91,128,60,56,16,55,54,123,107,22,114,63,127,0,28,2,124,64,113,111,130,8,49,31,20,81,34,68,42,71,62,45,126,121,106,73,99,21,4,46,53,32,87,13,92,82,79,5,6,12,40,10,25,38,102,109,83,3,125,52,24,44,65,88,37,33,57,110,59,101,105,9,17,26,11,108,96,112,90,35,51,14,120,1,122,133,41,119,93,77,74,72,103,7,27
5,5
108,83,10,23,101,14,5,95,129,134,13,88,55,22,11,52,51,42,62,27,126,90,94,84,82,54,16,17,86,15,97,20,125,106,69,117,33,135,59,79,31,12,47,120,85,116,131,102,40,73,114,111,122,67,34,48,6,44,87,35,7,58,57,45,4,72,98,104,107,9,133,93,39,112,118,53,76,71,80,41,105,18,99,2,60,46,38,123,70,43,61,32,78,36,74,115,28,81,110,96,49,132,63,8,89,50,109,26,103,65,24,127,25,1,68,130,128,77,19,21,37,0,100,119,92,64,3,91,29,66,121,75,113,30,56,124
1,4
49,22,60,103,18,132,11,62,91,65,33,120,59,83,47,67,54,98,87,129,66,43,80,70,105,93,102,92,101,50,30,4,12,74,3,125,31,8,61,5,130,48,40,28,19,53,25,79,116,114,24,38,0,78,55,73,72,131,84,26,64,81,115,127,113,32,15,58,35,17,126,119,99,134,69,82,94,118,14,63,13,88,37,90,111,95,2,117,97,44,9,29,112,51,6,124,85,86,108,52,135,104,77,57,123,75,109,110,27,45,128,106,100,107,7,23,122,89,16,71,21,36,1,56,39,42,20,133,96,121,68,10,76,34,46,41
3,3
13,21,30,101,12,94,62,93,129,2,61,33,108,87,85,54,116,6,31,104,131,23,9,79,50,120,63,38,26,25,127,53,97,11,67,47,71,115,86,24,15,135,98,119,90,51,91,118,10,73,66,82,27,55,102,78,75,103,48,84,17,20,3,65,113,83,110,0,40,77,105,14,19,72,29,58,44,124,70,128,99,132,109,125,130,64,1,88,114,5,16,45,100,92,28,7,57,52,68,49,112,80,22,56,95,122,37,4,76,96,41,36,8,74,18,32,133,43,117,34,121,106,39,123,107,42,35,46,89,69,59,111,60,126,81,134
4,2
59,19,108,123,55,124,21,103,53,50,121,82,27,73,45,125,93,63,78,1,79,24,115,131,70,130,104,11,37,92,29,113,49,135,47,32,23,3,48,114,76,84,112,128,28,87,14,61,111,0,36,5,38,127,33,122,101,17,77,39,16,20,40,134,119,71,18,107,89,12,62,118,4,133,85,91,10,57,69,51,31,44,110,22,120,94,100,75,13,117,64,95,90,42,109,99,97,60,15,65,72,43,106,9,98,116,66,7,126,86,88,35,132,67,74,46,68,56,102,52,96,30,2,54,129,25,8,58,81,6,80,105,26,83,41,34
6,4
52,118,62,110,72,85,74,58,65,50,108,53,37,130,132,22,11,3,2,55,66,84,116,78,12,126,21,10,87,124,60,41,101,82,91,129,25,125,1,128,56,123,100,32,98,114,112,61,15,35,86,57,94,48,17,40,80,117,89,38,64,23,43,59,81,33,47,27,34,8,92,90,29,79,45,6,24,42,0,68,44,75,134,120,19,16,95,93,109,127,51,105,99,67,119,5,46,103,115,106,31,13,71,131,88,76,18,97,133,4,73,122,121,104,113,54,30,135,63,26,36,28,77,107,14,83,69,39,111,7,20,70,102,9,96,49
5,3
113,43,3,105,122,2,5,17,124,126,48,82,51,108,93,135,66,100,127,59,106,37,19,96,50,120,16,128,56,1,32,132,26,110,121,101,38,116,85,22,14,129,130,53,20,44,62,6,76,79,39,78,27,55,117,134,30,97,114,41,98,80,88,24,0,111,61,81,118,10,54,9,73,74,35,60,107,58,91,52,92,104,109,70,67,77,7,18,23,123,102,31,63,21,112,15,119,89,95,68,49,65,99,69,133,90,4,12,64,86,83,131,40,29,71,47,46,87,94,25,13,72,84,34,57,115,75,36,11,28,8,33,125,45,42,103
2,5
43,97,94,113,67,78,107,100,37,79,9,132,69,108,68,110,103,117,13,135,121,88,56,66,38,111,93,30,89,124,24,33,6,133,54,129,76,27,85,63,10,1,53,112,109,71,26,64,47,62,58,18,20,87,92,104,21,51,11,131,106,74,84,19,17,60,118,102,41,36,7,86,72,96,3,80,34,28,16,45,49,61,55,114,42,0,101,123,25,40,91,39,115,31,8,48,15,70,127,44,73,120,82,119,50,12,126,5,14,83,105,95,77,23,57,2,35,122,29,75,128,22,130,46,98,99,81,116,59,134,32,125,4,65,52,90
3,2
63,59,82,3,18,55,89,126,12,73,78,4,111,71,69,31,23,39,99,6,11,88,9,75,66,68,41,52,123,103,76,54,105,110,20,124,22,125,1,70,79,47,95,87,98,45,119,115,65,101,127,113,117,27,109,2,7,15,104,5,84,91,74,46,32,100,107,108,19,112,10,128,93,86,44,26,132,56,67,13,28,24,16,43,25,97,134,85,29,94,33,80,114,30,49,64,92,17,116,36,35,38,77,130,0,8,83,42,81,51,90,58,120,62,122,135,14,61,53,57,129,72,96,60,106,131,121,102,37,21,50,48,118,34,40,133
1,3
64,69,67,53,28,112,14,79,27,36,4,116,40,108,9,121,58,119,30,7,125,101,90,95,18,59,37,16,29,134,11,68,78,48,77,75,85,102,114,52,124,135,1,99,126,35,83,106,47,123,113,92,74,57,98,66,5,2,24,60,46,122,12,54,105,6,63,132,111,81,133,44,21,117,62,45,86,65,89,22,70,84,43,96,8,39,15,94,10,50,32,88,97,33,110,129,130,38,103,17,82,55,93,118,49,42,25,127,72,76,51,91,31,100,20,56,19,87,0,61,120,13,71,109,34,104,73,80,41,26,3,128,23,115,131,107
4,1
29,116,130,43,124,107,64,127,18,44,94,0,121,48,117,14,113,115,23,103,8,58,66,114,42,50,104,73,70,1,133,83,77,32,106,62,67,82,89,26,84,38,46,125,60,22,91,39,86,35,16,17,109,112,25,95,53,88,87,21,118,101,119,10,126,78,108,45,57,12,71,135,2,40,68,27,120,13,47,131,37,30,92,74,6,7,76,98,15,61,4,63,110,72,79,9,111,81,55,31,85,59,11,34,129,5,122,132,49,97,123,3,128,56,28,100,36,54,90,33,69,93,134,51,75,65,96,80,52,41,19,24,105,102,20,99
3,1
119,132,133,123,31,104,124,12,5,2,128,87,82,1,103,75,84,53,100,18,115,109,89,48,92,47,29,17,15,99,23,106,41,49,59,95,46,7,130,117,60,28,57,113,68,3,66,70,64,102,10,127,42,69,93,107,6,35,55,116,25,37,58,135,16,129,22,39,21,98,108,73,81,83,4,76,8,88,101,36,86,85,120,14,0,78,63,121,43,11,90,51,27,19,97,79,71,52,114,74,20,126,24,61,9,65,118,56,122,105,40,134,45,77,112,32,125,72,110,13,67,26,111,30,96,33,94,34,80,91,50,54,62,44,38,131
3,1
61,14,53,96,79,40,51,88,81,7,131,2,34,11,8,10,110,89,0,6,43,130,66,19,65,42,21,37,47,106,92,20,3,129,91,76,30,123,134,78,93,80,16,29,119,82,83,39,45,115,5,46,70,104,4,55,28,38,77,113,112,117,44,68,75,128,26,90,107,41,23,25,74,116,62,111,57,100,105,63,126,103,109,101,18,22,69,114,27,98,94,12,32,102,48,122,17,24,86,132,108,133,124,35,121,13,135,1,127,87,71,59,99,72,120,56,64,84,97,54,33,49,36,60,52,118,50,95,85,73,9,15,67,58,31,125
1,6
81,54,131,80,48,10,72,60,6,67,123,134,83,31,13,53,122,70,90,61,52,58,104,121,51,25,73,42,39,98,82,3,57,77,103,44,94,68,17,45,88,118,111,108,14,59,74,113,30,85,26,0,132,129,35,112,69,91,43,9,15,16,116,92,84,125,89,119,2,21,56,32,8,97,41,24,64,37,126,96,63,1,38,40,18,65,79,87,124,33,107,93,23,34,71,28,102,12,99,86,105,120,117,11,50,7,49,36,47,75,109,66,115,62,110,76,133,106,128,29,22,4,78,95,135,127,27,46,19,20,114,55,130,100,101,5
2,6
88,101,85,79,38,73,51,45,120,63,99,36,84,22,28,126,94,76,11,122,24,62,105,65,57,121,50,29,103,97,6,78,113,75,131,117,125,110,31,72,9,114,111,135,86,83,64,3,60,123,5,100,32,35,42,71,56,16,127,49,59,98,124,116,20,23,134,74,69,66,40,0,119,46,130,19,107,4,43,61,104,7,95,129,34,13,80,39,109,118,8,18,112,58,93,128,30,10,2,41,106,15,77,55,53,102,37,21,68,70,1,96,87,91,92,52,108,82,115,48,44,67,81,25,90,47,133,14,17,27,12,89,33,26,54,132
2,5
120,16,45,23,42,128,39,22,29,67,118,95,50,115,51,82,43,70,38,117,20,28,36,124,47,135,102,88,80,131,104,8,91,89,18,12,46,56,116,59,76,90,5,19,98,53,113,129,0,100,27,109,74,119,132,37,134,68,33,14,105,11,79,40,103,75,130,6,32,52,21,111,78,35,85,81,58,2,26,112,69,25,9,1,101,96,41,62,133,10,77,63,60,49,72,125,87,30,34,123,99,84,44,15,7,4,106,17,86,48,66,54,3,64,13,92,114,107,31,97,121,126,122,83,110,55,71,93,73,65,108,57,127,24,94,61
3,4
12,10,130,6,100,132,60,134,84,123,45,62,4,97,70,81,46,37,15,103,40,48,129,49,116,121,59,133,89,96,69,127,106,77,72,56,51,102,63,126,120,38,90,33,74,125,16,0,41,26,35,113,111,22,66,20,47,36,17,85,105,95,68,2,67,79,71,61,112,114,119,5,30,1,124,109,110,32,98,86,92,91,58,135,24,50,76,52,14,65,94,53,73,43,18,7,87,64,39,118,21,55,101,31,57,108,25,9,29,75,78,128,107,122,27,115,99,88,104,42,44,80,3,11,34,131,8,117,19,23,82,13,54,93,28,83
4,4
120,71,78,58,27,59,76,81,15,112,110,20,72,117,132,108,131,26,83,129,125,104,14,102,75,8,18,5,32,11,0,7,80,46,68,119,135,23,121,93,40,115,96,85,17,60,47,33,48,24,73,114,35,134,43,89,82,92,116,98,56,3,109,113,105,70,16,53,22,106,122,39,25,77,103,42,99,65,31,64,62,128,36,91,97,12,63,57,37,55,2,87,4,74,61,44,19,52,30,130,21,38,13,67,54,111,51,101,95,9,6,86,90,69,84,133,45,49,88,127,10,100,28,29,118,41,50,94,124,126,79,34,1,66,123,107
1,6
74,56,28,42,73,22,108,90,71,38,69,3,80,33,106,82,35,104,114,45,100,49,122,99,105,134,94,14,77,63,62,118,34,68,59,18,60,128,57,61,21,65,10,84,125,54,1,58,83,113,81,126,48,4,89,36,25,115,55,129,95,116,135,5,78,51,8,79,110,15,6,13,2,107,43,7,93,72,131,130,64,17,24,85,20,88,27,12,98,52,112,123,92,11,41,67,97,91,66,117,44,101,119,46,47,124,86,16,40,103,133,111,120,29,76,121,26,32,75,19,96,37,109,127,23,53,30,9,0,31,132,87,70,39,102,50
5,4
90,29,7,45,46,56,115,35,94,65,75,135,123,122,15,13,16,38,117,0,124,49,48,19,51,128,131,114,80,9,133,68,99,60,1,17,119,37,14,109,6,98,106,101,58,59,103,96,95,47,71,11,89,118,73,21,74,41,26,70,87,31,50,53,57,69,8,121,83,10,97,43,27,54,39,42,134,23,82,130,112,129,24,86,61,120,104,12,28,2,110,88,100,127,18,3,5,34,25,63,113,81,32,62,84,116,111,132,85,67,125,22,105,76,92,93,20,44,52,64,40,4,108,66,107,30,79,78,72,126,102,36,33,77,55,91
2,5
107,108,97,132,78,94,44,105,88,77,127,27,103,71,34,10,9,46,109,50,20,60,5,49,41,112,58,76,26,13,12,47,87,38,130,23,117,116,92,81,11,70,95,114,83,56,120,39,111,4,89,69,134,6,29,42,128,61,73,91,30,48,86,33,124,43,129,62,17,125,113,52,53,31,90,79,16,66,21,101,68,28,54,106,35,80,59,14,40,19,93,133,1,104,131,24,99,74,102,72,63,119,96,8,118,75,84,122,85,36,123,64,45,126,32,25,15,18,110,55,2,51,82,67,0,22,98,115,100,135,121,57,37,7,3,65
6,6
120,29,34,93,17,19,111,57,83,97,25,130,3,23,125,73,51,121,61,85,128,117,76,48,28,81,79,74,55,123,67,47,75,124,68,126,10,118,114,116,72,77,14,46,20,27,5,37,122,94,71,9,69,63,18,13,31,30,131,104,135,8,15,105,107,109,129,90,45,56,42,87,84,1,50,113,38,134,101,4,6,78,100,108,70,91,59,22,7,66,98,127,49,41,60,43,119,40,86,80,89,112,35,52,110,96,88,95,33,2,65,24,92,12,99,0,44,132,53,26,64,82,58,36,102,106,16,21,11,54,115,62,103,133,32,39
4,4
26,117,45,0,7,59,124,43,104,64,30,58,83,9,92,44,85,33,116,105,135,111,97,101,18,27,120,1,47,108,80,10,128,91,31,4,134,78,12,2,127,123,89,49,38,51,82,19,87,25,65,112,94,13,75,41,110,6,114,56,109,20,122,102,62,35,132,68,125,107,48,77,21,118,42,66,37,129,84,88,71,93,23,8,131,133,60,14,98,96,115,90,29,103,61,32,15,57,55,36,5,81,28,119,3,100,54,16,126,74,79,24,99,73,63,70,34,46,95,52,86,22,17,53,11,121,106,69,50,39,130,40,72,67,76,113
1,4
4,76,114,30,54,63,74,22,93,64,65,113,131,25,86,83,88,107,92,18,42,53,12,67,23,120,62,69,116,109,111,57,104,24,94,3,101,48,14,44,79,118,77,132,106,46,17,97,134,99,61,32,112,71,115,110,0,105,80,72,95,66,70,19,87,52,89,47,39,125,7,123,40,26,33,34,129,102,117,27,31,90,16,43,60,59,15,130,21,128,98,68,73,122,9,10,81,6,5,11,37,56,28,2,82,55,50,51,91,84,38,100,1,35,75,13,119,36,8,127,58,29,121,78,41,85,49,126,108,45,135,20,133,124,96,103
4,3
64,84,12,56,21,40,36,80,85,27,55,30,57,120,106,16,34,54,50,63,2,14,76,101,128,43,88,61,125,67,110,9,79,108,73,75,13,45,48,129,32,51,68,23,107,46,83,91,65,22,11,18,96,82,92,95,26,122,114,115,62,17,123,66,117,112,69,118,0,78,133,134,71,94,131,97,60,132,77,130,135,42,103,7,15,119,102,89,8,3,87,39,104,109,81,20,124,28,49,5,86,116,70,47,4,35,121,6,58,74,25,24,90,111,59,29,41,37,98,126,33,100,93,10,38,127,31,72,53,44,52,19,105,1,113,99
5,6
89,40,23,21,85,55,106,63,48,71,36,94,13,108,75,101,47,25,27,123,49,33,93,114,67,98,84,43,28,29,59,17,53,15,7,100,11,37,50,135,62,22,125,69,82,77,76,41,91,46,44,90,119,54,83,60,96,57,32,88,38,102,126,95,79,78,61,127,129,26,19,70,80,120,115,20,4,110,81,3,105,45,31,64,30,107,117,10,35,73,113,132,16,86,130,52,97,133,131,65,134,124,2,72,68,56,116,103,39,34,6,92,12,109,122,111,14,104,74,5,112,87,66,1,51,121,99,9,8,18,0,58,24,128,118,42
2,6
44,35,92,76,126,77,20,100,9,43,117,114,50,122,46,80,38,12,83,116,18,51,30,99,101,73,104,72,113,24,62,60,89,53,74,133,115,25,61,128,57,123,31,33,106,81,59,0,16,23,97,34,131,65,69,112,110,29,91,63,134,13,1,7,96,42,47,19,27,5,41,75,135,119,103,11,49,105,107,78,129,127,124,8,15,56,82,58,21,70,132,26,2,37,98,17,14,85,64,95,28,87,93,84,118,66,40,130,32,55,111,71,108,68,6,52,88,4,22,54,120,125,39,94,10,90,45,3,79,67,48,86,121,36,102,109
4,1
43,85,20,13,102,133,101,107,27,40,82,126,38,95,97,67,69,132,3,92,128,76,61,120,74,87,90,115,118,65,81,100,80,63,57,26,106,122,117,109,111,127,88,130,66,96,125,31,62,2,112,103,32,0,23,12,39,60,52,11,64,15,42,5,41,14,70,35,72,1,77,121,108,16,78,93,50,47,25,83,6,135,73,24,10,17,46,58,89,30,124,49,104,116,53,48,119,7,71,21,79,51,29,19,8,34,99,59,33,68,86,45,56,4,98,129,123,37,54,75,114,84,9,28,36,55,134,91,18,105,44,94,110,22,113,131
4,6
130,135,39,132,88,86,131,6,134,48,22,76,49,67,44,81,18,27,111,73,117,35,75,100,115,19,90,4,53,47,13,94,21,70,112,32,83,102,46,99,12,119,105,107,93,62,114,109,129,74,14,84,3,89,120,17,104,66,103,96,118,2,5,108,78,29,15,71,63,110,101,82,54,41,36,121,7,51,1,38,55,116,106,128,42,50,87,113,10,58,69,34,26,23,95,43,16,97,72,11,80,8,9,28,57,126,122,133,124,123,125,85,61,56,98,30,127,64,52,45,68,25,65,92,20,91,79,0,59,37,33,60,77,24,31,40
1,2
30,62,8,28,58,11,54,29,132,53,60,124,51,111,21,104,12,42,10,97,66,110,45,32,39,70,91,75,126,20,0,102,13,105,98,108,130,44,125,37,106,100,43,68,22,109,81,5,127,4,65,9,120,116,63,19,117,25,69,14,99,27,24,55,86,94,2,114,3,96,7,26,123,17,79,135,83,48,90,1,47,88,112,73,34,16,115,35,101,50,119,113,84,38,107,118,18,93,49,56,36,72,77,133,52,89,67,74,23,57,31,71,33,131,87,128,61,134,129,78,85,122,92,80,59,6,103,46,15,121,40,76,64,41,95,82
5,4
9,128,135,19,72,115,98,15,14,126,69,39,114,34,129,118,104,85,61,70,42,80,41,93,7,77,21,86,3,48,64,84,56,12,60,110,130,103,8,134,22,23,112,54,131,113,44,82,97,79,92,66,133,106,5,6,105,127,35,67,116,76,88,123,46,65,30,37,122,100,108,52,83,47,53,2,78,11,62,107,73,120,89,111,28,124,101,121,125,87,4,55,94,51,102,117,25,31,99,17,119,36,74,33,81,90,26,68,63,32,24,71,95,57,50,109,0,91,13,10,43,59,38,45,29,20,18,1,40,96,58,75,27,132,49,16
3,1
99,124,59,63,2,96,107,90,76,135,126,106,69,9,28,3,38,46,0,40,125,71,56,114,10,37,11,119,35,120,74,44,45,130,95,115,104,15,86,77,54,55,80,24,79,118,101,30,62,34,97,84,123,127,26,58,33,18,121,8,19,75,113,122,66,102,42,36,87,94,116,16,41,39,73,88,5,132,70,98,1,82,133,48,21,49,89,7,14,131,25,128,20,4,13,111,81,78,51,64,72,85,91,52,17,23,47,83,100,65,29,109,93,68,129,60,108,103,12,31,6,134,105,32,57,112,67,22,43,117,61,50,53,110,92,27
5,5
22,60,133,116,100,73,118,69,79,30,84,103,61,115,34,102,101,37,122,41,111,1,50,54,82,86,108,24,88,96,44,3,114,94,31,99,40,8,6,70,33,127,98,55,87,132,53,105,51,35,29,7,109,117,134,126,0,125,58,121,38,90,19,95,57,15,104,21,124,89,97,110,91,18,107,74,119,123,67,48,75,135,66,64,68,39,49,59,113,11,81,43,112,17,63,42,77,83,23,45,9,27,25,76,131,56,80,78,14,2,52,65,62,129,93,47,13,12,85,32,4,20,106,16,5,10,128,28,120,92,26,71,46,36,130,72
1,3
1,22,21,25,87,108,11,10,52,99,50,133,35,68,17,134,12,0,93,28,2,80,94,48,61,67,74,101,55,121,4,115,89,85,56,114,60,124,77,128,97,84,37,30,53,32,95,43,47,31,127,16,29,49,58,39,119,15,105,46,83,73,69,24,109,82,132,45,110,63,112,98,120,6,90,126,36,62,111,34,38,96,54,116,19,129,71,27,135,104,100,131,88,26,92,113,40,130,70,75,79,72,66,65,7,78,123,102,125,9,91,23,117,107,44,81,13,118,51,20,18,122,42,33,103,64,14,8,106,57,3,5,59,76,41,86
6,5
20,87,69,102,110,60,44,120,51,95,34,35,96,8,82,27,76,115,75,15,111,119,22,24,39,80,134,64,103,89,133,41,33,98,66,42,49,117,16,73,57,112,106,13,97,122,45,17,18,7,21,92,52,67,12,118,53,54,77,94,130,104,28,9,83,126,4,59,3,128,93,37,43,10,123,101,2,5,116,71,135,55,85,132,114,81,99,108,129,32,19,100,88,121,46,1,0,50,124,70,48,26,6,11,62,65,74,58,68,36,63,109,23,47,86,84,38,72,105,61,25,40,79,56,14,125,90,78,113,31,29,131,91,30,107,127
1,6
100,102,54,12,10,79,64,76,116,103,114,110,27,71,96,120,17,36,124,6,125,117,16,41,2,39,0,132,53,44,90,8,63,49,52,14,65,81,30,55,129,94,97,83,121,61,47,74,4,127,92,20,50,87,24,115,88,72,21,57,104,73,26,38,25,93,1,99,43,51,40,35,105,9,128,3,133,107,77,108,80,112,60,109,70,95,37,15,91,113,18,111,123,118,78,13,19,135,68,89,126,119,122,58,28,48,7,82,75,22,42,86,130,69,23,46,62,84,33,85,101,5,134,106,131,98,11,45,31,66,59,34,56,67,29,32
2,3
75,10,4,46,94,100,98,40,135,62,117,64,12,33,42,119,95,79,55,89,52,13,41,73,6,84,109,38,14,121,39,104,47,110,106,87,15,25,76,34,54,17,19,96,31,134,18,77,118,5,111,99,107,92,81,88,3,130,133,97,82,9,72,66,16,8,59,35,7,61,32,108,83,85,21,57,90,123,20,51,45,30,80,2,37,23,65,49,91,128,0,132,48,103,86,93,125,74,71,53,120,116,63,44,27,115,43,114,67,122,58,126,24,26,36,28,56,22,131,105,124,112,78,68,101,102,50,113,60,69,29,127,1,129,70,11
5,6
10,65,130,123,17,5,97,93,0,119,94,78,96,115,37,33,89,69,32,103,56,91,124,79,31,25,27,90,46,68,109,11,75,83,49,98,106,64,111,36,121,88,117,42,26,40,101,24,120,104,74,20,126,53,29,110,63,118,39,58,73,1,113,82,112,102,135,86,60,3,47,125,59,72,4,92,108,45,81,44,13,67,12,122,16,77,2,9,22,84,50,87,61,66,132,95,43,28,134,70,71,54,38,127,18,85,100,15,41,23,76,48,19,57,8,114,131,116,35,34,30,129,21,80,128,51,7,52,6,133,62,14,99,107,55,105
3,2
36,83,5,98,66,102,80,10,56,39,65,62,104,135,59,108,103,16,73,112,25,37,55,124,63,95,86,21,53,1,2,87,18,0,111,128,131,52,20,22,42,38,84,119,48,23,41,134,11,130,46,54,113,99,91,40,50,61,126,109,17,15,107,76,29,92,49,79,74,6,77,81,33,34,13,118,117,45,24,106,82,72,97,67,75,32,100,85,35,93,51,8,101,123,44,47,31,133,30,3,90,120,94,114,58,115,69,129,132,64,19,121,7,26,88,116,71,68,110,125,127,27,122,96,105,28,60,4,57,78,70,14,43,9,89,12
4,2
133,97,81,40,19,130,36,73,20,76,112,59,65,115,127,132,7,128,67,103,134,57,109,0,55,49,99,11,108,23,110,14,89,16,123,53,117,61,107,100,86,84,29,66,124,114,30,50,91,39,90,34,79,56,52,27,41,116,88,48,37,13,51,38,87,21,44,77,70,121,54,104,3,35,95,102,68,80,1,125,78,122,101,72,71,22,31,113,28,17,2,32,15,8,120,45,4,33,129,126,131,58,24,85,25,43,105,64,75,93,96,47,12,26,135,118,92,18,119,60,98,82,10,9,94,5,62,83,6,46,111,69,106,74,63,42
2,6
90,122,94,6,134,15,51,110,107,43,135,124,59,95,9,77,112,96,132,80,45,0,22,52,66,33,14,99,115,91,61,21,88,128,116,1,89,133,39,16,87,54,4,58,127,113,72,97,27,101,65,70,60,120,78,31,13,47,75,126,10,85,53,36,34,25,32,79,83,57,30,64,42,73,44,67,129,23,76,56,24,105,38,71,108,125,20,63,7,19,68,82,35,121,81,131,2,29,93,8,100,130,28,114,40,18,5,37,69,49,3,111,17,86,11,117,62,98,109,123,55,12,46,106,26,102,48,104,103,92,41,119,118,84,50,74
4,4
113,53,10,60,58,88,14,134,97,103,21,28,122,54,34,82,20,55,50,7,17,92,41,39,117,123,128,66,133,26,56,98,68,15,25,62,57,33,94,12,130,52,18,77,126,69,38,13,27,125,93,23,19,16,70,4,46,81,40,49,5,86,32,29,84,100,127,45,109,106,31,47,120,116,35,95,83,115,87,61,73,2,85,91,6,65,51,63,75,102,30,105,0,108,110,8,3,78,67,43,22,135,59,118,112,119,44,9,80,11,24,71,101,42,48,1,104,131,121,132,37,72,64,124,99,107,114,76,129,74,79,36,111,90,89,96
4,6
41,33,125,104,28,24,13,113,7,97,111,81,80,39,106,47,88,98,15,11,44,66,45,21,116,17,27,31,107,60,16,26,67,6,23,69,129,120,30,10,95,109,72,70,131,36,108,22,8,82,112,75,99,96,77,76,20,38,12,18,94,48,117,83,124,54,122,58,87,84,130,79,5,121,93,123,25,127,105,71,110,42,114,2,89,52,61,73,126,1,92,53,101,103,49,65,85,57,50,14,19,4,0,40,43,35,78,128,68,9,133,29,118,62,63,34,134,135,91,55,115,59,32,119,64,37,102,51,56,132,90,46,74,100,86,3
1,2
105,4,56,61,8,95,94,12,84,110,62,104,15,52,55,18,71,64,87,32,80,99,114,127,38,131,49,75,35,37,23,40,119,134,42,120,81,25,26,54,88,29,90,102,33,11,14,47,53,60,128,19,20,135,27,51,65,10,129,91,108,48,30,70,59,133,31,92,0,2,7,44,36,5,41,74,45,1,106,43,122,125,107,72,132,124,116,83,77,123,76,82,46,66,22,93,28,24,6,103,73,111,115,21,97,85,112,67,98,121,100,118,78,101,16,117,34,130,9,57,86,113,89,68,79,58,69,96,50,126,3,13,39,63,17,109
2,6
74,16,119,48,92,60,89,101,32,38,111,24,66,64,112,113,10,116,104,19,49,97,76,56,123,17,85,68,134,26,34,72,117,73,15,82,106,47,124,59,84,22,91,125,121,43,78,46,29,40,126,90,39,14,52,31,20,81,83,62,71,51,6,37,1,53,33,41,50,23,114,0,63,93,109,4,12,70,11,131,21,122,45,58,100,110,128,130,18,7,95,9,99,67,120,129,35,3,57,88,55,44,54,133,135,13,115,2,77,108,75,79,65,36,28,105,96,69,94,25,30,8,27,107,127,118,132,98,86,42,87,103,61,5,80,102
2,6
27,38,87,21,60,31,114,90,63,125,55,1,121,126,22,111,70,116,18,117,17,118,58,61,115,40,77,3,80,106,12,62,89,15,71,52,134,16,96,64,6,129,39,44,34,19,109,97,48,26,108,123,82,7,30,69,46,45,103,124,67,2,59,66,49,65,78,24,131,86,72,84,79,119,53,99,122,95,0,43,130,35,112,41,23,47,29,102,107,83,68,37,94,14,128,91,8,76,13,50,36,20,54,104,105,100,73,92,113,120,4,25,75,93,101,33,57,110,42,133,32,11,135,85,9,74,5,98,10,28,132,51,56,81,88,127
3,4
115,23,102,86,73,34,28,33,56,94,77,14,21,88,127,54,41,75,80,105,69,31,19,113,103,48,44,1,100,10,123,106,124,52,9,13,36,125,0,20,91,97,66,16,6,42,104,47,71,121,110,29,111,90,24,67,117,32,83,79,8,35,26,120,12,130,87,74,4,18,59,11,119,126,109,134,112,116,84,129,135,57,17,99,49,68,7,131,132,96,2,95,101,53,50,78,89,22,63,60,51,58,3,107,72,64,25,43,98,114,122,46,81,85,5,93,62,15,65,118,38,82,70,108,39,92,27,133,37,128,61,40,76,55,45,30
4,6
32,34,42,126,120,117,33,102,44,17,67,109,98,7,133,76,104,53,0,30,115,89,83,29,66,49,81,31,97,43,108,23,60,127,21,124,56,111,51,135,94,58,46,47,15,103,20,78,18,71,8,131,125,61,62,19,114,45,69,35,1,134,40,123,82,91,5,119,80,74,70,113,84,39,129,52,16,112,130,96,99,72,24,85,116,4,2,107,118,79,106,64,48,77,57,95,101,105,54,25,27,93,6,13,28,132,50,92,75,100,121,3,37,14,12,128,9,59,88,73,63,86,122,110,10,65,55,38,41,87,26,90,11,22,68,36
2,3
40,117,110,38,99,93,0,69,118,20,108,43,61,13,102,27,48,131,89,6,67,35,127,73,109,126,101,23,12,11,39,106,122,1,105,112,95,107,63,25,42,85,77,55,66,100,96,30,75,46,104,7,36,92,24,128,76,79,34,98,64,32,44,50,84,135,90,37,119,65,18,123,68,121,49,113,103,71,22,17,82,31,133,74,78,120,97,94,28,56,51,10,81,129,53,16,45,80,91,87,54,70,114,62,88,116,111,21,58,132,26,52,29,86,2,72,130,124,59,3,83,125,134,4,15,14,19,9,5,8,41,47,57,60,115,33
1,5
59,87,60,77,88,135,22,70,71,55,114,89,28,112,62,118,133,122,104,54,43,24,52,20,45,126,83,64,61,110,74,96,98,35,58,7,99,111,65,75,106,15,32,97,92,69,66,6,95,105,11,113,80,25,44,17,40,85,3,63,81,119,2,124,30,127,46,1,0,12,125,129,94,33,68,50,115,19,128,16,102,131,21,101,57,90,4,39,23,26,13,79,53,109,67,123,47,48,100,120,116,36,73,76,29,78,132,41,107,121,84,49,38,5,103,93,51,10,42,9,86,37,134,27,108,91,34,130,72,8,56,14,18,117,31,82
1,1
22,107,6,117,45,39,96,59,37,106,10,134,114,44,0,93,17,40,56,70,4,132,7,54,49,119,86,122,13,25,133,42,83,98,88,18,79,77,16,24,131,57,47,73,129,74,111,29,80,11,103,115,108,58,53,71,36,76,21,46,120,38,85,23,62,78,43,91,92,87,61,5,50,127,51,20,125,2,27,15,123,8,94,14,1,105,113,135,109,26,101,60,81,75,63,116,130,118,30,72,82,124,110,33,41,99,31,67,32,126,97,100,90,52,64,48,128,69,9,84,66,102,121,12,95,34,68,3,112,65,19,55,35,104,28,89
1,6
60,87,50,72,58,61,81,40,105,2,121,44,0,20,53,8,38,18,132,16,115,116,69,109,74,99,101,23,118,102,7,122,63,80,90,59,112,57,127,3,84,107,129,126,43,108,85,4,83,64,93,96,52,111,135,68,134,32,33,22,120,104,19,45,124,130,14,100,67,12,46,10,78,62,98,55,70,133,25,48,114,6,79,36,75,30,92,28,42,97,21,119,34,86,5,29,24,113,31,77,89,128,47,26,82,1,27,88,13,106,91,65,103,131,11,66,73,49,41,39,125,76,56,9,17,35,94,110,51,54,15,117,37,123,71,95
2,5
99,80,0,129,53,9,92,101,30,73,89,91,109,26,77,119,20,33,128,1,2,130,15,3,17,23,124,127,13,82,5,70,52,78,6,57,67,62,95,118,103,117,126,65,64,14,123,81,97,35,114,44,90,63,86,19,131,50,31,46,36,34,135,72,40,133,87,66,75,106,104,116,12,85,11,88,24,125,8,43,76,94,59,7,47,83,115,100,69,55,112,134,29,27,105,22,96,45,68,41,113,48,49,51,54,120,38,4,102,110,16,42,98,58,122,32,74,79,18,107,111,21,25,56,93,108,37,132,61,60,121,84,71,10,39,28
2,2
29,10,111,64,89,11,50,62,33,95,109,22,83,116,31,96,91,36,63,99,71,134,125,110,128,8,67,42,58,124,24,135,20,133,15,59,3,17,5,65,52,75,79,82,48,25,88,28,30,14,78,9,87,38,73,98,19,12,16,0,127,130,55,122,32,4,106,70,66,47,6,81,2,107,27,40,7,93,1,115,80,118,69,37,56,57,74,43,76,112,117,21,41,39,90,13,72,131,97,85,84,114,68,120,92,23,51,105,104,49,101,53,129,86,46,77,94,45,35,121,44,60,132,100,123,61,54,34,18,108,119,102,103,26,126,113
5,6
94,0,92,83,110,60,77,119,43,111,1,10,31,108,129,4,72,85,87,61,105,81,78,62,24,23,17,28,95,71,51,118,91,36,45,122,86,8,103,97,125,63,33,116,32,57,123,135,41,9,20,96,15,117,131,130,128,7,35,58,29,67,59,50,74,101,75,89,37,53,69,38,82,113,54,25,127,124,73,34,99,76,2,132,84,6,68,14,44,66,109,115,55,13,121,52,12,106,11,56,90,42,93,18,70,112,79,114,39,22,46,3,88,30,133,16,126,120,5,64,100,47,104,107,26,40,19,102,27,134,21,49,98,65,48,80
6,5
58,130,74,77,30,26,113,67,8,0,127,108,18,42,22,20,45,70,76,32,84,50,71,59,38,19,39,102,117,111,75,122,23,13,110,79,11,105,24,49,95,44,96,101,28,116,3,133,17,7,61,66,64,97,53,15,48,65,94,1,55,52,121,89,120,73,81,114,124,43,2,92,56,98,69,40,72,119,132,6,83,21,68,60,63,125,80,107,106,118,99,85,82,46,78,27,16,91,12,86,103,25,62,100,126,4,131,34,31,128,112,29,33,104,35,57,5,51,47,88,129,90,115,109,135,54,123,87,41,9,37,10,36,134,14,93
4,5
92,57,8,53,38,34,83,45,56,79,131,93,18,13,5,129,89,103,133,72,121,47,30,102,134,48,26,51,40,98,16,12,126,127,25,61,0,88,7,11,112,90,22,91,60,99,65,106,132,62,125,24,67,1,128,9,86,14,35,3,41,70,82,123,95,46,74,2,64,124,4,33,55,114,78,43,101,107,19,85,115,52,44,29,77,50,39,68,80,111,76,118,32,122,117,17,109,73,96,87,71,100,58,75,108,36,10,113,84,31,42,23,49,20,130,120,21,15,110,28,63,104,59,66,81,54,105,37,97,27,116,69,119,6,94,135
2,6
128,93,127,131,25,111,10,44,7,0,51,117,15,123,62,83,95,64,134,88,56,124,70,35,71,45,86,5,81,135,52,69,50,18,84,13,14,43,105,65,73,100,60,85,101,34,30,19,38,1,108,40,109,31,3,22,23,114,113,8,126,26,55,68,9,77,16,91,116,107,59,33,17,133,106,92,20,49,53,32,98,47,121,99,39,41,27,28,115,125,48,119,132,78,122,75,120,29,46,58,4,72,66,54,102,12,90,42,80,67,103,21,57,11,112,89,118,63,61,97,2,129,36,82,74,110,24,94,79,130,6,37,104,87,76,96
5,6
23,55,110,91,35,14,113,15,28,124,126,73,111,125,51,31,48,102,106,93,130,7,108,41,92,59,134,131,117,52,62,67,105,2,24,19,68,44,5,63,30,100,57,90,1,118,6,79,50,69,81,80,60,17,99,83,25,135,85,101,33,97,11,49,76,53,9,122,46,0,94,27,16,98,129,116,20,4,18,32,13,61,127,70,119,114,82,71,109,77,58,37,132,39,64,38,34,87,43,78,47,29,86,95,84,26,21,88,107,65,96,120,56,40,89,103,42,72,45,104,36,22,74,115,75,112,10,12,8,123,3,66,128,133,121,54
2,2
13,88,49,131,51,126,73,122,15,128,19,74,125,99,90,46,117,116,40,66,83,48,65,89,53,98,113,37,77,57,35,114,62,103,119,112,9,36,20,130,111,94,127,64,47,33,132,10,82,23,28,69,41,129,30,123,17,67,56,6,8,135,108,76,86,109,50,134,59,44,107,32,93,14,96,79,39,42,3,106,100,18,63,25,24,11,38,27,70,105,12,60,34,85,54,61,58,43,121,1,29,52,80,45,78,124,115,133,4,102,101,72,21,68,75,26,97,2,104,16,7,118,87,120,22,31,55,92,95,71,91,0,5,84,110,81
6,3
112,23,21,53,10,84,75,123,111,44,110,128,11,97,122,1,115,39,25,83,108,4,6,64,72,96,32,89,104,8,100,124,113,120,61,76,52,38,107,88,92,20,66,50,58,54,0,77,67,127,133,46,33,106,134,73,85,55,36,81,131,105,60,103,56,70,19,78,29,63,34,121,30,42,94,82,65,69,51,99,59,86,13,129,7,57,45,109,12,87,132,93,62,130,17,26,117,31,18,40,119,41,27,125,9,43,114,16,24,2,71,3,135,118,74,47,91,116,15,101,28,80,126,98,14,48,49,68,95,5,102,22,35,37,90,79
3,1
35,70,48,96,68,89,78,10,29,113,36,121,52,118,105,112,94,100,127,60,20,83,7,80,124,61,119,126,111,58,0,125,55,50,17,91,67,132,135,5,133,26,131,73,42,66,109,23,27,97,110,32,65,134,114,38,85,98,120,6,44,25,39,86,8,22,18,103,90,53,43,15,77,115,21,71,107,93,106,46,51,54,76,74,128,69,28,13,34,104,88,37,14,63,64,9,101,79,4,82,102,30,81,84,129,59,92,117,40,47,57,16,62,3,99,49,11,19,24,12,122,45,41,108,116,33,31,1,2,87,75,72,123,130,95,56
4,4
97,52,43,67,49,80,133,60,64,94,119,82,131,0,2,44,3,24,40,125,21,105,20,29,62,69,46,27,121,96,78,83,19,76,90,53,88,123,127,104,132,18,28,33,66,15,134,129,68,99,36,57,38,93,87,100,14,122,92,124,91,39,6,12,7,128,42,113,98,117,101,26,63,86,106,135,111,47,22,1,17,41,8,34,35,95,71,70,116,9,32,118,84,51,108,112,10,85,65,77,16,115,126,89,130,5,120,74,54,102,61,31,114,25,73,109,55,58,59,110,13,11,72,30,75,23,81,107,103,48,50,79,37,4,45,56
1,4
