6,134,50,122,114,110,121,107,15,91,77,65,42,21,37,111,33,108,84,73,22,80,59,126,35,86,39,83,27,113,100,44,29,96,57,112,9,129,7,95,8,68,20,34,105,0,72,23,32,52,2,120,5,64,18,11,48,30,25,49,10,124,40,116,53,46,132,131,104,66,13,62,60,127,101,61,109,69,43,130,71,79,115,17,87,99,89,45,85,47,4,135,93,106,1,128,119,74,63,41,98,102,31,70,14,26,58,36,117,38,67,54,103,118,125,19,51,56,78,3,82,97,16,24,92,75,12,88,94,81,76,28,55,90,133,123
2,2
10,70,85,93,95,59,5,82,25,14,92,12,111,96,101,8,105,22,90,128,15,40,17,20,30,57,67,135,91,66,74,129,72,83,79,109,38,125,34,102,127,126,56,131,114,58,13,78,107,46,41,80,98,23,75,100,106,50,130,42,77,84,63,24,97,29,48,0,122,121,94,108,116,53,11,43,68,119,86,33,65,36,89,6,104,51,21,124,71,61,115,3,1,73,4,39,49,87,64,35,2,62,45,27,134,26,7,44,81,76,133,103,110,132,16,99,112,60,52,9,19,47,118,54,69,18,28,113,31,123,37,120,88,117,55,32
6,6
123,84,0,101,65,97,100,82,46,20,71,104,11,108,28,21,115,81,95,6,17,66,2,31,83,90,19,9,8,127,59,16,105,3,18,38,51,64,60,117,122,130,80,63,35,118,10,102,70,132,26,125,76,75,93,106,24,44,91,56,47,126,69,67,15,62,58,85,98,92,134,73,87,53,74,61,22,88,96,112,45,48,114,7,135,113,4,133,57,52,86,89,49,131,36,124,94,54,109,12,41,43,103,129,99,107,120,5,23,77,39,34,30,27,121,50,79,14,37,116,55,32,40,29,13,128,42,25,1,119,68,111,110,78,72,33
1,3
110,18,134,71,43,86,84,65,25,46,105,107,19,132,77,69,104,124,64,66,131,47,55,109,50,52,51,92,32,85,23,96,128,127,76,90,80,78,21,75,56,79,13,22,57,3,122,95,4,98,48,118,101,2,6,72,27,9,126,61,17,113,119,74,16,62,123,73,82,93,40,114,106,125,99,15,30,94,29,91,67,115,11,133,83,63,45,24,108,41,87,39,31,26,117,28,42,103,135,112,1,100,121,14,102,5,33,60,37,0,7,81,130,44,58,129,120,34,49,59,70,68,12,97,8,54,20,88,116,53,10,36,111,38,35,89
2,5
15,119,8,17,103,50,35,93,97,80,98,60,25,115,111,6,130,89,2,68,10,94,78,45,96,110,79,112,90,84,122,64,72,12,23,13,29,30,105,86,132,4,14,18,47,5,77,40,53,125,65,56,39,113,24,51,19,127,67,116,49,28,11,123,20,1,109,57,63,106,36,92,131,124,118,128,59,69,73,46,26,38,16,22,88,129,126,120,117,55,0,21,42,104,135,31,27,41,85,34,44,37,83,74,95,66,87,101,75,43,32,48,58,54,62,99,108,9,3,76,70,102,7,52,100,91,134,33,114,133,71,81,61,121,107,82
3,4
91,60,102,7,114,122,5,63,124,132,70,116,10,121,44,14,133,41,3,129,127,28,54,24,45,109,131,72,15,13,68,50,75,125,100,120,29,16,58,35,108,26,110,73,105,101,66,99,19,33,43,89,104,115,4,47,123,80,87,97,40,61,111,117,56,92,53,21,46,113,64,79,76,22,23,38,42,32,36,51,20,11,8,71,59,126,90,78,27,83,57,119,31,112,93,48,84,34,25,118,30,94,2,74,39,49,103,37,77,69,6,128,96,135,134,12,106,17,88,98,86,82,1,81,9,0,55,62,107,95,65,85,130,52,67,18
4,4
11,53,59,127,132,113,62,24,25,16,90,0,40,7,44,10,47,96,118,36,66,55,68,31,112,95,73,102,109,12,28,108,57,133,14,120,135,126,97,56,51,104,82,106,98,130,117,128,18,93,100,76,32,79,26,85,119,6,46,67,105,35,75,129,84,29,54,122,48,78,3,49,131,121,65,15,13,99,111,80,74,114,103,86,81,58,60,92,43,19,50,41,45,77,115,38,91,2,30,63,33,17,134,72,94,107,70,1,4,61,64,69,83,34,87,89,27,39,123,88,22,23,21,116,42,37,110,8,71,52,5,124,20,101,125,9
1,5
22,83,5,57,84,27,3,21,123,53,43,31,40,51,90,28,6,92,130,25,1,96,111,86,23,94,129,103,91,80,121,72,37,115,14,59,15,42,46,99,120,122,74,18,93,12,125,67,39,44,4,114,16,69,109,52,30,38,75,11,17,101,135,13,77,128,116,89,106,63,124,88,54,100,127,29,50,19,24,71,87,117,104,108,105,81,34,97,79,82,73,26,66,126,107,133,78,36,70,41,33,55,47,132,35,134,58,62,65,8,118,95,119,0,60,102,110,48,85,131,61,32,7,76,10,20,112,68,56,98,45,113,49,9,2,64
1,4
66,45,17,108,75,133,107,122,52,36,79,34,49,50,44,59,8,112,53,63,87,131,88,14,78,61,16,117,114,37,99,13,77,93,9,132,58,30,54,11,73,18,7,110,32,70,96,65,15,115,98,22,95,103,130,76,100,42,57,109,121,40,35,101,123,104,41,134,116,51,124,47,74,62,80,94,3,127,86,72,64,97,91,29,2,56,69,23,113,85,67,129,39,135,20,55,92,26,4,31,119,106,48,105,28,6,24,27,21,118,89,82,126,102,38,1,43,71,10,83,81,90,19,68,25,128,125,120,33,46,84,0,60,5,12,111
3,3
52,73,93,41,82,77,128,91,61,120,68,6,131,76,111,9,26,4,69,39,114,98,79,94,40,84,53,126,112,10,24,95,90,11,28,0,86,83,132,15,47,18,51,54,123,81,46,103,100,116,65,8,127,92,88,35,66,108,102,32,129,21,49,122,75,115,17,89,67,106,124,45,109,118,72,44,60,38,30,130,74,78,80,27,42,64,31,16,20,5,12,25,119,107,48,57,121,104,55,36,37,19,56,97,96,50,101,134,59,3,14,13,33,133,105,63,29,34,85,22,70,1,110,117,23,58,135,43,7,62,113,2,99,71,87,125
3,4
131,83,52,128,73,55,3,117,22,8,81,78,59,99,16,44,94,107,133,63,26,9,6,23,91,10,45,37,58,134,15,71,62,5,112,29,39,103,49,21,32,38,135,68,97,98,114,70,19,43,42,93,108,46,69,2,90,11,127,129,72,104,36,34,118,33,1,124,74,48,7,105,126,53,109,101,116,57,12,0,66,120,88,28,64,86,18,89,125,35,14,20,102,40,67,56,96,121,25,27,24,77,119,87,79,60,17,130,84,110,61,51,85,76,82,95,106,92,54,100,123,122,4,13,115,75,50,80,113,31,65,132,111,47,41,30
6,5
61,51,34,6,97,32,113,56,17,71,7,59,52,57,103,99,37,101,133,120,47,29,124,62,66,39,135,131,10,74,33,19,31,117,100,112,109,1,94,58,13,122,70,8,69,4,65,92,46,132,78,129,93,118,98,104,123,16,0,44,45,21,23,108,119,95,27,26,88,85,91,68,41,114,14,102,12,18,96,86,105,60,111,28,5,107,89,115,24,2,83,84,50,77,43,125,67,75,116,3,54,87,130,134,40,15,82,36,20,35,72,22,42,49,128,63,79,110,9,106,53,64,80,11,90,38,126,76,55,48,73,127,25,81,30,121
6,3
110,102,109,1,43,74,57,111,11,98,123,80,133,26,75,14,54,49,132,55,41,97,12,87,96,2,79,58,7,18,25,20,72,32,36,71,13,92,10,66,118,106,131,48,53,67,63,21,88,91,122,81,0,23,125,5,17,61,62,124,9,108,86,83,56,94,130,99,45,95,3,116,37,73,16,22,89,84,107,114,70,68,134,82,115,76,51,29,90,24,59,104,127,42,44,28,38,30,31,103,113,52,6,19,46,121,93,35,8,69,33,135,105,126,78,27,34,64,60,101,112,85,120,50,77,39,40,4,128,15,129,117,47,119,65,100
4,4
95,5,130,121,68,29,8,135,6,119,87,30,61,93,107,82,115,128,26,22,35,80,106,57,44,18,77,88,66,103,58,53,79,56,116,72,14,94,133,34,17,38,90,120,71,11,25,33,4,86,97,16,91,73,129,105,48,59,55,70,102,31,117,12,51,81,75,83,111,100,127,1,123,10,46,109,19,118,65,52,21,15,2,0,78,43,126,122,67,40,50,3,54,76,20,74,99,108,113,36,41,45,64,132,110,9,101,28,124,131,60,69,96,13,42,32,62,7,39,23,104,92,134,112,49,24,98,27,114,84,125,63,85,37,47,89
5,6
3,29,92,100,115,2,18,80,32,63,93,58,95,126,56,75,130,45,90,66,6,11,31,48,81,88,30,23,51,54,113,24,8,62,27,68,25,128,61,28,7,9,67,135,26,74,85,104,1,19,49,46,133,57,22,70,20,91,42,110,21,84,41,47,38,33,0,98,65,40,78,10,12,59,102,117,122,44,13,60,17,35,99,123,36,132,103,120,79,118,116,89,64,112,73,105,109,82,52,50,72,39,87,4,15,107,16,34,125,119,106,101,96,83,43,111,124,131,14,86,129,97,134,69,53,121,108,71,127,55,77,37,114,94,76,5
4,3
68,66,25,38,23,17,52,32,83,114,26,107,82,43,28,89,97,31,50,49,93,59,64,113,10,78,0,81,45,41,46,8,22,100,73,7,103,53,47,99,48,57,13,40,58,18,132,60,129,94,44,9,30,51,39,36,24,117,15,115,37,55,70,1,19,2,124,116,75,3,76,108,106,88,109,20,126,121,122,91,127,5,125,42,130,56,133,120,134,90,4,77,14,54,105,71,118,128,110,16,87,119,33,67,102,85,135,12,123,98,34,112,131,72,111,95,27,6,96,74,35,65,79,69,80,63,104,61,21,11,101,86,29,84,92,62
5,6
124,99,96,118,60,66,85,34,50,10,30,71,115,11,114,117,61,127,49,125,98,54,0,113,81,126,5,80,82,2,6,37,41,131,105,13,129,12,46,70,121,31,90,123,28,65,63,122,92,84,55,24,130,57,102,88,107,110,83,22,87,27,3,52,53,74,25,116,97,64,78,120,8,86,94,100,32,18,26,106,43,103,9,128,93,79,4,73,33,38,134,58,75,56,45,1,42,132,7,47,109,68,112,119,62,23,72,95,135,14,89,133,51,16,69,36,44,29,17,48,19,59,39,76,40,20,104,21,77,111,108,35,101,91,15,67
1,3
130,59,12,83,19,48,112,129,93,88,55,57,4,39,18,32,120,99,47,13,132,11,16,133,94,115,103,134,69,128,98,36,28,50,62,71,104,119,113,74,118,51,65,5,97,27,116,79,24,108,117,78,2,26,10,41,110,53,1,72,106,8,68,45,14,66,25,38,114,49,43,100,31,44,46,34,0,124,77,54,82,121,67,126,64,75,91,125,61,105,92,33,131,96,42,30,90,127,76,56,20,37,107,86,21,95,123,15,70,58,87,85,6,102,35,81,135,80,60,52,17,109,111,9,73,84,29,40,23,22,101,89,3,7,122,63
2,6
0,124,8,32,53,36,19,105,12,21,22,76,59,56,82,64,24,95,99,62,25,11,108,83,29,132,121,43,20,38,126,90,65,47,110,46,67,134,34,94,13,5,80,74,77,97,27,7,114,91,35,4,33,54,42,98,107,9,50,31,60,100,127,84,39,131,119,104,1,45,23,57,125,49,96,109,89,63,66,26,92,129,78,79,61,51,117,30,6,133,58,87,116,102,130,123,73,17,3,15,40,44,18,118,93,69,106,112,111,135,85,55,81,41,115,86,101,75,48,28,103,70,113,16,52,72,71,10,88,37,2,120,14,128,122,68
6,3
20,32,106,25,128,134,29,101,59,38,37,80,90,114,61,72,95,5,1,47,73,96,102,16,50,88,71,103,97,79,69,66,9,19,113,130,121,74,132,118,117,63,55,56,67,87,109,11,64,57,104,120,110,22,60,34,82,39,46,111,135,108,76,70,131,99,124,65,91,77,13,2,41,105,107,83,51,53,24,35,84,31,52,0,98,36,86,81,6,115,27,68,125,89,26,44,33,62,18,10,93,40,43,49,126,94,23,78,58,54,100,21,30,12,119,116,129,42,122,127,3,112,14,7,133,85,8,15,28,17,75,48,4,123,45,92
6,4
121,135,113,39,125,134,0,93,106,5,81,122,62,89,127,47,72,36,35,83,108,107,45,13,77,116,49,101,51,48,7,96,37,44,133,97,68,86,66,24,87,73,9,61,74,130,23,58,55,8,103,18,3,112,109,38,65,120,53,54,29,94,69,56,105,79,28,126,41,10,88,14,40,26,115,90,128,25,59,124,119,4,30,99,52,98,33,92,111,60,76,64,50,131,82,57,117,6,46,63,95,71,16,67,80,43,42,123,32,31,84,100,11,2,70,34,118,22,102,91,110,78,15,1,104,85,19,114,27,129,75,12,132,17,20,21
3,6
9,75,30,95,26,99,106,97,25,58,101,16,88,42,83,96,24,132,37,55,62,56,78,27,49,8,69,32,123,119,120,18,93,121,5,105,41,87,124,54,15,23,84,66,65,35,21,51,34,111,92,1,129,2,45,100,60,38,59,102,13,7,134,135,80,91,39,122,48,108,10,90,20,118,52,130,74,44,14,28,103,47,57,71,61,64,115,43,36,85,107,114,22,126,33,31,11,0,128,109,81,98,6,4,76,70,94,89,67,46,117,68,72,17,116,104,29,53,133,77,131,113,19,40,73,82,12,86,79,110,3,50,63,127,125,112
6,4
36,129,55,85,0,34,46,87,116,2,62,33,82,123,76,10,65,133,118,77,81,71,14,68,95,42,40,131,56,21,120,32,28,128,91,111,37,84,18,103,108,58,20,86,126,6,9,69,16,88,72,106,38,117,127,132,26,130,113,23,43,110,109,24,99,93,8,53,30,35,39,97,107,44,115,78,101,70,94,1,51,7,112,80,4,13,11,96,48,57,59,52,31,105,124,134,45,74,67,63,92,29,66,122,5,121,19,27,41,64,100,89,75,15,102,98,54,60,114,119,49,90,79,3,12,61,17,135,73,104,25,50,125,22,83,47
5,3
93,122,59,40,91,33,5,87,118,35,56,55,108,92,15,85,67,98,21,83,4,53,49,76,42,131,126,115,94,74,13,128,20,89,107,96,63,106,37,10,32,103,112,30,72,78,51,135,66,132,100,24,47,90,1,113,86,48,71,28,82,134,119,2,123,58,6,120,12,81,19,39,130,104,64,38,18,3,9,79,114,60,97,99,22,36,75,43,16,34,111,105,11,31,41,133,125,27,110,62,50,69,25,127,44,121,23,0,26,7,70,52,116,29,68,84,46,95,57,109,117,102,124,77,14,65,17,129,73,54,80,88,61,101,45,8
4,6
43,3,62,34,80,58,21,37,71,9,14,13,98,126,8,79,119,40,49,91,57,4,68,82,28,110,10,20,135,112,122,133,74,52,84,111,25,93,64,105,72,102,132,107,69,85,19,115,75,41,46,6,67,54,114,129,24,65,127,50,66,18,47,63,22,38,123,35,83,94,125,120,48,15,5,39,101,109,0,31,42,45,97,87,44,116,32,86,55,51,117,61,29,92,53,88,1,23,70,78,89,7,103,90,73,128,118,81,27,77,33,108,36,96,95,124,30,99,16,100,134,131,12,104,121,106,130,26,60,56,76,2,17,113,59,11
3,6
26,121,118,132,17,61,36,81,1,77,60,62,130,108,16,9,6,51,91,79,0,13,41,24,82,19,49,66,128,5,98,99,18,105,45,4,52,55,104,47,127,88,23,115,58,123,93,70,90,87,94,48,133,32,38,124,84,57,20,7,103,63,25,102,69,15,72,131,126,37,35,71,96,22,85,42,68,64,21,33,54,56,95,31,109,117,106,14,129,27,119,46,74,78,107,11,3,8,86,28,30,122,73,76,75,2,97,113,114,112,120,134,100,83,10,111,101,44,43,92,39,135,34,40,125,89,65,29,67,110,116,59,80,50,53,12
4,1
3,81,52,9,43,29,83,18,8,78,114,31,42,6,111,76,16,99,54,10,64,96,79,24,65,53,23,38,90,40,55,129,30,71,104,59,125,124,66,84,14,85,21,5,25,88,80,2,103,133,51,56,112,110,12,60,27,50,4,36,106,44,109,11,48,34,119,115,63,92,61,102,108,39,86,26,47,70,95,7,22,117,15,87,113,94,17,19,130,128,91,121,37,134,13,107,28,97,45,33,77,69,73,101,49,93,100,72,46,20,135,127,57,126,116,68,35,98,89,123,58,118,122,32,1,74,75,82,105,131,67,132,0,62,41,120
4,2
134,117,68,125,87,29,114,80,46,38,103,115,71,40,110,28,70,121,27,20,100,2,113,43,88,107,122,34,112,72,14,9,39,57,130,106,131,123,77,26,99,124,42,44,8,73,17,91,47,16,92,19,10,126,0,132,78,118,41,5,11,120,36,52,76,102,86,58,53,98,79,66,55,22,23,83,3,127,24,65,129,12,133,135,1,35,4,128,51,101,15,89,30,31,56,81,63,60,96,37,116,18,25,21,82,59,105,109,74,54,95,84,64,69,33,6,97,13,62,48,93,45,119,75,61,32,90,7,49,108,50,94,104,85,67,111
6,3
11,26,94,6,80,3,27,64,50,30,77,57,38,113,68,23,10,118,24,44,74,121,60,7,31,99,129,107,87,105,131,104,12,125,72,112,32,82,15,92,18,70,41,1,135,73,40,45,62,46,100,134,21,95,81,89,66,43,84,48,17,69,28,61,19,56,4,67,78,58,115,54,5,93,124,52,9,101,42,53,22,96,117,20,120,49,63,13,83,51,126,85,2,14,34,88,90,76,75,98,33,103,25,122,35,114,55,59,110,65,16,91,0,123,119,127,106,36,47,102,109,37,130,133,79,39,108,86,97,116,8,71,29,111,132,128
4,1
127,105,119,17,19,25,60,35,32,73,121,113,109,15,8,92,131,41,65,11,95,63,103,62,117,68,43,91,44,26,46,2,58,14,16,47,57,1,75,134,52,123,78,64,71,88,93,104,79,87,110,135,10,132,83,67,90,100,125,99,101,37,106,129,28,13,82,54,102,23,69,53,98,112,126,77,97,86,50,74,89,51,66,133,56,59,33,124,114,108,76,22,81,27,70,38,48,0,31,120,61,49,85,122,45,29,84,55,72,107,40,3,36,9,30,96,116,21,34,80,39,12,94,111,130,6,115,5,20,128,42,18,24,118,7,4
3,3
22,84,129,95,110,100,44,78,85,107,32,109,1,60,92,80,47,135,77,128,41,26,49,123,31,48,86,14,131,51,124,2,13,67,37,18,69,115,29,99,8,30,120,126,63,116,56,122,20,7,98,74,40,23,3,87,24,114,130,53,97,66,73,16,71,35,62,38,93,68,33,102,19,90,0,34,52,36,43,81,94,101,70,111,65,133,4,96,134,83,88,45,57,9,125,82,25,113,5,46,103,89,6,117,54,104,55,12,64,108,105,119,58,112,11,61,21,42,15,39,118,79,91,75,59,50,127,17,76,10,27,132,106,72,121,28
3,3
119,77,45,35,123,19,3,39,105,93,60,64,98,16,90,2,34,67,42,6,57,103,62,111,8,59,110,32,66,113,131,21,13,17,69,112,25,58,135,134,82,70,74,81,37,52,7,108,99,100,61,75,22,11,49,95,125,122,72,33,63,76,133,47,36,38,18,116,102,107,14,101,80,68,87,78,24,85,23,44,51,4,54,117,89,114,115,31,120,26,65,127,12,41,5,71,128,130,92,94,28,132,29,121,10,97,126,124,86,48,20,104,30,27,83,0,88,73,84,43,96,15,91,55,9,50,53,56,118,40,129,1,106,109,79,46
2,4
66,72,120,119,104,65,67,131,85,70,100,74,16,98,54,30,86,20,19,73,33,118,99,106,133,26,91,55,115,94,24,57,25,90,17,0,44,82,95,84,89,130,121,126,51,123,128,48,2,27,61,127,56,96,37,68,1,109,64,18,12,3,60,116,53,35,77,34,32,52,36,117,40,83,108,43,29,71,101,10,107,69,81,111,50,5,129,102,134,13,22,80,114,135,58,122,45,113,92,79,6,38,9,21,125,78,112,15,76,75,14,11,93,88,59,49,87,39,41,8,62,23,103,105,46,7,47,132,63,4,42,28,110,31,124,97
5,6
78,22,77,134,57,46,61,108,111,2,54,0,55,127,59,109,74,135,92,53,95,15,40,16,3,69,115,97,1,39,98,104,30,96,51,28,72,79,129,33,29,90,83,25,49,13,113,12,38,120,52,99,125,17,7,24,116,101,65,67,45,84,87,117,47,122,110,124,81,119,103,64,26,133,130,102,37,43,93,20,114,27,112,100,118,88,76,91,62,75,21,8,86,48,9,126,60,107,36,89,23,41,10,82,68,63,70,50,18,121,5,44,131,128,19,73,31,34,66,106,11,71,58,6,80,105,94,132,35,56,42,85,14,4,32,123
2,6
82,64,35,18,48,44,61,98,84,39,113,38,15,85,115,110,133,90,81,112,2,27,118,80,107,104,19,75,21,105,33,132,109,45,9,28,135,7,99,12,72,14,108,52,23,125,70,114,51,120,76,36,124,94,65,53,42,83,63,8,29,128,22,17,11,78,62,79,46,131,34,5,50,97,10,49,57,25,122,95,41,47,88,26,0,92,58,116,87,127,121,43,134,93,71,68,73,3,66,13,4,1,77,55,130,126,37,123,91,106,101,59,100,16,69,96,111,40,6,20,32,89,117,54,56,74,67,129,31,86,119,30,24,60,103,102
1,1
26,69,93,86,76,35,96,105,38,13,62,129,55,81,110,20,130,125,12,124,87,103,82,101,28,58,27,89,17,123,9,122,25,4,59,61,83,10,52,18,115,134,126,94,114,54,60,90,111,21,29,117,31,1,48,53,30,6,74,15,75,47,113,92,0,16,22,88,19,99,100,132,127,32,70,11,107,34,135,112,2,45,131,66,72,42,91,102,39,37,73,104,5,65,24,7,78,50,43,51,128,85,63,23,98,64,121,33,80,79,68,108,57,116,106,77,44,41,84,56,118,109,95,14,40,46,97,8,120,49,67,119,36,71,3,133
3,1
72,40,28,129,31,85,51,64,124,17,104,44,116,123,88,47,35,29,25,12,21,99,22,108,24,52,133,75,103,10,32,83,128,131,79,90,0,76,68,84,1,93,127,56,54,122,46,125,53,96,33,78,2,60,34,101,114,55,41,71,26,48,121,115,120,19,86,62,57,49,100,59,38,36,11,81,16,66,69,134,87,70,102,15,89,113,65,112,109,50,132,95,74,45,3,105,43,97,130,126,30,61,92,39,37,107,94,4,13,27,9,77,82,23,20,67,14,5,80,106,7,110,118,8,6,58,18,98,111,119,73,63,91,117,42,135
5,3
9,115,116,106,93,80,66,95,91,65,46,1,24,44,134,11,67,61,101,73,84,48,124,68,130,64,34,56,125,133,81,83,75,131,39,120,2,25,55,29,97,38,14,33,21,99,89,57,128,122,87,23,10,107,100,117,62,30,127,86,92,82,49,109,51,96,72,40,6,70,78,22,111,47,0,118,112,15,79,53,12,94,35,45,119,85,114,105,104,52,27,5,32,31,43,102,16,4,103,76,19,98,36,74,20,88,113,28,50,69,123,135,129,71,110,90,42,60,132,26,17,13,8,121,37,126,63,58,59,18,108,54,41,77,3,7
6,6
129,65,120,54,87,33,93,70,89,10,133,27,66,2,101,90,19,15,108,107,91,53,11,23,128,36,48,49,125,76,8,67,99,96,134,79,6,103,39,130,115,92,131,32,117,71,25,5,50,118,26,58,64,9,123,7,4,57,41,42,106,12,135,119,14,38,109,86,111,122,110,95,56,40,126,83,0,81,75,69,113,29,24,84,31,127,28,74,94,30,62,88,13,43,34,77,3,47,98,73,85,35,22,112,18,68,63,51,114,60,82,44,124,52,20,100,16,97,102,59,46,116,132,80,21,61,37,78,45,104,17,1,105,72,121,55
2,4
75,44,60,22,95,63,23,15,2,29,46,125,103,107,26,64,56,10,109,58,119,99,39,102,92,126,55,110,100,113,32,51,133,111,31,127,96,54,69,17,0,123,112,83,14,40,57,1,7,108,73,37,77,8,36,135,47,18,34,78,115,131,67,120,48,84,66,24,121,128,13,20,42,129,70,9,6,104,88,116,97,76,50,68,130,11,80,5,53,72,62,28,85,33,90,19,124,98,41,82,106,87,21,89,86,59,91,74,118,38,25,79,12,61,4,132,101,134,30,114,3,35,122,117,27,65,94,45,16,49,93,43,81,71,105,52
6,2
61,10,0,52,72,17,106,108,25,122,40,124,123,94,67,115,31,82,65,27,49,44,100,38,23,97,14,39,8,119,34,60,117,22,9,96,80,109,55,86,99,105,83,103,110,114,30,54,89,45,57,19,107,77,118,59,33,11,135,111,43,134,132,93,26,16,42,56,6,87,64,76,128,12,95,131,29,63,74,120,126,71,4,24,127,121,20,2,101,75,84,85,104,81,37,112,36,68,125,53,13,62,79,18,90,50,91,73,3,116,1,129,28,5,102,70,113,48,47,130,88,35,51,58,46,98,21,32,7,41,66,133,78,15,92,69
3,2
49,53,85,3,43,1,11,26,61,109,2,13,111,19,37,46,35,12,115,67,22,42,29,77,5,102,125,124,59,92,31,93,10,76,16,18,79,41,73,130,97,87,48,21,129,114,68,128,119,86,50,36,90,103,91,74,24,6,133,47,20,27,33,72,56,134,54,64,28,80,66,123,63,32,57,65,110,60,15,84,7,135,88,45,0,55,40,81,70,8,4,9,38,118,117,30,17,69,107,51,122,127,82,83,96,131,71,104,58,62,126,52,14,108,98,39,105,23,101,132,121,44,89,75,99,25,94,34,78,100,106,95,116,120,113,112
6,4
59,77,34,85,88,113,122,68,120,12,55,130,125,47,46,103,100,49,54,101,7,67,128,26,24,95,36,118,92,73,109,61,132,4,74,16,131,56,50,93,9,134,135,99,40,41,116,30,35,87,81,27,65,127,86,32,5,110,76,84,33,129,57,10,117,75,18,115,1,91,126,107,114,8,20,51,96,66,71,39,108,13,38,58,97,15,11,94,64,29,89,52,6,28,45,112,37,42,72,53,70,104,3,63,0,79,80,90,102,83,17,21,62,44,43,133,25,14,124,111,106,19,119,48,22,121,82,31,23,69,98,2,78,105,60,123
4,1
88,124,25,41,77,27,102,11,49,66,46,48,44,50,109,4,111,127,76,61,15,16,38,108,20,64,17,91,34,39,35,52,58,12,0,100,31,23,18,60,21,117,54,85,116,130,82,90,118,2,101,19,125,42,9,96,10,131,7,57,37,126,55,115,13,113,63,56,87,36,112,74,89,45,81,97,59,92,120,1,135,93,121,51,84,99,94,105,71,72,95,47,73,40,133,3,106,32,98,132,122,5,128,22,6,104,29,78,69,119,30,14,110,114,103,53,24,79,8,129,67,65,86,26,43,62,123,134,75,68,80,33,107,83,28,70
1,3
113,92,116,117,21,61,18,67,8,10,40,5,94,89,33,35,50,95,14,84,132,44,90,120,96,63,109,118,88,125,64,112,31,24,87,135,29,72,62,79,1,101,23,105,47,124,82,128,38,49,60,12,70,122,74,0,6,65,56,98,41,115,30,134,55,27,58,106,71,76,107,39,32,126,114,73,15,45,130,93,127,80,36,57,103,52,54,83,69,100,86,7,108,77,75,48,119,26,11,22,97,34,53,42,102,19,99,37,66,17,59,85,4,25,121,104,129,68,16,20,2,3,43,123,51,81,78,111,133,131,9,46,28,110,91,13
1,2
27,91,102,56,133,1,3,94,109,55,6,32,127,2,95,87,61,85,121,5,23,66,110,14,47,36,4,10,40,51,80,111,63,30,52,112,115,71,84,65,125,98,22,135,124,97,104,73,50,78,118,38,101,70,126,17,39,62,34,92,19,122,18,123,107,37,25,82,54,79,28,128,42,46,16,116,99,105,0,90,58,117,8,130,12,100,31,129,26,89,44,120,9,15,59,7,69,113,43,33,68,64,13,96,72,103,24,81,132,74,21,76,48,93,41,134,49,83,20,75,119,45,67,114,57,86,106,77,88,29,60,11,53,131,35,108
3,3
107,74,42,120,31,29,54,73,63,126,97,113,94,46,128,78,20,64,24,65,106,58,53,119,13,68,67,61,16,79,90,111,117,47,28,87,45,11,95,30,118,19,12,108,127,130,41,34,70,125,36,93,56,43,7,86,80,2,84,71,59,55,121,6,35,37,88,50,82,14,75,77,85,114,116,39,48,33,27,10,52,100,103,101,17,105,132,89,23,92,135,18,51,26,83,0,98,96,8,38,104,99,76,123,81,112,134,91,40,122,62,5,9,4,131,25,66,49,124,44,1,15,3,69,21,115,110,22,102,129,109,32,60,133,72,57
6,4
121,102,78,131,125,106,62,34,10,2,49,58,45,63,109,101,68,55,23,26,52,84,33,65,36,42,6,88,20,5,31,135,93,70,100,17,94,119,79,39,59,91,117,25,74,111,85,87,7,123,69,95,92,130,66,47,38,32,16,124,1,96,11,15,24,113,67,118,9,80,41,83,115,35,61,48,133,128,12,73,134,40,129,89,108,76,28,4,19,126,18,56,22,86,13,53,107,54,29,103,97,90,3,110,77,72,50,114,132,116,81,30,99,44,75,0,120,64,60,37,43,105,27,127,8,46,71,51,57,82,122,112,104,14,21,98
2,4
18,48,115,61,67,47,31,1,121,97,79,25,78,11,104,92,124,15,28,24,93,90,36,53,45,26,105,34,16,119,74,14,107,133,42,87,85,43,129,3,84,109,51,37,113,8,35,91,56,86,13,57,12,52,77,122,125,96,128,68,50,101,55,75,126,59,73,80,81,66,117,72,127,58,46,2,110,106,27,118,112,95,23,70,19,120,132,69,65,102,60,22,62,111,131,44,71,94,64,100,0,41,76,10,38,17,134,40,20,108,123,32,7,39,49,103,83,116,89,99,63,6,82,135,29,54,33,30,4,114,21,130,98,88,5,9
3,6
130,65,90,3,24,123,46,59,16,34,53,120,72,51,121,61,49,107,81,12,83,77,11,125,102,7,67,112,126,91,100,109,115,9,131,124,79,96,20,0,110,85,23,54,132,28,56,5,94,2,62,117,82,18,103,47,43,105,70,33,31,39,27,116,55,13,8,40,101,30,127,21,84,87,118,10,66,38,68,78,4,75,41,19,36,128,104,99,88,97,71,133,134,106,60,80,111,26,119,42,25,1,17,95,69,29,93,129,58,6,52,74,35,15,73,98,64,22,113,50,63,14,114,57,32,37,44,135,45,86,92,108,89,76,122,48
6,4
53,30,111,65,107,14,54,58,114,89,57,99,94,20,115,112,123,32,51,122,117,121,131,82,83,103,34,86,48,41,10,33,132,108,43,67,50,124,69,87,25,74,31,102,61,104,8,126,44,98,127,22,15,120,21,128,6,64,70,5,35,109,45,19,18,91,97,76,95,92,16,72,130,133,79,90,100,80,93,118,26,2,7,42,13,46,135,3,37,134,105,113,38,52,23,78,62,96,71,56,55,106,28,75,81,84,66,9,36,17,85,73,60,59,116,129,11,49,27,12,88,77,125,110,39,24,1,4,40,0,47,29,68,63,101,119
3,5
115,79,133,118,39,21,90,62,32,75,104,74,105,103,87,101,59,53,30,26,43,126,100,36,123,60,1,6,54,91,89,86,34,28,48,80,135,41,49,113,2,112,95,130,98,70,22,42,119,24,46,9,93,94,29,27,114,8,38,85,45,77,25,128,3,33,88,97,69,131,116,35,108,19,84,55,7,47,16,106,66,81,57,72,124,107,92,23,71,73,37,5,15,50,20,134,76,44,13,127,99,40,102,18,132,78,96,4,111,61,51,129,11,117,56,65,68,14,83,82,58,110,109,17,0,120,10,63,121,31,12,64,122,125,52,67
5,1
6,135,130,38,2,18,28,88,8,121,64,69,36,54,111,90,55,40,51,95,131,3,124,52,89,78,73,123,21,93,45,83,42,100,63,75,32,108,91,76,5,96,27,71,85,79,47,37,72,104,48,127,102,67,25,66,97,61,34,74,0,109,14,133,33,4,87,99,101,77,10,122,92,23,17,106,58,103,113,7,35,68,82,49,56,94,86,29,128,39,70,65,11,43,1,60,30,125,116,119,24,98,118,126,16,19,132,107,57,53,114,120,62,9,50,84,26,12,22,46,105,115,110,59,44,20,41,81,13,15,31,134,80,112,117,129
4,2
65,126,107,50,79,61,102,112,128,92,5,133,85,49,115,113,72,135,17,53,33,103,25,75,78,130,51,34,35,40,129,47,36,105,108,81,114,99,76,16,6,111,12,0,37,63,22,19,119,23,100,131,68,41,94,10,90,31,26,11,84,4,98,8,89,96,67,123,82,13,24,73,101,120,38,91,77,58,45,86,29,3,116,125,83,104,64,109,134,80,9,106,43,74,39,118,55,46,27,71,56,110,93,121,97,44,87,15,1,69,88,117,18,20,14,60,66,28,30,7,95,32,127,132,42,70,2,124,59,57,21,62,52,54,122,48
3,1
114,5,11,83,18,91,96,19,62,132,76,84,135,21,93,48,122,44,116,109,72,85,111,68,9,26,81,64,127,61,57,94,0,110,56,82,128,34,99,22,46,42,32,73,47,126,103,41,86,88,59,33,4,121,39,28,120,25,123,23,129,53,133,3,13,71,87,52,69,6,50,17,70,40,49,79,118,80,104,30,27,12,74,108,2,77,90,8,35,119,107,75,60,113,1,130,78,101,65,97,54,15,92,45,29,131,134,95,112,125,89,98,105,31,43,102,14,51,63,16,37,20,58,24,115,67,36,106,10,117,7,66,100,38,124,55
1,4
129,135,54,29,17,100,94,53,14,43,122,42,23,51,98,67,87,112,63,21,121,15,104,37,41,116,126,44,91,103,32,11,60,111,9,8,118,20,132,48,115,16,89,128,61,110,131,108,72,93,38,3,109,62,68,59,47,52,2,45,73,124,34,102,50,28,56,12,81,7,86,130,125,1,13,96,5,92,74,82,84,49,40,24,10,65,83,55,27,101,134,0,123,58,120,69,133,107,113,71,26,99,25,30,18,97,117,35,105,127,19,119,70,33,6,4,78,31,36,75,57,80,95,90,22,114,79,106,66,64,76,39,77,85,46,88
5,1
33,107,135,89,37,32,109,68,49,15,59,14,60,127,104,13,47,10,91,102,55,73,44,36,72,2,128,62,26,5,38,86,76,112,101,96,70,8,87,125,40,108,3,77,19,39,45,64,58,81,74,99,106,63,51,131,54,78,31,111,97,65,95,116,18,126,118,75,23,117,29,34,7,52,110,105,114,123,48,43,119,113,94,100,61,24,56,11,21,20,120,93,25,1,82,66,12,6,69,17,22,121,98,129,28,42,90,133,41,30,122,124,85,35,4,88,80,134,84,83,103,16,0,130,67,46,27,132,53,57,92,71,9,79,50,115
5,4
110,62,59,41,135,82,36,5,57,73,68,116,107,106,50,48,26,112,44,30,17,123,96,134,83,117,11,125,46,114,105,0,14,6,87,15,40,115,3,12,77,22,93,49,53,121,79,103,75,65,74,104,89,60,34,66,2,54,132,55,16,10,58,108,23,81,28,88,61,32,37,98,20,33,118,8,109,120,39,111,38,47,129,45,76,130,78,24,29,43,122,119,133,71,101,85,7,94,27,69,67,80,35,21,19,1,56,64,113,131,90,18,99,95,51,86,124,42,63,52,31,91,102,25,70,13,100,97,128,9,4,92,127,126,84,72
3,1
39,59,52,109,132,32,115,122,65,73,93,62,134,78,89,67,101,92,97,28,24,29,135,33,36,64,75,77,102,55,46,27,4,18,30,54,53,12,48,34,69,19,129,123,130,117,16,103,108,127,82,40,15,104,125,106,5,79,44,8,80,20,57,7,99,14,70,90,11,10,31,81,63,126,42,47,68,91,43,133,87,61,3,41,105,50,66,86,25,51,98,131,110,56,107,23,71,100,124,76,45,60,22,83,13,118,35,121,9,112,2,85,6,128,88,72,0,94,26,120,49,96,37,119,1,84,95,58,114,17,38,113,116,21,74,111
3,4
98,88,10,14,134,44,21,86,35,107,51,46,123,41,53,120,124,52,31,15,26,117,114,39,105,116,112,119,9,66,95,103,83,2,65,55,118,96,113,25,59,50,87,121,84,110,100,30,20,8,32,3,69,104,106,61,0,82,49,19,108,38,47,109,23,48,85,132,11,13,81,128,33,34,115,126,135,72,5,91,70,56,37,111,24,75,102,62,28,42,22,60,12,71,18,94,92,54,97,43,131,76,67,45,90,40,133,64,58,27,63,99,89,7,130,16,36,101,29,77,79,73,74,125,78,6,129,57,93,1,4,122,17,127,68,80
6,5
105,44,43,36,65,33,76,82,74,87,79,67,57,50,59,120,115,13,118,7,23,111,34,119,103,58,100,21,107,77,38,109,75,26,62,52,49,5,73,48,132,102,101,28,1,64,4,110,129,60,80,106,12,54,114,46,86,8,83,18,127,117,10,29,85,97,53,95,35,116,3,27,56,126,6,30,63,32,99,112,70,135,128,37,121,96,122,133,51,92,89,0,69,20,24,11,98,84,108,22,94,123,90,45,91,39,15,19,78,81,61,41,131,124,55,68,47,9,71,125,66,93,14,72,130,25,16,42,40,17,31,88,113,2,104,134
4,5
118,86,107,81,40,126,29,20,49,120,72,8,131,127,122,22,5,113,111,112,121,75,96,106,133,84,97,78,91,110,64,73,35,57,18,68,17,54,77,39,115,48,129,15,24,53,26,70,27,13,41,31,119,93,67,130,12,87,95,128,3,76,102,98,55,79,44,11,105,116,69,38,28,132,66,134,65,124,104,61,33,80,43,89,94,16,52,46,92,71,88,108,123,125,34,37,2,36,85,14,101,9,7,51,58,114,32,4,10,50,117,62,103,21,0,47,19,1,25,6,45,59,90,82,23,135,42,83,60,56,74,30,99,63,100,109
5,6
131,93,82,100,135,121,5,71,51,69,109,50,118,6,4,44,77,48,66,64,72,119,95,25,47,129,58,59,90,114,89,120,42,80,23,45,27,30,70,38,35,20,101,37,61,76,19,87,0,39,55,130,62,108,97,33,132,7,103,46,11,63,105,32,107,112,52,124,18,49,54,127,133,53,91,34,128,84,16,98,9,96,116,14,12,81,86,110,29,126,15,36,28,26,125,92,22,85,74,134,83,3,79,78,99,67,113,111,73,43,10,17,2,106,94,60,65,13,75,40,102,21,31,117,56,24,122,115,68,8,1,88,57,104,123,41
1,5
81,68,30,84,90,38,11,113,3,67,104,75,0,134,107,85,61,4,51,16,48,19,108,13,111,131,34,62,73,31,122,9,133,43,29,103,101,121,119,28,130,12,132,25,116,71,93,44,27,53,82,32,40,60,35,74,52,83,87,114,115,127,7,94,47,98,124,15,118,106,1,99,109,20,126,64,39,23,26,17,66,72,70,96,120,79,54,128,117,58,86,41,129,100,6,80,45,18,22,10,78,57,21,92,105,76,14,2,77,56,123,42,91,112,49,65,5,97,50,36,89,24,69,55,102,59,46,88,135,63,37,125,33,8,95,110
1,2
72,1,86,30,51,102,17,32,131,23,77,99,26,58,50,15,24,121,120,90,103,38,55,18,47,101,108,135,40,10,12,19,34,74,134,49,92,104,128,82,70,94,61,95,11,60,79,89,36,2,116,39,16,45,13,129,63,126,0,85,97,110,98,53,64,21,37,119,96,3,22,76,84,67,93,71,28,91,43,117,20,109,54,125,65,75,35,69,132,62,81,88,29,14,115,46,52,118,112,107,68,127,57,9,44,42,78,33,31,59,66,105,56,111,114,122,8,123,133,27,41,4,73,130,100,83,87,7,80,6,48,124,25,5,106,113
3,1
30,69,27,41,68,115,52,123,2,97,96,72,87,48,22,99,38,120,104,90,85,95,116,98,59,42,49,129,51,101,126,113,7,35,37,55,44,132,80,0,8,32,24,28,65,57,106,18,15,82,62,33,76,86,10,108,91,110,13,109,78,21,71,128,118,12,81,66,111,63,4,43,135,29,88,1,46,124,11,34,121,25,70,79,114,119,9,14,103,3,40,5,6,92,93,75,127,73,94,125,60,84,20,16,64,50,19,83,107,54,39,23,61,53,74,67,47,56,130,31,17,36,102,117,100,131,89,77,26,105,45,58,112,133,122,134
4,4
64,122,34,127,82,75,47,59,116,120,41,29,7,38,52,1,12,10,96,125,53,18,78,13,91,111,32,103,100,113,60,0,30,128,85,83,42,31,71,28,27,51,112,86,107,81,33,106,63,46,80,130,39,57,20,25,43,3,45,108,99,126,6,124,77,76,131,26,135,24,79,61,55,74,22,72,84,2,37,87,23,15,5,68,58,97,92,110,17,4,117,123,67,8,16,95,9,54,35,109,66,44,11,133,14,104,49,48,88,105,114,102,129,115,121,56,94,73,89,70,98,93,65,62,132,19,101,21,134,119,40,36,90,69,118,50
4,3
119,65,133,36,4,122,43,118,70,101,50,13,47,10,69,52,64,72,97,107,124,109,92,108,94,48,100,106,27,15,18,95,49,25,44,62,126,39,24,121,37,32,102,33,28,38,90,20,5,134,125,87,7,76,111,51,105,17,117,99,34,59,9,104,42,0,85,68,83,78,1,19,89,26,120,3,82,116,84,110,60,128,77,132,46,6,113,2,91,103,23,115,93,22,114,58,123,88,21,30,11,86,35,67,16,96,80,135,79,130,66,41,74,73,29,53,81,61,40,57,55,63,14,31,71,12,127,129,112,8,45,75,54,56,98,131
5,5
18,110,6,111,69,9,24,122,108,3,128,95,107,13,116,56,23,80,55,72,11,67,106,125,39,98,66,48,76,74,47,118,30,134,117,49,77,73,75,19,63,68,82,81,42,27,35,16,45,96,132,71,53,84,25,37,109,78,119,124,135,5,102,41,14,38,70,54,99,46,113,33,121,62,51,61,103,26,20,114,8,126,64,60,86,0,4,92,79,89,40,2,31,59,43,101,44,22,1,50,57,29,58,87,32,97,127,104,91,83,133,34,21,115,52,94,112,123,7,130,105,100,15,10,90,28,93,36,85,129,65,88,120,131,17,12
2,3
45,132,28,101,114,70,4,56,7,40,93,110,108,66,24,118,111,84,17,18,26,85,33,74,52,8,29,71,115,77,41,124,6,59,98,10,9,86,100,123,88,105,50,72,126,47,95,67,3,112,131,60,129,125,2,79,27,120,128,117,78,135,121,73,107,22,133,53,43,42,23,106,39,76,49,122,99,46,0,55,54,34,96,51,61,75,91,81,82,14,109,44,68,103,113,127,63,97,87,16,31,11,58,57,69,1,104,36,92,119,12,90,30,102,5,15,25,13,21,94,89,116,65,134,19,38,130,37,80,32,48,20,64,83,35,62
2,4
17,42,31,131,69,62,71,55,7,3,83,79,124,41,94,14,4,91,104,67,133,60,98,120,76,100,27,22,24,32,72,57,107,46,39,75,90,132,102,25,6,18,53,129,106,101,111,126,99,125,70,33,78,77,74,123,93,8,122,35,28,52,130,127,115,54,114,118,16,1,50,61,56,110,95,108,19,26,117,10,68,23,85,38,86,65,5,84,43,29,87,20,37,96,66,49,97,58,105,89,92,121,88,0,44,63,36,45,113,48,40,116,80,73,51,12,30,64,135,9,119,81,2,109,128,15,34,13,11,59,112,134,47,82,103,21
5,3
2,117,7,3,72,74,18,24,40,11,55,4,32,65,123,41,95,19,101,23,84,36,81,27,0,118,97,121,79,85,103,122,120,91,69,98,68,5,20,63,43,128,115,62,59,44,113,16,132,48,46,13,77,52,88,57,56,1,25,9,49,94,12,106,10,35,80,131,70,15,96,22,37,125,102,83,112,126,116,119,99,90,67,105,133,114,134,111,6,51,8,34,135,78,47,21,86,38,108,50,17,26,73,66,100,29,64,61,14,107,93,75,127,104,76,42,109,39,31,130,30,129,58,87,92,28,89,60,54,124,45,71,110,33,53,82
5,6
60,66,21,48,46,90,8,94,68,47,31,20,4,49,129,35,14,30,118,113,54,53,108,89,110,51,27,15,96,130,97,117,7,36,38,103,98,127,67,29,92,41,45,85,100,107,80,40,17,25,65,19,11,119,12,9,106,43,69,23,71,50,83,70,86,37,77,135,78,44,63,121,104,24,105,120,64,124,115,5,75,132,81,18,62,128,122,42,74,34,131,22,114,1,112,56,58,61,111,26,88,13,101,91,123,82,95,32,126,2,10,39,116,134,59,79,133,72,73,3,52,6,57,87,93,99,16,33,84,28,55,76,109,0,125,102
6,3
19,104,106,47,13,34,68,12,119,9,56,103,33,28,69,65,16,90,86,64,121,3,84,88,24,51,112,77,1,4,74,61,0,105,102,101,55,36,107,21,39,23,94,40,89,120,80,48,54,117,58,98,66,92,108,26,50,72,5,59,124,22,70,52,81,97,53,27,8,10,67,134,20,31,43,15,45,6,60,76,79,49,132,2,118,113,30,116,123,57,38,95,75,11,83,32,37,7,99,127,46,18,82,41,111,131,35,126,91,85,100,14,62,25,63,44,133,109,17,93,125,135,71,122,114,110,129,78,128,42,115,96,73,130,87,29
3,4
134,32,48,30,67,132,18,0,42,11,62,9,52,89,88,127,76,15,91,119,94,102,123,41,7,39,13,99,3,121,8,86,31,77,103,110,84,113,2,45,20,57,131,75,111,78,14,130,128,69,6,79,112,37,28,109,135,93,35,81,108,116,50,95,17,72,98,92,87,73,43,33,10,124,36,125,5,105,101,51,90,68,56,97,80,12,83,100,38,85,70,26,129,71,117,23,122,46,63,53,19,96,58,126,61,40,4,133,115,22,64,21,118,106,24,49,27,44,16,82,107,114,104,65,120,59,66,55,25,74,47,60,34,54,1,29
4,5
34,87,125,57,38,19,92,100,80,115,90,68,135,43,99,63,124,132,76,101,113,8,30,120,112,37,104,47,10,103,70,66,114,60,23,17,20,11,22,82,116,130,105,109,59,121,111,1,7,2,32,41,72,117,123,3,33,28,40,42,69,81,45,91,24,21,67,134,108,98,122,107,126,35,56,71,73,133,85,83,53,0,26,97,44,52,58,9,75,77,6,94,88,18,55,106,4,25,36,54,65,127,13,27,49,93,119,31,14,12,46,86,84,95,89,128,39,79,62,61,16,48,102,96,74,110,15,51,5,64,29,50,131,118,129,78
2,2
115,48,51,19,126,101,91,72,21,20,50,22,13,9,104,10,17,125,18,36,33,99,127,46,67,109,60,34,107,47,27,80,39,29,53,82,37,85,4,83,112,88,35,56,32,30,122,121,135,105,59,89,133,134,98,113,103,45,123,15,76,40,11,8,130,66,69,87,86,64,28,95,70,25,111,55,94,73,57,12,52,78,0,68,118,102,3,92,5,2,44,110,97,84,128,65,71,116,23,24,108,79,1,81,16,14,132,114,38,26,90,42,77,58,6,93,120,131,43,129,7,74,75,63,31,106,124,119,61,100,117,96,62,54,49,41
3,3
56,28,100,55,79,74,62,120,93,76,19,98,2,86,68,54,117,45,52,5,91,60,108,124,95,34,22,14,43,101,40,9,85,3,107,133,12,23,122,77,47,27,37,125,17,104,48,67,73,78,41,49,53,57,129,20,7,110,81,18,135,29,39,25,88,102,21,111,112,80,0,6,36,128,97,64,89,134,70,63,15,123,38,33,119,94,87,24,58,72,116,66,99,16,106,51,59,71,44,130,13,96,30,115,105,61,26,103,65,31,83,46,82,132,10,75,126,90,69,1,118,42,50,4,35,32,127,92,84,109,8,131,11,114,113,121
3,4
28,0,59,41,68,83,81,35,15,32,4,26,38,22,123,116,56,121,37,62,58,47,69,131,8,95,122,107,7,21,5,66,55,110,93,91,99,94,132,124,25,30,72,77,105,16,86,126,60,24,31,51,46,54,79,1,89,23,80,71,111,87,52,118,49,125,92,18,114,76,27,43,48,39,6,13,12,78,88,112,65,33,57,29,63,14,75,50,17,40,119,104,45,101,44,117,84,134,36,135,128,53,82,133,85,64,3,61,97,130,100,9,20,73,96,34,115,102,108,42,70,74,19,109,127,2,113,98,103,129,11,106,10,67,120,90
4,1
72,15,86,98,120,62,32,127,59,55,117,84,73,121,135,129,119,94,43,27,44,101,106,34,80,123,18,38,124,92,89,63,68,79,23,48,70,17,128,76,102,91,26,19,8,109,49,14,25,134,31,20,87,116,114,9,111,54,132,130,30,11,67,69,12,4,99,51,36,45,6,88,24,115,65,97,35,107,46,3,108,10,13,122,71,112,61,52,5,42,118,58,29,2,131,41,22,95,60,100,126,50,96,53,103,113,1,33,83,85,110,66,105,0,81,125,57,21,74,75,82,7,56,47,39,16,78,28,77,64,104,40,37,133,90,93
5,6
71,14,89,76,36,122,108,19,96,28,82,133,117,62,74,13,26,102,134,135,115,64,95,88,20,25,78,103,99,49,111,125,67,18,4,39,75,77,56,53,9,97,116,34,63,24,130,79,121,83,105,107,68,106,30,29,66,35,32,58,81,131,37,110,44,127,5,17,132,51,3,45,100,43,124,118,80,119,69,22,0,27,123,87,92,85,57,15,128,46,48,60,91,73,93,41,61,1,98,23,86,114,40,101,8,11,109,33,120,38,21,70,55,59,47,52,54,10,7,94,129,72,42,104,12,84,16,2,126,6,112,90,113,50,65,31
4,5
49,62,130,78,24,60,53,113,17,44,9,98,76,129,105,19,13,85,90,99,132,7,95,73,56,81,41,108,42,4,86,3,79,34,32,45,109,117,40,69,48,131,0,100,116,104,58,84,92,77,37,5,23,103,121,106,50,46,10,68,112,133,11,30,89,71,107,39,57,134,26,36,2,63,20,6,118,101,8,38,31,97,12,66,91,51,64,124,114,52,47,15,43,65,33,120,29,61,1,93,88,96,123,74,87,111,70,59,110,22,25,135,27,127,55,67,35,125,82,128,126,83,21,18,119,122,94,28,80,14,72,115,102,75,16,54
6,6
100,22,12,108,129,25,67,115,27,48,5,112,33,61,76,121,21,54,134,57,31,36,20,9,96,42,104,1,3,106,64,131,127,14,94,63,44,0,124,81,62,89,16,103,51,77,132,72,92,111,15,6,91,35,122,93,66,28,19,105,46,24,78,70,97,47,4,56,60,11,101,68,65,69,86,75,8,74,32,98,88,34,7,40,119,116,120,49,99,52,18,95,135,38,84,85,71,26,80,125,13,73,110,37,107,10,113,53,90,118,45,133,2,87,23,82,126,128,30,117,50,79,17,29,55,58,43,109,114,41,83,39,123,59,130,102
2,4
94,126,124,4,87,8,66,33,19,91,113,72,53,46,43,106,105,97,23,93,101,28,127,5,114,117,52,3,67,107,132,20,121,64,76,77,70,50,1,22,103,38,29,35,34,36,37,83,112,89,27,42,26,125,21,129,95,14,115,54,79,62,11,15,41,24,9,74,116,88,82,90,2,17,7,58,47,84,30,130,51,85,63,78,96,108,49,81,31,65,57,59,102,61,12,109,128,92,6,10,110,71,133,16,73,0,18,119,80,45,111,131,75,39,104,44,99,56,135,68,25,55,134,40,32,118,122,60,100,120,98,69,13,48,86,123
5,1
45,26,120,60,18,15,92,10,116,68,108,95,87,127,37,101,63,48,36,112,33,31,2,29,123,74,34,94,23,129,71,103,46,131,54,130,84,25,73,75,115,62,80,135,81,76,39,97,111,24,22,32,109,85,50,90,83,41,14,122,4,21,59,118,82,98,57,79,6,55,47,42,77,28,20,105,13,12,134,64,9,19,78,69,86,61,65,107,99,96,58,128,49,125,114,51,17,102,91,110,100,93,40,11,3,35,30,117,16,8,5,0,121,133,132,27,43,52,89,124,72,113,7,67,104,38,119,44,53,88,1,106,126,56,66,70
4,4
55,83,46,33,56,100,86,105,95,126,17,121,59,6,22,53,113,84,23,114,34,65,93,134,97,68,40,115,15,16,20,122,42,58,32,99,118,1,47,89,29,120,111,41,13,38,106,90,74,73,67,18,30,3,48,8,12,92,135,64,96,39,98,119,79,128,66,70,62,52,71,82,25,14,107,91,125,94,63,28,36,132,72,2,103,21,104,4,127,37,88,43,85,51,5,54,11,87,131,76,24,35,45,57,77,80,44,50,117,133,130,81,26,112,7,60,78,101,69,19,31,123,102,49,0,10,124,9,129,110,75,116,61,108,27,109
4,6
28,47,114,10,115,102,76,22,25,118,4,108,93,74,122,50,106,98,67,65,92,34,27,42,123,128,110,56,5,97,81,55,35,121,120,9,0,107,16,86,40,63,64,8,113,49,70,94,6,132,111,58,19,133,90,116,61,77,43,105,71,60,124,46,26,101,119,1,85,2,53,99,3,75,126,59,44,11,29,38,96,72,20,130,83,79,62,89,135,87,14,91,95,12,69,48,24,73,41,15,88,103,80,31,39,36,30,127,17,18,129,104,37,112,131,32,33,7,117,57,100,54,109,21,51,13,23,68,45,134,125,52,66,82,84,78
5,5
33,68,48,3,32,102,75,63,17,25,130,73,84,114,106,67,30,109,135,115,4,6,19,125,54,112,111,119,15,9,23,66,92,11,35,21,94,133,116,12,28,22,89,81,117,43,55,8,88,107,83,65,79,57,91,99,40,61,97,1,80,105,127,20,0,72,108,44,104,113,51,64,121,126,42,101,29,118,53,56,98,2,10,46,77,131,59,37,122,18,27,24,26,14,41,95,13,70,16,85,134,34,39,90,58,132,50,36,49,38,120,47,103,78,128,124,71,31,100,96,45,7,123,86,60,110,74,76,69,62,52,87,93,5,82,129
1,6
48,14,61,72,31,27,16,87,109,66,45,6,88,133,56,101,97,9,19,54,111,22,103,47,132,43,83,21,93,114,34,11,125,44,18,79,128,32,28,35,68,123,59,52,0,46,13,38,37,99,41,4,121,8,20,60,65,57,53,69,98,116,73,12,92,120,100,89,71,124,36,30,15,129,70,77,62,2,102,58,131,33,122,85,64,29,76,84,5,82,81,63,80,26,127,1,113,110,126,78,74,50,40,7,39,86,134,3,135,95,105,96,112,17,75,94,23,67,91,42,115,104,49,117,107,90,118,55,106,24,108,10,25,119,51,130
3,3
11,115,70,36,18,121,128,103,58,101,112,67,44,14,35,71,6,113,79,110,52,42,123,37,92,46,109,66,2,114,96,9,133,117,131,29,127,102,86,130,27,38,94,15,120,45,21,64,51,98,61,60,69,78,26,108,122,48,0,83,63,93,49,23,116,90,62,85,87,119,125,50,99,55,57,106,19,95,91,1,13,7,39,4,77,43,126,54,84,5,107,53,30,24,34,56,47,72,73,135,12,41,32,8,105,88,20,16,76,25,104,97,28,22,81,80,74,89,129,3,59,75,68,124,33,65,31,132,111,82,40,134,10,17,100,118
3,1
110,132,37,66,14,97,74,32,65,42,26,99,3,108,94,60,36,128,61,54,50,64,21,87,88,23,48,119,121,8,33,76,69,5,57,24,7,51,133,112,102,17,122,135,39,40,11,13,9,80,134,49,96,131,77,92,31,28,123,41,98,78,85,4,27,83,126,55,118,95,113,67,116,125,130,59,56,47,10,129,19,45,46,107,120,2,111,90,127,16,71,114,20,12,115,109,75,70,1,89,25,38,105,30,79,22,73,0,44,52,43,84,103,72,68,81,29,53,63,124,86,104,18,58,106,15,100,93,34,91,101,82,62,117,6,35
4,3
17,125,68,126,55,96,74,89,123,88,59,36,113,76,131,124,44,23,2,42,128,119,134,60,57,39,4,80,99,3,28,127,13,16,9,116,110,52,45,81,62,71,1,129,93,120,47,101,14,11,92,85,87,21,31,54,83,132,46,100,66,22,122,33,118,78,50,58,61,102,84,7,40,135,90,53,70,26,56,77,34,86,41,94,112,65,75,69,5,79,51,64,25,29,38,91,133,32,109,73,35,130,107,82,108,48,95,20,111,0,37,18,106,30,114,121,10,105,98,6,19,24,27,67,72,103,43,97,8,115,104,63,12,15,117,49
6,5
36,81,65,109,116,97,50,91,118,93,90,75,124,86,35,9,44,55,105,31,102,101,52,130,13,3,51,76,58,126,12,38,112,10,27,46,16,21,78,73,103,18,110,63,71,56,62,72,117,84,29,6,54,47,59,23,70,67,14,30,122,53,119,133,64,125,40,85,120,57,2,95,106,128,107,32,89,77,25,48,88,60,37,26,115,33,20,42,17,45,94,24,22,127,111,8,43,99,87,131,96,83,1,34,113,68,11,4,0,66,129,100,61,104,39,79,114,49,19,69,74,123,121,41,132,15,98,7,80,92,134,28,82,135,5,108
6,2
87,58,63,76,101,44,26,34,107,29,70,122,98,9,79,134,53,110,30,18,52,126,28,131,127,99,32,49,121,102,82,4,59,90,65,27,132,100,43,77,115,118,57,74,108,96,42,0,33,84,103,97,128,64,92,23,3,22,93,75,40,105,25,7,68,91,135,109,66,24,54,60,37,8,94,38,17,19,56,48,89,35,10,72,80,83,11,133,88,114,130,47,61,113,95,16,31,12,15,41,50,1,6,51,36,67,55,123,112,124,86,21,39,45,2,106,81,73,116,104,62,78,125,5,120,85,129,14,119,111,20,71,117,46,13,69
5,1
42,135,19,25,86,9,63,21,125,54,78,47,38,98,92,12,97,130,106,34,41,55,33,107,22,111,129,64,7,27,87,93,133,46,60,48,29,45,96,10,94,102,3,14,95,108,0,128,70,134,67,74,79,121,123,71,81,16,77,127,131,104,112,80,8,56,120,43,13,103,50,61,39,65,91,4,24,119,69,90,57,31,116,49,30,122,73,75,89,51,72,101,100,52,28,66,117,40,44,18,114,105,124,11,83,20,110,35,118,53,62,85,15,113,132,26,2,126,5,115,17,6,1,59,99,68,109,88,84,82,23,76,58,36,32,37
6,2
81,120,27,126,25,113,129,111,118,10,87,44,62,16,67,68,8,109,132,4,117,125,60,61,103,29,13,71,28,43,49,85,82,26,18,70,38,130,22,48,24,96,95,0,65,7,77,50,51,89,6,30,90,32,116,74,110,86,37,36,1,57,52,105,41,106,84,104,58,108,135,75,78,93,3,69,12,122,2,55,79,11,46,115,59,21,15,20,107,45,31,66,63,33,114,72,97,123,99,92,56,134,19,131,14,39,128,112,101,23,47,133,5,80,94,34,83,73,42,40,88,54,119,17,124,98,76,102,121,64,127,53,35,91,100,9
3,2
97,68,114,122,25,19,12,46,50,105,79,18,31,69,9,135,55,53,86,74,59,6,109,115,101,32,134,92,91,17,20,94,64,85,42,108,130,90,1,39,125,35,87,11,119,37,27,5,133,82,44,77,98,2,21,80,123,124,70,62,28,128,71,93,96,95,129,16,34,57,13,7,116,3,126,88,102,113,10,49,22,72,30,0,26,15,103,121,45,67,120,78,99,112,60,56,33,41,65,58,127,84,52,36,73,4,110,23,63,47,107,40,106,29,43,61,132,76,14,38,111,104,48,83,131,118,89,66,75,24,100,81,51,8,117,54
5,6
85,134,82,74,87,106,113,63,35,101,118,86,83,69,31,61,43,77,88,48,41,51,18,99,3,15,40,67,39,60,30,93,42,92,110,45,64,7,19,44,124,131,123,4,49,57,109,26,50,33,71,6,27,68,0,114,5,56,120,24,108,127,22,104,13,78,90,79,32,121,96,28,89,36,38,23,16,2,103,76,46,107,81,8,100,52,126,84,47,112,20,25,21,1,53,132,75,12,58,80,129,135,130,59,62,115,17,97,10,37,117,119,91,125,98,73,70,111,94,72,116,95,65,54,122,66,11,55,14,34,102,105,9,133,128,29
1,3
64,39,49,63,129,54,31,99,107,128,18,43,93,11,130,57,95,116,2,80,85,50,37,111,27,0,10,104,123,16,102,83,75,28,84,119,118,82,30,47,26,53,105,4,13,52,73,9,134,115,113,92,44,66,77,3,88,15,97,33,131,86,98,21,42,87,79,60,48,46,23,103,110,6,94,12,45,25,17,36,101,56,78,124,40,55,89,14,135,7,67,132,70,24,112,58,133,29,120,38,126,22,96,59,72,127,69,68,90,71,117,109,76,114,5,74,1,35,100,125,19,108,41,61,62,51,81,121,34,20,65,122,106,8,32,91
2,3
98,25,0,68,114,40,97,94,117,87,54,29,24,60,70,82,30,35,64,92,27,51,104,22,76,63,80,4,69,48,134,9,90,130,65,109,46,12,101,108,13,33,107,131,45,111,132,116,28,50,59,3,84,47,113,55,8,133,129,20,78,86,71,36,6,7,103,72,26,121,5,38,56,67,125,120,17,93,16,110,53,95,85,83,123,43,15,1,127,37,75,21,89,39,79,105,18,32,81,91,102,62,106,52,61,135,100,42,58,96,44,115,31,34,73,2,124,119,77,126,118,10,74,11,41,57,66,14,128,19,99,88,23,112,49,122
4,1
