93,62,78,108,15,115,48,86,75,19,13,2,103,1,79,128,96,60,82,117,16,134,39,21,85,41,67,95,7,40,27,50,84,81,120,28,33,68,129,76,11,3,36,122,135,80,112,109,45,106,121,54,42,23,31,47,118,99,119,132,77,53,46,17,4,114,124,83,49,65,91,57,133,101,127,63,94,71,66,87,20,89,116,9,37,88,52,32,113,29,0,74,14,30,97,107,24,51,90,34,111,64,110,58,59,55,18,69,12,44,5,26,98,123,105,70,126,130,38,102,22,6,72,61,10,73,104,25,35,100,43,8,56,131,125,92
5,2
124,36,33,110,80,109,69,15,106,116,59,81,112,95,89,119,17,74,117,46,42,93,22,62,19,26,40,94,98,10,34,49,30,76,111,45,97,125,83,133,18,16,123,54,86,135,25,13,29,128,64,41,91,85,39,66,72,6,51,23,77,14,44,92,108,87,122,127,28,2,84,56,0,102,99,82,68,104,132,27,130,61,75,107,73,9,50,52,47,134,37,121,100,32,21,70,43,55,115,101,20,57,78,48,63,4,96,24,90,31,71,8,58,11,120,118,88,129,103,79,5,60,113,1,53,65,114,131,7,126,35,105,12,67,3,38
1,2
105,69,84,58,0,29,118,99,25,66,73,129,76,13,124,87,24,78,85,70,101,116,68,27,88,112,110,67,46,96,42,123,92,79,15,21,22,111,77,75,34,83,1,11,31,62,48,23,91,3,132,39,121,65,95,64,55,6,120,90,103,125,19,98,94,104,12,82,36,47,43,80,63,131,126,109,4,28,56,53,33,16,51,127,20,133,49,32,9,134,61,102,122,26,113,108,107,74,41,10,8,37,81,119,89,45,18,52,14,40,128,97,38,5,71,135,93,115,106,100,7,50,2,60,57,35,17,114,130,54,86,30,117,44,72,59
3,6
39,30,35,133,81,87,120,109,71,121,111,90,29,70,68,98,56,8,59,89,115,74,3,76,55,77,128,100,12,33,44,53,47,64,93,130,50,16,88,54,66,26,31,108,117,132,116,125,85,21,65,119,28,10,99,4,60,124,79,82,91,19,41,92,9,106,6,86,114,37,112,45,80,129,83,15,58,84,14,1,135,40,72,36,22,107,24,105,38,63,75,67,52,104,49,20,34,42,43,0,101,102,122,96,18,7,113,5,25,73,46,13,27,123,103,127,11,118,94,131,62,126,57,110,32,48,78,134,61,69,51,23,95,97,17,2
4,4
106,78,11,27,130,24,17,132,90,31,75,122,84,2,105,114,65,127,118,94,97,45,124,76,88,121,16,135,39,102,36,134,47,61,126,116,95,100,66,10,56,52,29,53,107,119,125,57,70,113,8,62,83,30,63,58,109,7,81,3,115,54,79,99,128,23,13,49,104,68,133,117,20,15,55,19,42,129,74,48,18,37,91,35,40,80,72,131,86,59,43,112,101,28,12,69,92,26,98,50,120,103,93,64,33,46,73,123,41,25,108,87,34,110,9,5,22,0,60,67,51,71,6,77,32,4,96,14,44,1,111,82,85,21,38,89
6,6
24,47,3,104,20,121,42,52,115,105,37,4,64,38,16,62,8,116,28,102,57,127,11,59,23,34,95,93,12,111,106,89,87,77,51,9,86,40,35,30,19,33,72,74,15,112,80,17,91,92,67,97,94,110,6,124,13,0,119,25,45,48,44,123,117,120,22,60,132,10,125,81,98,5,133,65,134,61,114,70,56,63,73,109,71,101,49,41,126,21,43,82,96,58,85,83,7,79,29,100,26,14,39,131,75,113,130,66,18,88,69,84,54,118,2,50,55,99,53,68,32,122,46,76,107,36,129,103,135,1,108,90,27,31,78,128
6,4
130,4,3,129,46,50,84,0,25,43,26,20,120,109,8,80,119,121,110,12,96,41,93,98,95,116,100,61,5,77,23,34,21,117,72,97,75,54,13,15,122,2,70,53,125,73,118,10,127,88,29,105,57,133,64,91,87,37,85,60,123,103,132,45,39,58,107,128,90,7,83,42,52,24,135,59,32,55,82,74,33,40,114,14,71,31,56,106,102,35,134,1,11,92,79,62,18,108,68,115,49,101,44,67,111,81,86,66,22,28,65,78,112,69,104,38,99,113,30,36,17,48,131,51,76,47,94,126,9,124,16,6,89,27,63,19
6,2
35,65,93,81,120,84,125,56,132,124,57,85,128,73,8,49,6,17,103,130,7,115,18,114,108,100,4,46,89,22,126,51,107,3,71,16,40,53,134,9,67,72,42,59,32,36,29,74,105,131,101,79,45,66,104,87,54,133,121,117,25,91,2,70,92,37,60,113,122,5,11,13,83,98,19,75,88,55,41,69,96,33,34,111,118,77,68,135,1,80,127,123,38,94,116,110,76,12,10,48,50,119,64,15,106,99,62,52,39,95,31,102,20,26,97,63,61,82,24,14,21,0,129,44,47,27,90,112,109,86,28,23,43,78,30,58
1,4
126,15,51,41,60,93,72,23,64,87,6,14,35,122,130,17,71,25,70,59,118,88,44,45,104,32,75,65,55,9,112,61,91,7,0,40,54,133,13,48,121,5,99,119,33,107,96,98,16,83,62,129,68,100,76,39,21,105,36,2,128,120,97,57,95,73,37,132,111,56,84,52,92,90,47,108,125,4,102,12,31,79,85,103,10,106,8,53,38,27,134,24,80,74,20,26,19,29,18,86,30,78,115,101,67,1,11,116,114,94,110,43,69,28,82,49,34,3,123,22,109,124,42,46,89,50,113,66,117,131,63,81,77,127,135,58
4,6
102,82,101,65,41,59,114,42,88,94,22,93,87,125,57,15,119,78,121,18,29,13,54,130,46,77,105,120,118,5,8,52,117,48,45,103,83,126,97,108,55,76,80,111,109,7,98,113,129,100,26,9,132,4,23,106,53,79,123,33,99,28,11,128,133,21,2,75,19,20,12,36,47,112,25,62,34,72,73,44,39,90,115,51,67,6,24,27,96,71,127,38,135,50,49,95,134,32,30,1,116,63,92,40,3,86,16,35,66,131,91,37,14,122,61,85,56,74,10,0,124,84,107,17,70,31,58,81,89,104,64,60,110,68,69,43
1,5
49,57,95,120,19,122,86,65,52,5,18,100,63,76,39,17,62,126,12,64,15,0,127,54,45,89,21,116,60,102,131,96,69,35,11,114,20,1,56,91,71,88,61,111,59,67,121,80,98,14,2,70,38,94,113,16,28,118,31,46,103,124,81,43,101,9,22,41,78,68,29,82,50,93,72,30,99,73,55,105,24,92,106,133,115,97,8,25,6,83,34,123,119,51,53,128,87,36,107,109,32,42,47,7,23,129,108,125,77,40,44,132,104,90,134,33,37,26,85,27,112,75,48,74,79,58,84,66,3,135,130,10,4,13,117,110
6,4
52,46,35,89,92,8,81,132,87,31,42,76,33,5,106,7,75,58,100,130,27,20,43,90,36,129,59,62,45,108,111,104,102,101,16,40,127,91,37,69,110,4,65,119,133,1,26,82,47,73,67,57,21,64,121,61,120,11,49,122,13,118,50,71,22,12,34,125,114,0,68,51,79,56,19,85,83,24,93,109,66,70,29,116,113,96,88,60,80,54,78,44,14,94,3,107,53,128,134,2,72,9,105,39,10,63,86,84,38,97,115,17,15,124,28,32,30,6,77,18,112,95,98,131,41,23,74,48,25,123,103,55,135,117,99,126
6,3
111,33,67,117,83,123,41,87,49,92,40,128,10,29,62,6,16,27,76,55,113,11,34,115,3,70,101,5,15,91,89,35,133,110,81,42,90,46,134,31,21,1,96,2,4,28,71,69,95,36,103,43,119,116,37,73,126,94,72,48,25,66,59,84,64,51,80,108,24,105,114,13,19,17,14,56,30,8,65,118,97,99,7,120,53,26,125,129,122,79,106,54,112,32,85,131,82,23,93,135,77,104,107,132,47,20,57,38,100,44,63,102,121,75,9,98,127,50,130,58,22,74,12,86,124,18,52,60,61,109,0,88,78,45,39,68
4,1
50,76,100,53,70,81,47,3,132,29,68,110,59,120,101,67,1,30,32,129,71,14,55,121,2,42,56,37,130,128,11,22,49,105,54,89,13,60,57,62,4,78,106,48,112,119,23,117,28,46,6,125,21,93,39,115,10,134,73,126,116,122,44,19,97,58,40,79,65,99,80,33,41,7,103,84,123,0,61,91,72,45,85,36,104,26,52,96,77,38,90,95,131,127,86,83,133,111,15,27,102,94,31,92,9,66,88,12,98,35,114,108,118,34,17,16,43,109,24,8,64,20,107,74,135,63,51,5,124,25,113,18,75,87,82,69
2,5
14,126,40,1,77,127,112,26,53,102,133,52,38,41,24,86,69,10,25,116,83,130,67,59,16,129,94,66,79,5,103,39,31,89,65,34,101,87,121,70,48,61,3,20,33,92,73,76,21,9,120,45,131,85,118,88,58,15,135,96,80,109,128,110,6,30,2,74,19,82,37,32,108,64,99,11,107,36,42,78,23,35,113,106,97,47,44,7,49,55,114,125,75,13,12,111,84,60,132,68,27,28,29,105,17,63,90,123,0,93,119,124,50,62,18,100,72,22,8,57,51,115,134,46,54,104,122,43,95,98,4,91,117,81,56,71
6,1
99,68,43,6,54,91,71,61,112,117,74,38,52,123,96,73,18,72,29,64,60,89,98,81,15,132,104,130,120,40,135,21,0,58,67,14,92,78,65,85,106,86,42,17,75,93,46,51,101,12,134,26,25,8,47,3,87,19,105,7,126,131,83,127,13,77,5,28,118,63,70,95,56,11,119,113,84,107,41,48,128,4,122,109,20,66,82,90,116,80,37,30,133,53,94,124,88,125,45,108,115,111,100,62,49,1,79,31,44,9,114,103,39,102,34,24,36,59,50,10,129,16,55,27,121,23,76,35,2,33,22,97,69,110,32,57
1,2
98,23,125,15,92,88,34,42,54,5,45,77,4,93,114,28,131,12,50,123,3,41,106,86,80,24,7,48,126,13,71,84,40,112,115,32,96,109,1,37,127,53,134,68,119,8,102,55,72,110,47,38,117,27,20,87,49,95,52,43,73,0,101,60,35,118,25,67,44,51,33,128,56,2,78,111,22,104,120,65,74,99,62,6,132,66,107,103,76,113,81,97,16,135,83,91,26,19,89,64,21,129,59,133,82,10,18,63,85,11,116,70,29,124,17,30,75,90,79,108,39,57,46,121,105,100,122,130,61,31,36,94,69,58,9,14
5,4
102,88,123,29,92,64,95,12,15,72,31,107,91,99,28,0,51,126,37,22,124,98,73,74,26,83,122,77,117,14,1,17,111,119,50,2,130,96,60,59,54,127,33,8,100,75,129,40,34,121,43,115,97,5,125,30,24,135,133,23,68,109,53,36,86,10,39,79,85,82,57,80,93,84,131,46,52,61,116,48,38,67,11,58,101,81,128,105,42,21,65,18,118,103,55,35,25,19,120,7,89,44,66,20,13,47,90,32,49,69,56,112,41,3,6,132,78,63,27,110,87,45,108,106,76,134,70,62,113,16,4,114,71,94,104,9
2,6
85,81,51,130,12,9,25,79,103,129,121,13,0,125,96,28,105,131,16,102,90,71,119,1,26,127,20,109,65,132,8,126,108,6,61,74,133,46,123,100,63,4,5,11,29,116,24,113,2,80,60,49,124,36,77,18,19,120,92,114,35,15,32,91,42,72,55,22,67,115,64,10,76,101,21,87,94,39,58,23,99,134,75,17,128,66,78,112,52,95,40,69,50,62,33,89,44,84,59,45,93,37,3,122,41,34,135,31,107,14,48,117,38,43,111,47,27,83,98,106,54,97,57,53,104,7,110,68,82,56,30,118,88,73,86,70
3,4
64,5,130,0,48,1,119,60,58,116,27,128,123,9,52,53,122,72,117,98,18,82,94,125,110,112,104,47,68,30,55,113,22,108,75,114,7,106,33,76,10,105,91,50,31,111,32,28,35,129,70,90,8,46,56,107,36,69,17,127,86,115,102,89,83,61,92,54,3,15,131,23,26,126,62,14,37,78,134,135,38,121,6,77,97,103,84,124,21,133,65,118,12,101,74,132,51,49,34,67,39,85,16,80,87,24,109,4,81,88,59,71,95,13,11,57,66,43,2,73,44,25,100,93,19,41,20,40,96,99,79,29,120,45,63,42
1,3
38,34,126,97,18,14,52,104,83,66,76,48,108,32,61,57,127,133,8,55,45,11,124,43,92,21,33,23,60,47,122,39,119,79,54,105,132,101,68,80,134,19,86,6,63,130,100,103,77,12,96,135,116,98,3,84,128,69,95,53,49,118,131,16,29,121,30,31,2,24,106,82,27,117,120,90,35,0,112,88,20,115,1,22,44,74,109,67,36,70,64,62,4,129,15,110,56,59,17,81,58,107,93,89,71,25,51,40,123,5,113,102,46,42,13,75,114,65,28,26,41,99,111,94,87,72,9,73,7,10,91,37,78,125,50,85
4,5
47,39,44,102,48,98,133,52,108,79,14,41,26,16,12,8,83,121,119,43,9,97,55,125,134,56,88,37,132,5,72,51,107,129,59,66,1,77,35,70,38,76,54,30,75,53,49,7,113,42,24,68,94,85,89,63,40,124,115,50,112,60,65,103,15,18,135,11,61,73,32,118,130,2,57,58,86,84,71,69,0,4,28,19,111,6,92,116,20,93,67,29,13,17,82,45,74,96,104,91,90,34,87,131,22,46,127,101,100,10,23,21,64,81,99,109,36,25,120,78,33,62,128,105,114,110,31,27,117,106,3,126,80,122,123,95
1,3
28,83,20,4,84,90,52,63,41,100,38,27,29,6,92,103,135,76,67,55,65,9,75,24,126,45,11,80,62,87,98,116,13,71,66,70,122,59,95,77,48,15,106,86,97,112,113,58,111,23,34,36,64,46,73,14,26,72,56,61,1,121,108,89,10,81,33,17,99,107,96,0,93,124,18,129,130,68,127,51,39,49,35,8,31,44,123,42,101,109,105,50,114,7,21,119,40,79,53,82,91,5,32,134,132,118,88,43,125,12,30,47,104,133,57,94,115,60,25,117,85,3,69,131,102,16,37,128,120,2,78,22,110,19,54,74
2,3
7,123,73,70,135,110,45,83,119,111,80,25,31,104,84,92,95,38,0,1,33,85,62,44,112,20,88,57,8,3,59,91,17,66,40,56,60,51,102,61,74,132,14,4,106,108,39,11,71,50,9,107,134,127,32,26,48,79,68,16,10,65,99,101,98,69,116,30,114,129,52,22,87,43,42,128,49,6,75,54,77,89,18,97,86,24,120,37,29,2,55,113,41,130,133,47,121,82,118,81,78,115,67,76,90,103,122,124,28,93,117,58,35,126,105,34,131,13,100,63,21,36,53,94,15,46,125,96,109,64,12,23,27,5,72,19
6,6
101,98,93,62,99,66,4,65,77,106,20,7,129,112,11,42,135,130,60,35,24,9,52,70,84,120,37,49,16,23,115,5,38,55,44,39,2,97,28,82,25,75,76,94,56,103,50,15,40,118,113,92,58,108,88,72,111,29,126,102,109,32,79,83,48,31,27,13,114,47,41,122,53,51,30,71,10,33,69,1,127,119,121,64,87,21,128,6,17,73,95,78,117,86,45,43,26,134,81,59,22,67,131,105,124,107,63,46,110,89,85,80,74,14,57,132,18,133,3,91,19,116,36,123,125,90,8,54,12,96,61,100,34,104,68,0
2,5
97,134,47,98,37,20,56,10,17,120,27,63,16,33,127,90,57,75,78,23,135,67,101,91,106,131,0,59,61,51,95,64,2,68,74,54,60,30,71,84,13,103,4,115,125,112,123,129,29,52,43,25,81,70,5,38,118,92,58,69,50,82,83,66,94,114,105,109,104,40,14,122,100,6,28,116,35,79,128,111,41,15,89,11,65,42,76,55,45,117,53,49,86,108,34,3,96,110,26,119,72,85,24,99,12,32,124,21,7,126,48,22,1,130,93,107,102,73,77,62,133,80,31,88,121,18,39,8,87,36,132,9,44,19,46,113
6,6
83,13,98,107,33,110,120,71,21,9,132,109,80,128,88,118,38,85,15,123,30,17,66,79,4,57,96,103,117,20,40,101,65,67,27,47,6,46,58,75,89,51,64,25,11,113,45,3,10,28,102,36,12,63,87,114,124,90,48,5,16,52,95,122,126,131,111,129,76,34,1,86,97,116,55,54,62,70,0,100,26,134,115,72,99,19,135,18,119,44,105,77,7,42,39,73,130,32,56,69,24,31,35,133,41,82,50,121,60,74,104,59,53,43,81,106,2,108,93,127,37,92,125,78,22,61,94,91,14,68,112,8,49,23,84,29
5,5
81,106,59,63,88,110,68,99,125,90,46,60,97,37,56,4,3,38,101,57,111,85,118,50,0,6,93,35,132,105,65,20,135,96,82,34,131,18,77,130,109,40,16,123,115,84,87,51,80,73,47,100,83,117,54,13,102,17,45,39,107,14,129,5,127,122,33,72,12,15,71,1,49,79,22,55,78,42,112,133,86,10,128,28,76,52,98,94,119,23,53,36,19,108,31,61,95,92,32,74,89,66,70,69,104,91,126,113,29,27,58,121,8,30,41,62,11,124,2,64,43,67,120,114,9,24,103,26,116,134,75,44,25,48,21,7
1,6
58,24,108,60,34,32,126,120,111,19,4,63,65,93,36,67,76,35,44,81,1,69,40,71,73,107,52,66,134,12,119,28,117,91,122,79,78,88,57,135,21,17,30,68,87,125,124,130,84,13,59,41,133,110,109,14,43,99,64,90,101,77,89,49,20,104,62,29,105,3,72,23,83,92,80,7,42,118,15,103,11,100,50,102,10,96,47,127,8,31,53,9,22,131,95,46,55,97,38,85,16,75,112,74,116,114,54,129,0,48,115,121,70,33,113,2,132,123,37,51,45,18,82,106,6,94,26,39,128,86,27,25,5,98,61,56
2,4
103,49,11,86,38,113,13,128,85,104,39,115,71,81,122,119,82,61,120,87,8,30,69,15,133,77,121,47,17,110,41,55,89,126,7,132,127,131,60,45,94,91,24,76,65,40,129,58,29,23,102,66,78,31,70,9,106,14,99,92,117,68,67,112,130,22,57,75,63,51,72,90,2,88,118,6,95,34,62,48,27,10,46,18,74,96,42,20,59,3,83,84,19,93,108,53,80,36,44,54,64,5,109,111,16,37,0,73,116,114,100,135,123,98,124,125,52,12,50,43,35,26,97,56,4,21,79,101,33,32,105,134,1,107,28,25
6,5
104,20,60,50,0,30,86,87,81,120,126,18,112,17,53,33,11,100,90,67,21,83,38,5,63,37,47,62,58,32,1,25,103,129,134,26,84,92,111,117,114,97,118,79,110,116,68,6,93,94,41,128,95,2,77,89,42,13,29,119,44,65,132,98,27,102,75,101,57,22,31,80,71,73,130,76,40,12,91,55,66,69,15,99,48,131,59,74,109,125,113,56,61,49,36,8,72,35,108,124,106,107,3,28,64,85,45,123,115,52,34,82,88,23,78,19,39,7,70,51,43,133,135,127,121,16,122,9,24,54,105,10,4,14,46,96
5,4
41,90,56,92,93,80,35,8,117,104,89,81,87,115,96,74,42,120,38,84,49,9,99,66,114,86,19,58,85,102,55,11,65,70,50,131,111,26,124,71,113,16,94,61,122,127,29,28,7,135,69,77,123,112,59,39,100,54,17,82,47,79,33,129,110,34,73,126,5,105,10,43,106,97,72,118,60,32,103,109,83,62,75,130,68,64,107,4,95,46,37,31,30,25,20,44,119,121,24,91,101,63,133,125,6,134,40,36,52,48,13,45,22,12,76,128,23,88,116,1,108,14,57,15,132,98,27,18,51,21,67,0,78,3,53,2
2,3
66,106,83,27,10,131,34,0,100,130,7,126,89,26,88,8,92,76,68,45,6,61,28,55,75,104,121,48,32,127,31,30,65,124,23,113,12,109,114,22,112,132,107,123,24,53,84,37,129,1,60,16,85,125,91,58,105,67,35,90,62,87,119,15,50,57,118,5,17,63,56,19,122,134,99,70,42,59,94,80,93,77,128,33,18,101,21,78,135,86,115,116,64,39,20,98,103,73,74,13,133,14,72,82,54,36,120,2,96,4,111,69,108,81,51,102,47,97,79,29,40,44,52,41,25,11,3,95,110,117,46,43,38,71,49,9
1,6
35,26,46,41,38,74,47,90,52,121,85,116,114,15,99,92,70,128,115,17,129,75,24,104,67,9,6,23,63,49,45,102,7,127,112,84,25,66,39,32,103,20,14,56,132,83,94,86,108,111,5,55,122,73,98,61,100,125,53,91,3,81,33,135,28,130,62,0,4,37,113,120,48,29,18,109,133,87,21,89,43,80,13,2,40,31,44,78,50,101,42,10,96,34,64,76,12,65,22,72,134,82,119,117,93,88,123,54,59,8,11,69,36,60,57,110,27,30,1,77,68,58,71,16,118,51,131,126,97,95,106,19,107,79,105,124
6,3
105,7,74,15,63,73,89,64,57,130,77,14,44,103,134,62,29,60,99,66,24,3,120,19,1,18,88,41,117,86,26,72,82,91,28,27,43,133,121,2,35,76,116,113,65,61,46,125,83,6,94,101,115,10,68,98,112,47,109,69,30,51,95,70,111,16,22,40,12,78,31,81,55,23,124,0,54,135,4,5,67,97,128,42,34,85,21,80,93,17,39,75,119,49,11,123,114,84,33,59,32,36,53,110,96,50,37,13,48,108,102,87,100,8,71,45,132,38,127,20,56,122,107,129,126,104,25,79,90,9,106,92,52,131,58,118
1,1
19,25,9,83,35,20,47,111,122,26,89,107,129,53,92,74,123,132,45,71,59,121,2,22,77,44,70,112,3,4,114,64,40,43,102,30,50,93,87,110,76,29,119,99,38,56,31,127,131,58,15,128,96,18,46,28,94,48,86,81,36,73,13,32,135,78,90,108,72,104,117,23,7,67,75,68,116,69,6,37,98,39,33,85,103,24,14,106,105,113,0,11,109,115,95,66,125,16,8,133,21,134,79,124,101,34,55,12,27,118,41,62,51,100,82,65,84,120,17,88,54,130,10,91,49,1,63,60,57,5,80,42,126,52,61,97
4,3
62,100,64,7,88,108,81,1,128,110,33,39,17,8,125,78,59,104,80,71,75,72,92,47,96,49,111,2,9,87,132,133,130,134,65,30,79,109,31,43,28,89,16,40,118,117,129,85,67,122,19,76,18,97,50,22,21,106,37,15,121,74,14,51,114,84,77,20,29,99,5,105,57,126,10,113,6,54,66,101,34,23,68,53,102,12,32,0,55,112,95,98,45,56,63,3,52,26,60,90,86,82,4,46,123,35,13,127,91,119,131,25,93,38,41,103,107,83,27,58,124,24,70,120,94,115,69,61,36,48,11,73,116,44,135,42
5,4
8,36,68,102,112,109,94,118,37,115,23,48,72,58,129,22,84,126,49,103,16,34,105,38,43,111,134,57,83,90,101,80,52,110,46,106,9,61,122,20,62,6,132,81,28,31,39,95,123,100,14,135,53,45,117,71,18,67,7,119,35,17,10,4,85,40,64,98,65,0,130,108,12,60,55,26,5,44,27,120,25,3,56,97,73,121,42,47,13,74,54,88,79,21,33,24,11,32,19,104,113,75,29,63,1,124,15,127,41,82,69,2,78,91,93,89,76,86,96,70,66,87,128,50,99,77,51,92,114,125,131,107,133,59,30,116
6,1
123,51,9,49,116,13,14,46,15,84,40,93,86,132,19,57,87,62,106,25,1,55,134,68,38,66,61,94,48,121,78,80,111,56,98,91,36,108,119,74,100,8,107,58,47,22,45,76,34,82,118,24,110,29,54,35,104,10,5,73,81,44,127,41,109,95,115,12,133,120,50,103,11,75,70,18,130,0,21,6,122,113,53,79,30,126,117,83,105,97,90,131,77,64,17,28,112,4,67,32,92,102,85,101,42,31,37,52,69,20,27,114,43,135,125,23,39,2,7,124,65,71,129,60,63,3,33,96,99,16,26,89,72,128,59,88
6,3
48,116,24,8,73,128,82,80,21,51,0,83,133,1,32,55,120,13,54,132,18,113,76,26,134,62,10,31,102,56,53,105,4,2,19,9,72,42,119,124,118,108,3,60,11,63,99,17,98,47,87,100,22,58,109,6,89,130,104,12,16,107,50,96,115,126,122,33,64,90,49,25,127,15,57,36,129,88,111,125,135,94,5,29,131,101,37,67,103,84,65,85,61,86,121,78,123,106,81,74,14,66,97,41,70,91,77,92,44,93,117,69,39,110,35,45,46,23,38,43,40,114,71,20,95,7,34,79,30,52,112,75,59,68,27,28
1,6
33,77,83,31,87,96,10,42,108,81,92,93,64,13,47,55,103,111,89,14,112,2,29,61,51,52,37,15,132,99,26,68,5,134,40,66,69,21,106,18,43,79,74,9,34,90,59,130,65,24,88,95,4,118,116,133,6,80,23,28,114,30,58,35,19,67,50,3,98,97,100,117,119,71,115,45,22,121,105,86,120,135,60,39,46,122,44,7,1,63,84,56,76,82,102,101,109,70,75,32,72,113,20,41,17,128,78,123,54,107,57,94,110,91,131,53,129,38,27,125,16,62,12,85,25,36,0,48,73,104,124,126,8,49,127,11
3,4
61,60,59,87,29,119,48,35,28,34,9,11,5,112,90,17,96,7,72,22,36,43,135,57,51,42,121,32,117,130,107,39,33,116,23,20,118,95,58,21,102,64,73,81,79,88,131,108,25,82,86,114,47,124,85,128,91,70,44,26,67,98,80,71,134,63,100,16,99,30,15,69,104,83,0,77,8,56,110,66,129,31,1,19,2,122,54,3,78,94,45,106,55,103,27,93,24,101,76,133,75,52,53,49,123,10,126,4,113,46,89,13,14,84,68,40,41,125,50,62,18,97,132,37,111,6,92,105,38,127,65,115,12,120,74,109
4,3
95,108,66,7,55,135,116,88,126,76,129,67,8,62,46,117,96,15,60,0,110,127,34,39,73,70,56,57,69,107,37,23,72,101,29,123,58,65,115,100,97,82,120,42,64,33,131,44,22,134,28,85,24,89,41,11,48,87,10,77,83,128,43,99,9,40,31,63,2,68,54,105,125,130,122,19,52,92,86,93,80,132,53,61,104,59,119,45,133,1,109,13,79,49,102,90,32,16,6,103,75,113,106,98,17,91,51,12,84,74,38,121,112,18,3,14,78,81,94,27,4,47,20,5,25,50,36,26,118,111,71,114,21,35,30,124
4,5
13,62,12,50,17,86,31,117,2,22,14,61,120,76,135,110,75,8,27,96,87,9,84,54,131,63,69,107,68,103,4,124,10,82,55,41,18,46,67,134,28,81,34,112,83,101,122,38,30,49,113,36,72,129,85,43,105,39,123,121,109,16,91,104,51,23,56,115,118,70,37,45,108,15,64,58,77,119,26,35,21,48,102,127,42,97,53,3,29,116,125,57,93,78,5,111,130,66,59,25,94,99,47,95,11,74,52,24,80,0,1,98,71,19,100,128,6,65,89,126,106,7,20,60,40,88,92,44,32,132,114,90,73,133,79,33
6,1
131,135,100,52,37,67,61,24,38,28,3,0,4,126,31,68,35,89,127,44,30,121,43,114,21,62,64,78,26,134,84,90,122,86,113,132,12,16,108,112,104,109,9,5,110,106,82,18,40,63,103,93,128,29,45,15,115,95,11,73,74,71,46,6,41,66,91,54,27,69,87,79,32,14,17,102,81,20,85,80,123,47,75,58,53,25,49,96,23,59,94,98,116,19,50,83,133,125,118,10,13,129,57,33,39,117,111,107,51,2,55,48,34,1,8,72,7,88,76,124,120,92,36,119,105,22,101,77,65,70,60,97,42,56,130,99
4,5
50,126,40,89,76,55,134,20,15,9,94,8,41,108,10,29,77,45,62,118,54,24,0,33,1,106,7,37,87,90,68,86,97,26,72,114,6,38,131,112,73,2,79,98,120,39,63,11,47,113,42,58,103,95,105,110,123,61,64,91,43,128,99,14,19,101,80,3,13,46,78,49,107,135,70,4,34,124,44,85,18,57,12,129,84,67,30,111,36,121,21,22,115,83,119,116,5,16,53,56,96,117,92,59,28,104,25,71,109,127,65,23,60,52,27,122,17,125,48,102,51,32,35,31,74,100,133,93,81,69,130,132,75,88,82,66
1,6
123,126,8,77,116,88,81,110,90,132,35,84,54,5,2,74,3,24,134,67,23,124,135,53,92,6,22,76,78,64,107,9,101,62,47,32,20,40,56,27,30,51,73,127,29,98,94,122,89,133,39,108,4,13,99,19,59,117,33,15,43,87,36,45,50,34,0,17,44,12,83,114,48,86,10,65,7,41,85,97,55,82,80,38,93,102,18,95,130,60,42,61,118,21,109,104,115,31,25,100,79,119,70,37,106,69,112,105,96,113,28,26,16,68,52,120,49,125,103,66,75,63,131,11,129,46,1,128,57,72,111,91,71,14,58,121
2,5
114,24,108,55,15,69,107,36,81,73,133,100,80,60,77,117,103,94,2,7,112,30,61,89,53,4,120,116,3,98,132,35,39,11,33,64,63,28,82,65,84,123,68,40,85,66,105,14,131,1,19,38,23,74,10,46,13,99,16,75,126,67,31,101,43,88,93,32,135,47,50,52,29,42,102,134,119,9,110,115,21,26,125,104,59,56,20,79,111,91,130,27,8,128,57,6,34,37,48,86,113,97,124,62,87,106,25,83,71,95,72,90,122,92,76,70,41,5,96,49,118,58,51,127,12,0,78,121,44,22,18,109,54,129,45,17
6,5
60,120,39,67,112,18,99,117,46,86,91,74,70,5,65,71,33,25,131,85,68,59,2,83,123,126,113,62,93,52,97,125,75,10,130,6,61,79,127,16,3,50,26,76,14,55,44,111,38,104,105,102,90,20,1,88,118,37,13,45,81,41,11,87,135,134,15,7,53,82,35,103,101,122,106,42,133,48,107,4,0,69,116,23,27,31,12,30,77,29,66,34,124,63,58,92,94,109,43,51,95,78,9,56,22,32,128,40,114,89,119,8,115,129,73,80,96,24,100,132,110,54,64,49,121,57,98,28,36,47,84,21,19,72,17,108
2,4
60,7,130,52,98,34,31,75,104,119,102,26,37,9,68,20,50,106,117,45,77,99,101,67,39,62,47,11,44,113,61,59,15,134,12,87,71,76,94,14,90,21,72,73,25,82,86,110,107,135,132,63,96,88,58,40,56,29,32,30,133,120,116,112,115,103,89,126,49,79,129,10,55,46,35,19,8,43,122,42,114,57,48,16,83,41,81,97,124,109,38,95,18,111,6,23,70,33,24,17,22,1,0,36,127,69,66,4,91,74,123,105,53,51,125,54,108,13,65,131,2,5,80,78,64,3,92,28,128,93,100,118,84,121,27,85
6,5
99,4,58,14,64,77,29,110,133,52,41,135,97,57,85,10,81,117,13,61,95,76,127,71,90,20,39,112,36,12,51,63,123,87,32,84,109,6,11,21,7,34,2,104,119,132,96,124,25,50,111,30,131,19,89,22,106,18,69,56,53,92,113,8,98,17,66,101,80,107,9,128,134,44,26,46,114,15,108,129,54,55,62,88,75,103,28,74,94,125,82,27,126,105,31,23,0,33,72,73,93,130,49,16,48,116,45,5,79,120,67,70,78,121,38,24,40,118,68,122,1,35,115,91,47,102,3,42,100,43,37,59,83,86,60,65
6,5
66,130,10,29,6,60,108,62,93,132,80,102,129,61,27,82,15,49,16,74,58,115,54,114,53,28,50,72,18,99,9,46,86,21,110,57,73,11,37,90,48,89,123,119,126,41,17,98,19,84,26,34,78,92,0,117,2,135,101,39,59,69,23,64,25,75,107,127,134,88,30,91,81,131,56,32,95,106,77,5,121,87,104,133,45,85,116,1,12,118,20,76,68,70,103,35,8,96,7,22,112,100,38,67,44,55,83,13,33,42,47,111,94,109,79,97,128,51,105,40,52,4,36,14,124,3,120,24,31,43,63,65,113,122,125,71
1,1
41,116,52,103,123,125,83,69,23,37,16,27,12,110,135,45,26,121,104,1,128,25,74,95,62,9,65,131,88,86,119,58,75,35,20,105,60,73,94,68,76,4,3,64,133,132,70,0,6,134,78,8,112,84,38,10,106,102,120,46,87,2,14,42,99,40,122,109,61,30,55,85,44,91,43,111,54,11,98,31,39,82,57,59,36,13,17,48,114,118,32,124,63,28,51,29,71,96,49,5,66,97,34,56,67,7,79,22,18,24,53,90,130,127,92,80,77,117,129,50,47,100,72,93,101,107,113,21,19,126,108,89,115,81,33,15
6,2
84,21,102,87,36,118,23,4,117,60,109,72,76,93,7,53,111,55,105,75,43,15,35,88,134,39,31,44,133,46,129,0,110,101,64,130,77,135,82,66,98,5,27,52,57,47,106,58,59,38,97,86,26,18,70,3,120,131,124,20,69,37,78,81,128,103,24,11,54,99,112,71,85,91,19,10,67,25,2,33,16,116,65,40,22,73,48,50,115,122,62,41,56,49,132,63,89,100,74,79,114,14,108,1,127,30,123,8,29,17,61,13,104,107,95,9,83,32,68,94,121,113,51,42,126,125,90,45,92,96,12,28,6,80,119,34
6,6
1,85,57,60,121,24,74,2,7,13,87,123,39,21,17,88,114,30,40,72,77,32,102,109,22,51,99,59,49,10,18,8,50,0,135,25,133,122,100,14,115,75,129,55,4,45,98,120,15,46,66,124,19,70,95,12,42,128,116,80,54,36,89,132,84,76,67,26,53,6,119,103,112,31,73,33,63,110,61,125,93,64,43,127,118,107,47,104,113,86,29,108,83,79,68,37,105,65,41,34,48,52,94,131,58,23,28,69,20,56,111,5,35,78,9,82,117,90,101,81,92,38,130,44,62,3,96,126,27,11,71,91,16,106,97,134
5,1
106,98,8,47,50,124,83,10,89,120,46,78,101,126,105,25,52,16,134,39,49,114,129,86,26,35,135,17,90,45,96,31,51,69,94,85,6,40,76,27,29,38,110,37,121,104,54,119,103,72,82,28,42,117,48,115,43,99,64,125,34,0,109,60,102,113,24,131,130,9,13,19,2,11,7,18,118,87,77,84,63,56,22,36,67,75,30,91,65,81,107,122,74,79,116,93,57,92,71,23,108,127,59,112,32,80,44,68,111,97,62,14,12,100,3,4,61,73,132,88,20,1,21,33,133,70,41,53,66,55,95,123,5,15,128,58
2,3
3,83,92,11,127,109,22,96,132,58,44,129,31,30,104,43,42,101,55,94,64,107,88,130,66,87,49,45,108,124,63,126,38,100,98,71,41,70,40,118,36,68,120,89,134,131,113,20,115,6,10,5,48,80,18,110,2,79,121,56,54,24,26,9,62,90,4,32,13,46,53,73,112,102,103,106,57,16,76,21,84,7,74,15,27,128,75,97,50,85,105,114,91,82,117,47,135,77,99,81,125,29,33,95,39,116,52,1,0,111,61,65,93,28,12,69,60,19,119,8,123,122,86,14,59,133,34,67,78,72,17,37,23,25,35,51
5,1
13,37,18,61,29,98,21,60,106,36,50,117,7,124,131,49,40,15,97,96,87,105,118,16,42,94,2,80,115,120,0,11,127,31,95,3,32,128,134,20,83,123,78,73,30,84,62,23,126,52,22,135,112,4,56,75,38,109,19,55,63,102,129,12,85,93,104,28,25,79,34,77,125,51,116,110,66,103,41,54,130,101,86,10,82,46,88,133,114,108,48,47,81,26,100,57,113,65,6,58,44,69,90,5,132,92,17,8,99,43,59,89,107,39,45,122,27,71,68,121,35,67,53,76,9,24,1,91,70,72,111,119,64,74,14,33
6,4
103,9,98,79,117,105,56,11,72,36,62,39,104,38,21,45,129,121,109,48,61,131,132,60,112,34,23,95,69,55,97,82,65,68,59,7,19,88,44,18,53,135,75,73,31,100,116,37,10,33,40,78,101,66,1,128,46,20,71,28,15,87,107,89,58,92,63,110,81,119,93,130,14,57,94,108,17,114,86,115,3,13,52,25,0,51,133,120,83,70,64,27,102,126,118,77,5,22,84,76,134,106,50,90,127,111,67,24,30,26,43,32,54,123,2,122,49,41,85,4,35,99,74,12,124,80,8,125,16,113,47,6,29,42,91,96
6,3
65,103,23,116,62,28,47,6,1,79,16,118,84,5,106,75,42,74,107,54,131,53,7,95,32,3,110,111,109,24,60,41,124,83,67,37,48,56,134,57,94,78,4,112,90,80,97,18,13,17,0,15,120,135,33,101,73,59,43,127,25,63,55,34,86,45,104,81,20,115,26,50,71,119,77,76,126,125,92,91,99,29,98,19,66,132,68,113,44,64,105,70,21,117,12,122,72,58,8,108,85,129,27,30,123,46,128,88,102,39,14,100,87,93,2,114,31,49,22,40,10,51,35,9,11,96,36,82,52,69,61,130,38,121,133,89
5,4
103,1,85,17,42,68,2,81,25,39,45,58,15,87,16,107,31,57,93,134,10,127,34,98,76,47,14,128,0,124,102,79,48,111,75,20,56,112,50,109,119,22,129,130,65,73,121,4,122,46,32,35,95,135,67,41,21,86,96,89,100,132,82,104,117,13,54,114,49,105,37,106,69,120,30,26,9,7,88,12,116,53,23,133,113,99,123,27,8,84,29,5,83,70,78,33,51,66,43,28,91,44,60,52,11,131,61,18,94,62,24,92,72,77,118,38,64,80,126,6,71,101,125,3,55,59,19,36,40,110,97,63,108,115,74,90
3,6
115,44,135,12,82,24,53,133,106,13,94,122,7,33,41,47,50,104,81,39,68,121,43,27,66,91,97,0,70,3,119,134,80,111,8,42,32,129,123,49,11,76,48,26,64,84,71,118,85,29,36,112,74,63,69,103,75,72,124,62,105,83,128,1,55,87,90,51,100,25,96,79,56,45,16,58,18,108,98,73,107,88,34,116,6,114,57,117,109,127,78,14,65,46,77,89,67,9,20,52,17,10,113,61,126,28,86,38,4,93,5,22,130,54,102,21,30,110,15,31,19,35,95,132,59,92,40,37,101,125,23,99,60,131,120,2
6,1
31,86,125,24,117,65,21,33,73,77,114,62,23,22,64,60,115,4,19,89,124,131,50,130,48,72,113,55,41,84,17,11,87,63,44,37,6,1,97,54,3,88,82,79,67,133,99,12,47,129,127,70,36,51,83,122,111,29,100,8,107,85,91,80,42,75,2,5,52,18,34,132,28,0,102,38,93,68,13,35,16,134,56,25,123,10,101,69,15,40,57,32,53,109,98,104,106,120,58,66,108,81,105,45,96,103,39,95,78,46,118,121,20,128,92,110,7,30,27,119,71,59,26,9,43,112,14,116,76,94,61,126,90,74,135,49
4,1
110,131,35,94,97,99,5,62,93,126,20,6,129,3,63,30,109,84,2,41,82,60,91,102,24,42,51,106,127,12,90,92,56,48,7,70,132,4,104,117,78,43,120,112,87,113,86,108,122,71,74,37,69,58,89,49,130,66,115,80,133,125,76,124,79,105,88,54,100,1,77,15,107,75,17,81,52,59,29,26,114,128,119,10,116,67,65,73,57,95,53,19,9,103,85,98,25,111,47,55,134,123,118,83,31,22,13,28,11,39,21,64,38,27,23,33,18,101,36,45,121,40,16,61,96,44,14,8,0,46,34,32,135,68,72,50
2,4
105,10,128,15,95,114,135,118,104,127,121,76,26,116,103,5,102,31,55,98,132,122,72,7,39,59,30,78,63,3,131,50,62,133,77,83,57,40,21,51,134,56,14,115,0,12,75,13,28,45,71,20,129,33,90,79,96,2,36,84,8,130,107,94,54,66,124,23,67,9,48,101,109,19,123,70,87,35,117,6,80,16,17,34,47,46,126,81,113,41,37,24,99,97,119,27,82,38,108,44,68,69,89,53,100,4,120,111,110,49,91,92,58,1,61,29,42,88,125,74,64,106,43,86,93,11,25,22,60,85,52,65,32,112,73,18
6,5
26,10,13,94,108,57,20,30,134,51,105,103,40,58,68,75,34,99,15,39,32,102,28,7,132,14,81,87,127,93,65,12,80,8,117,48,91,33,101,83,98,18,9,36,133,62,128,69,86,124,41,77,49,60,52,1,3,11,38,29,67,89,106,59,82,42,95,6,116,47,130,113,100,78,104,16,129,135,92,115,122,37,24,107,74,43,23,19,2,25,63,61,121,46,64,76,114,55,4,35,17,0,97,54,112,131,110,31,120,50,126,5,111,22,71,125,27,84,73,119,45,90,85,53,109,79,123,96,118,44,56,88,66,21,72,70
1,5
92,129,21,22,73,64,113,3,94,104,8,111,25,72,97,16,71,127,46,38,6,96,32,19,80,42,74,90,40,132,117,85,91,55,87,101,106,118,39,126,26,27,15,36,12,99,133,100,23,76,98,34,116,29,56,124,103,11,43,125,86,2,20,123,45,131,84,49,35,7,88,51,105,120,89,18,110,134,0,63,65,48,95,61,67,114,24,5,78,33,4,17,59,60,75,79,77,28,54,62,108,9,41,13,115,37,69,70,10,82,68,128,122,102,109,81,57,1,53,93,47,130,44,112,83,30,58,52,119,121,107,14,66,135,50,31
1,3
29,107,61,108,35,101,76,130,104,24,84,68,46,31,87,37,60,57,82,114,22,49,54,58,80,47,59,52,89,88,23,116,34,42,5,19,100,113,97,133,55,10,91,129,44,95,118,15,65,66,73,4,126,13,119,69,135,93,99,56,122,41,9,74,25,26,112,85,28,127,106,83,2,50,121,6,63,14,131,111,43,18,90,0,117,103,12,32,40,70,79,64,92,33,16,17,96,21,51,36,71,120,110,7,115,1,124,72,128,48,94,11,134,20,39,109,102,67,3,78,125,98,123,75,27,53,132,30,62,8,38,45,86,105,81,77
2,6
86,106,113,20,41,103,69,102,91,87,13,9,105,38,62,10,117,100,76,46,31,71,129,134,93,7,28,24,22,27,125,81,53,110,39,109,78,85,84,56,63,104,132,88,128,107,92,3,2,115,98,73,45,127,67,74,34,33,89,90,118,26,96,12,97,94,121,25,59,18,70,82,30,108,47,66,131,49,52,43,58,32,36,65,29,126,50,68,61,79,120,75,123,4,19,72,14,130,23,60,54,55,122,124,0,101,111,42,51,6,8,95,83,80,48,99,15,35,17,44,11,77,114,135,119,133,64,5,16,21,112,57,37,1,116,40
4,4
123,88,84,103,19,6,52,107,111,31,133,39,47,38,2,99,120,42,68,78,109,130,121,12,36,63,34,97,104,69,72,53,29,43,80,102,0,86,45,89,112,75,116,40,117,128,71,20,57,7,125,30,61,118,51,119,73,33,5,64,46,4,28,76,27,11,87,18,24,81,41,100,96,62,44,108,106,65,90,82,67,50,59,95,134,66,92,113,79,98,127,58,85,9,13,15,21,129,54,83,74,132,77,114,126,115,105,60,49,101,122,22,94,25,124,16,1,32,17,26,135,3,70,35,93,14,48,110,55,91,56,10,8,131,23,37
6,1
51,37,15,98,108,129,133,55,105,30,60,9,12,115,78,84,82,93,42,65,102,89,40,81,73,94,66,124,88,72,86,104,46,126,119,69,100,127,92,50,3,110,21,122,8,25,10,1,13,54,53,43,74,83,99,109,96,120,26,77,118,22,113,130,34,62,128,79,4,135,116,57,7,131,32,121,71,91,5,114,20,36,49,27,67,95,2,58,35,132,125,44,103,101,31,0,48,134,18,76,117,41,63,28,111,64,68,38,17,24,90,19,87,29,70,123,56,14,112,106,107,16,39,6,11,33,59,23,85,97,75,47,45,52,61,80
4,5
32,92,71,58,134,99,18,66,119,82,115,129,53,78,55,34,113,79,38,9,122,127,132,72,126,111,24,6,19,64,124,59,33,22,48,28,91,80,11,30,60,4,27,26,70,69,50,3,62,20,46,121,39,107,40,133,36,31,135,125,49,29,117,101,87,120,12,98,56,42,77,63,110,131,15,8,54,104,106,84,74,1,37,76,88,7,85,128,109,45,21,52,116,25,57,93,51,65,123,68,102,114,81,108,16,118,130,105,100,83,0,67,112,73,103,2,23,5,13,14,96,43,75,61,94,35,47,41,44,97,90,10,95,89,86,17
2,2
0,80,44,51,120,115,71,111,7,123,26,90,118,77,40,69,61,119,79,95,21,53,55,37,91,46,23,4,102,68,45,89,113,56,41,135,124,132,12,64,54,97,34,126,107,82,125,5,19,78,63,18,62,29,129,59,105,99,16,17,27,28,36,70,122,43,67,84,42,134,72,20,39,109,104,93,66,75,35,131,6,2,74,65,130,110,8,117,47,10,31,112,121,83,116,50,24,49,108,133,85,25,73,106,11,96,88,9,127,33,87,32,114,22,57,94,30,3,60,58,14,100,1,52,128,101,81,38,13,48,86,76,15,98,103,92
6,4
72,35,120,30,105,62,7,93,92,99,6,97,49,132,58,48,29,41,82,78,86,127,118,36,71,94,107,45,54,124,69,10,50,3,55,73,13,15,32,37,81,39,17,85,75,61,126,28,125,79,0,91,80,87,90,110,129,122,108,116,119,83,128,100,52,95,26,68,70,121,77,56,5,117,4,38,131,133,114,60,27,42,106,51,59,130,57,23,43,24,22,16,135,112,34,20,33,84,111,66,134,103,53,19,67,2,31,47,101,21,63,12,1,40,76,46,18,88,96,109,102,44,25,74,98,64,8,113,11,123,9,89,115,65,14,104
5,1
123,116,18,94,0,38,44,106,98,114,89,31,15,40,9,5,36,22,34,109,80,92,8,91,120,57,19,3,61,59,12,6,27,130,30,7,125,101,133,112,100,42,23,134,13,52,76,68,66,64,55,135,95,71,54,25,104,11,43,20,62,108,82,81,113,124,70,117,26,111,17,88,93,21,50,35,96,74,119,122,48,69,84,29,65,67,110,47,118,73,127,126,37,33,51,28,79,56,87,97,131,2,99,102,105,83,107,32,90,78,129,41,39,49,45,128,86,53,10,103,77,24,115,60,72,63,85,132,1,14,75,58,16,121,46,4
5,3
105,63,97,83,17,6,86,88,93,92,22,131,30,85,119,124,45,58,65,44,11,71,102,23,25,128,76,61,50,29,56,78,15,80,87,112,125,69,110,54,103,21,74,89,99,77,14,72,62,47,132,134,48,41,121,26,10,116,75,3,84,129,42,46,94,35,4,31,57,98,70,16,106,96,111,52,37,126,13,115,36,59,1,7,60,12,32,130,18,51,104,38,82,127,91,9,8,114,43,28,108,24,40,120,107,34,20,27,53,49,122,2,39,117,101,123,100,135,109,118,79,0,90,64,5,67,19,66,68,81,95,133,73,33,55,113
3,6
106,102,1,75,13,12,35,58,61,96,104,30,134,90,44,52,66,78,98,100,47,27,117,112,115,103,38,92,49,82,29,72,108,0,42,133,4,127,113,86,32,105,131,21,8,62,84,89,123,99,19,48,119,31,18,51,28,64,118,85,40,50,65,111,16,124,132,14,17,55,20,9,128,83,59,36,67,129,7,57,114,11,37,69,10,88,33,76,126,41,26,23,15,71,95,125,45,6,116,60,74,101,94,107,46,53,135,79,54,3,34,2,22,77,81,130,25,122,109,43,80,97,93,121,120,110,91,56,73,24,87,70,39,63,68,5
2,2
65,34,131,89,43,10,13,128,79,26,120,25,5,129,58,116,77,41,127,31,115,93,69,100,59,133,124,40,50,14,110,33,96,117,119,23,73,107,39,35,1,130,103,87,108,12,86,72,3,22,105,63,4,66,83,112,20,90,28,111,97,46,8,53,61,122,67,95,2,126,135,38,82,101,55,64,0,70,125,121,94,118,68,45,104,57,7,15,134,24,9,106,49,19,11,78,30,102,6,91,71,132,54,18,56,51,16,92,113,48,81,74,114,29,62,84,36,80,47,21,75,88,99,37,85,109,52,32,123,17,60,42,27,44,76,98
1,1
94,93,19,99,17,87,7,72,39,21,132,57,36,81,118,50,120,6,55,111,28,71,96,105,0,45,33,30,38,1,23,79,3,43,91,125,13,8,20,14,128,56,97,63,73,92,109,110,113,123,117,65,5,54,59,48,127,106,85,47,78,42,10,135,82,75,76,29,2,119,103,68,104,88,62,4,40,89,100,90,24,134,112,11,101,114,77,86,25,9,84,49,130,133,34,44,124,22,41,98,70,32,131,115,126,66,80,67,107,129,61,108,12,83,64,37,102,27,58,51,16,15,31,116,18,95,74,46,35,121,52,60,122,26,69,53
3,6
1,95,23,51,124,3,5,81,22,39,10,112,126,122,80,83,73,111,2,68,74,97,21,94,26,67,82,79,7,75,63,59,34,41,77,132,42,37,36,125,114,117,19,66,58,55,48,100,115,12,135,101,0,16,129,47,113,9,20,35,131,93,106,85,57,72,120,60,127,11,92,69,134,46,84,76,31,4,96,88,64,90,61,108,28,102,32,15,128,56,104,62,49,6,65,89,86,29,118,40,71,107,25,44,70,24,18,45,78,87,105,52,8,98,50,27,103,133,123,99,54,119,33,17,110,91,38,130,14,53,121,13,109,30,43,116
1,4
31,21,135,123,43,42,113,57,86,102,61,107,33,36,93,1,118,15,45,24,114,127,65,19,84,32,55,2,89,80,71,62,27,58,133,106,119,88,98,76,26,13,40,112,99,67,17,30,51,20,9,8,81,100,16,120,69,68,37,82,103,79,110,60,56,46,90,35,96,10,132,122,70,59,78,75,92,130,104,128,39,109,25,64,3,0,85,5,124,91,117,41,23,54,7,129,38,53,63,131,22,18,29,49,77,111,116,121,115,108,28,50,66,73,74,48,97,14,47,52,105,4,6,101,125,11,95,83,134,34,94,44,87,72,126,12
2,2
61,120,110,69,42,84,112,51,81,102,11,47,105,73,24,21,109,129,124,91,125,78,22,113,108,62,29,30,114,53,41,27,15,0,57,56,6,106,111,71,31,134,34,88,64,8,33,18,116,19,133,23,126,94,132,65,118,119,85,59,9,48,68,104,98,115,54,130,38,123,50,28,70,89,26,16,20,32,60,92,13,39,95,55,74,45,67,86,1,25,44,46,17,36,107,35,49,52,66,131,3,37,79,83,40,97,96,135,99,103,122,117,87,90,77,127,4,10,100,82,121,2,80,63,14,72,58,75,93,43,128,7,12,76,5,101
3,4
126,44,62,90,93,24,82,81,25,87,63,34,125,12,107,38,88,61,21,7,112,33,72,54,45,79,57,55,80,26,5,40,70,127,67,35,43,49,27,97,129,20,66,77,22,6,47,10,78,17,76,121,3,75,60,68,117,124,83,84,94,132,42,65,1,32,130,73,110,18,96,105,69,106,46,99,52,37,128,48,86,14,0,29,98,123,8,115,131,109,19,74,91,23,135,120,101,51,9,50,11,89,92,116,15,59,100,133,111,134,119,108,122,4,2,104,114,64,71,39,36,16,58,85,95,13,41,102,113,31,30,56,118,28,53,103
5,1
29,15,120,104,61,105,34,51,25,125,65,27,72,100,10,58,75,83,86,13,101,78,122,42,38,60,82,126,76,31,80,92,46,98,1,133,94,53,6,102,81,12,2,134,33,130,28,107,40,44,69,85,115,127,3,43,52,88,132,87,90,67,45,11,110,116,22,47,23,114,77,71,128,103,89,70,119,131,8,111,118,109,55,108,4,48,79,35,123,49,95,124,30,9,0,32,37,96,20,18,56,74,19,91,73,16,59,112,21,63,7,54,26,57,113,99,64,14,17,93,129,50,66,106,24,117,97,62,5,68,39,121,41,36,84,135
1,4
120,22,90,55,8,82,105,78,133,106,75,7,109,101,70,127,74,43,116,66,31,6,27,121,12,63,79,108,26,91,25,21,17,111,128,112,103,83,9,125,130,1,32,94,118,100,28,135,23,35,84,30,65,14,10,69,72,24,71,123,102,11,33,76,38,126,98,104,44,19,129,132,67,110,20,3,41,119,42,56,46,53,18,97,52,36,61,95,73,93,60,29,92,4,114,117,34,40,47,48,2,49,62,57,39,88,50,122,54,131,81,85,15,37,16,45,115,89,77,59,5,113,134,86,0,51,13,99,68,80,87,124,58,107,96,64
4,4
70,110,98,130,32,88,27,116,48,55,131,26,76,50,86,118,17,39,42,85,49,114,122,80,97,11,120,82,101,63,5,45,83,16,123,79,81,62,30,125,1,135,78,73,8,9,41,19,14,33,90,103,36,77,92,12,129,104,94,121,47,117,43,72,29,128,6,87,0,66,25,68,108,10,127,100,69,34,102,95,52,115,23,71,24,99,56,61,113,106,74,44,109,4,60,133,93,38,31,35,28,124,126,51,75,64,112,105,107,58,59,134,20,2,54,65,46,132,15,96,37,53,84,18,40,89,22,111,7,57,91,119,21,13,3,67
6,4
52,28,44,114,25,30,73,15,42,118,86,36,6,85,13,78,90,104,102,133,74,9,33,97,79,126,69,64,91,10,72,127,16,59,75,66,106,77,67,55,98,65,81,39,0,87,121,46,101,109,63,23,100,17,53,54,34,1,111,96,122,117,132,29,24,107,70,22,131,47,128,110,103,76,80,125,82,3,43,20,14,94,130,19,58,48,119,38,135,32,12,129,56,120,35,105,95,89,62,8,60,37,115,41,2,71,84,7,57,40,108,124,116,27,26,18,61,88,99,83,49,112,50,11,68,51,93,45,113,134,123,5,31,21,92,4
4,3
125,97,122,103,129,88,53,10,92,113,6,132,84,117,4,33,101,55,35,87,135,67,49,104,30,22,29,107,56,119,127,114,81,31,63,118,59,50,51,68,23,17,96,77,43,8,112,18,54,39,60,89,12,32,71,7,102,5,14,76,1,61,123,41,95,85,74,47,98,34,121,62,82,26,15,36,91,11,9,40,108,83,128,64,25,134,78,126,80,86,75,42,44,2,124,110,21,116,73,48,38,24,115,93,133,3,69,111,70,19,106,109,100,105,131,28,94,120,66,99,57,52,46,90,130,58,0,79,13,45,65,37,27,16,72,20
4,1
68,103,90,110,10,100,14,12,38,40,117,56,111,106,72,59,7,81,94,67,95,45,27,4,84,49,130,44,11,79,53,16,8,60,121,115,123,122,114,107,69,105,113,85,112,58,52,98,42,17,5,26,19,62,120,9,93,101,128,109,104,50,28,34,127,63,83,124,133,46,87,131,134,119,76,75,91,57,39,125,86,30,6,23,47,37,135,51,1,74,20,3,22,102,89,2,77,32,41,13,36,31,116,99,54,18,29,73,132,92,61,64,35,33,78,0,25,43,21,97,88,71,82,65,70,108,80,126,48,24,55,15,118,96,66,129
4,2
79,16,57,37,19,25,86,110,135,29,123,60,43,84,56,80,78,9,97,28,10,15,118,62,23,81,65,99,26,52,91,63,134,73,71,132,115,98,47,24,72,111,105,4,35,33,77,67,103,51,113,100,49,109,94,75,89,122,7,116,50,87,5,2,117,17,104,48,54,13,131,90,58,44,92,112,32,95,11,96,129,18,40,30,106,0,69,70,83,101,59,102,130,121,66,45,74,46,93,76,68,133,6,126,82,85,42,53,39,114,88,41,38,22,3,127,8,1,21,61,14,108,125,20,119,128,107,31,12,55,64,120,124,34,27,36
2,1
76,120,26,112,71,57,80,18,58,114,123,118,14,128,81,45,56,61,2,70,23,94,127,73,46,68,90,19,9,13,33,102,77,79,86,116,89,34,129,69,39,101,5,4,10,35,115,60,85,6,20,74,110,99,92,109,53,117,1,131,63,27,7,48,32,15,134,12,0,106,41,37,133,42,67,107,121,100,91,122,97,54,103,8,3,75,31,135,64,36,87,38,93,104,17,51,119,66,43,125,98,105,29,78,96,65,88,84,16,49,22,108,30,59,95,72,124,113,25,44,83,40,62,11,130,111,28,55,82,132,47,52,50,21,24,126
4,2
63,23,124,16,84,77,9,46,20,88,118,54,131,122,62,113,130,85,7,15,108,94,36,72,102,22,65,120,58,59,75,41,127,87,66,76,57,115,116,133,89,132,0,86,55,107,123,97,134,64,119,73,78,82,70,6,12,3,68,91,24,79,48,53,35,109,81,105,69,25,92,100,121,33,21,10,99,114,98,71,42,37,67,34,52,11,44,38,112,4,47,61,129,49,95,104,110,128,28,90,2,32,111,14,56,51,29,39,1,5,74,8,93,125,101,13,43,126,117,50,27,17,26,31,96,19,83,80,40,30,103,18,135,60,106,45
4,1
58,21,47,85,109,0,87,35,45,107,7,115,16,72,103,6,69,20,8,94,41,76,61,97,59,132,124,43,18,60,32,110,50,105,56,5,95,57,24,27,82,99,46,2,49,123,22,3,74,17,68,116,102,131,119,88,128,75,92,38,134,77,93,104,70,79,83,91,89,130,81,40,86,129,33,106,126,111,1,122,84,39,63,64,90,52,80,112,4,96,113,100,26,101,73,98,34,44,13,29,66,127,31,10,135,25,120,37,118,78,108,71,48,51,9,11,28,42,12,67,30,14,55,53,36,114,15,19,23,125,133,121,62,117,54,65
4,6
82,121,63,89,75,5,122,2,64,54,17,124,23,106,113,133,22,47,15,87,130,59,76,112,45,35,30,46,70,33,57,111,43,50,44,128,68,6,74,8,10,77,107,96,40,18,127,78,134,79,61,118,105,36,119,123,26,24,94,85,21,88,19,81,16,56,97,28,32,65,114,108,60,100,67,84,55,132,4,71,90,104,13,131,58,34,126,11,0,20,110,48,109,31,103,66,93,69,52,37,9,39,91,51,41,135,117,62,80,95,73,115,116,7,38,29,49,125,72,42,129,3,25,27,102,120,92,86,99,12,98,101,14,1,83,53
2,4
132,57,18,134,81,90,36,113,14,73,119,38,114,1,32,123,37,46,115,99,64,56,79,2,118,43,69,21,54,96,49,75,105,30,65,42,19,128,20,3,85,102,106,101,83,31,104,10,52,11,92,124,25,62,6,112,125,109,103,26,67,98,84,47,111,0,72,110,86,94,93,116,108,66,68,122,120,15,16,91,61,34,89,130,40,71,78,60,45,74,35,63,121,87,27,55,95,12,77,17,51,28,58,24,100,80,127,59,50,107,33,23,29,117,70,8,82,88,53,13,48,76,9,44,126,135,5,97,39,41,131,129,133,22,7,4
2,1
7,107,74,101,38,27,80,14,28,62,130,78,44,105,97,113,31,3,17,127,123,103,120,49,20,34,50,5,13,91,58,39,15,102,115,47,76,95,83,132,111,10,114,42,71,54,118,25,61,75,9,89,109,51,68,64,92,56,45,59,40,11,4,99,133,86,60,85,23,119,43,29,67,66,87,112,35,32,129,122,124,106,131,0,73,69,77,19,93,65,126,26,24,70,63,16,94,88,90,1,135,81,53,128,48,72,125,55,108,100,33,116,82,46,36,98,41,8,37,134,79,110,117,18,6,30,84,22,12,121,96,52,21,104,57,2
2,4
47,97,103,45,113,13,2,109,10,29,42,59,81,30,90,46,4,124,58,105,74,127,61,106,22,23,133,39,49,54,14,85,72,95,98,43,50,80,129,6,104,94,73,96,91,57,114,131,123,32,8,40,128,78,15,132,112,126,5,100,115,3,67,20,71,110,92,64,63,0,69,24,111,26,87,117,12,9,99,77,68,1,11,89,76,17,121,56,33,118,53,21,70,75,122,51,130,34,65,135,19,52,86,66,120,119,7,25,48,82,38,36,55,16,107,41,79,37,134,116,102,18,83,101,35,108,28,27,88,44,93,31,62,125,60,84
3,6
95,133,130,22,73,43,82,75,96,16,58,6,17,118,113,3,59,108,125,66,115,121,28,135,127,47,8,131,103,61,7,117,74,21,20,54,97,105,42,63,27,51,45,64,39,100,0,92,85,57,112,24,37,41,4,55,50,19,129,88,111,76,124,90,46,48,122,106,78,10,132,30,93,71,98,99,87,84,36,12,38,102,23,25,89,44,120,72,5,49,14,67,15,26,70,77,62,80,65,126,52,1,134,123,114,116,119,101,53,9,110,31,32,86,18,104,34,29,2,33,91,11,83,79,109,94,56,68,60,69,128,40,107,81,35,13
5,6
130,5,98,62,121,42,13,31,39,28,92,115,126,4,89,107,67,64,54,36,56,111,91,3,112,46,119,120,110,33,18,108,6,32,109,125,82,80,93,77,49,127,124,50,72,21,102,40,59,128,17,47,61,117,101,10,81,22,8,48,71,9,86,35,44,23,99,122,69,85,26,118,24,57,53,7,2,76,135,74,83,97,66,87,63,12,30,70,104,25,84,129,68,132,52,75,58,29,41,73,105,116,16,14,19,38,34,45,133,79,114,95,27,65,100,43,55,90,94,96,1,134,37,106,103,20,123,11,60,78,15,88,131,0,51,113
3,5
74,92,25,52,31,133,22,128,59,28,48,63,50,134,107,83,58,89,110,8,94,122,12,61,29,115,132,131,127,90,32,91,17,3,14,39,84,93,79,9,97,13,27,30,56,102,45,130,99,98,40,76,121,70,118,34,68,112,135,113,87,101,123,104,23,35,16,66,42,95,62,75,125,11,106,60,77,96,36,47,85,44,18,2,20,49,105,46,78,111,0,82,10,65,129,1,15,126,114,43,117,64,120,108,86,6,24,67,69,21,51,100,55,119,103,54,109,4,72,80,116,41,57,53,124,5,7,81,38,71,26,37,33,88,19,73
5,3
