111,131,22,113,112,132,117,78,60,72,17,110,25,99,24,11,4,1,74,19,77,8,67,107,121,66,79,105,40,91,5,71,38,134,94,23,92,65,80,48,21,39,41,90,100,12,108,2,89,28,126,20,116,64,9,115,56,123,102,35,95,50,70,98,27,59,87,124,120,42,37,58,63,44,46,14,122,84,130,0,18,43,6,52,85,73,68,62,29,45,129,69,96,114,86,55,106,31,30,103,7,83,57,125,49,133,82,61,81,3,16,127,93,10,119,53,118,32,33,76,97,88,109,13,75,54,128,34,51,15,135,47,26,101,36,104
6,3
119,104,20,36,131,128,23,81,16,55,56,17,89,107,109,28,57,54,90,132,97,66,35,134,24,32,105,101,112,70,38,75,43,50,37,72,127,30,47,103,116,26,44,73,117,67,121,133,13,130,7,61,120,63,51,15,86,0,123,135,29,77,14,11,108,60,92,78,65,46,3,91,111,34,68,80,79,58,126,93,129,2,4,22,45,124,95,27,102,87,9,106,96,48,88,71,25,52,49,118,53,115,31,99,39,125,84,33,85,6,10,21,82,110,42,59,83,1,8,122,62,76,113,98,100,40,12,19,5,41,64,74,18,114,69,94
4,3
34,116,11,120,10,18,107,17,110,75,4,28,26,41,14,45,100,31,127,88,82,46,39,60,70,42,23,73,29,115,104,53,108,24,119,57,33,49,125,99,87,47,67,7,106,48,85,3,22,132,61,95,25,36,0,51,35,80,94,19,122,111,96,8,40,130,5,89,124,1,90,16,50,12,65,97,21,27,72,76,131,58,86,63,43,71,101,83,121,117,44,84,105,135,113,114,66,91,30,62,56,102,68,79,69,112,129,93,6,92,109,15,118,103,64,9,59,2,13,20,134,123,74,32,55,81,77,37,133,52,126,128,38,54,78,98
4,2
15,39,74,93,92,55,62,84,75,113,120,33,100,76,108,130,110,107,118,72,8,71,79,20,23,38,58,103,69,30,70,83,99,96,52,25,60,22,24,116,86,123,3,27,32,89,106,41,2,43,64,61,65,4,98,5,13,94,133,28,117,19,6,90,37,34,10,131,29,54,88,119,67,59,50,12,121,7,134,125,57,1,63,21,78,49,45,18,42,53,44,82,129,114,127,16,73,56,0,17,95,97,132,48,91,104,109,81,122,115,85,66,31,46,77,124,101,128,35,126,36,40,9,68,80,112,11,135,51,47,102,14,26,105,87,111
1,4
13,118,4,37,114,5,29,18,101,26,56,123,27,65,67,32,126,17,96,42,110,16,120,50,44,86,28,109,127,23,19,100,104,99,122,72,41,74,57,33,131,10,35,82,77,51,91,87,111,76,84,54,71,89,81,79,115,63,106,93,121,95,94,46,9,69,34,38,64,22,113,21,60,133,130,68,97,6,48,20,66,112,105,73,24,129,43,103,40,39,78,108,31,135,83,62,61,1,70,11,49,12,88,90,125,59,117,53,75,30,102,107,124,98,92,0,116,15,25,52,134,47,132,14,55,7,2,8,58,36,128,45,80,3,85,119
1,5
9,110,112,32,56,124,4,93,5,49,73,59,106,83,125,99,0,21,65,48,1,71,103,82,46,15,63,127,113,33,29,16,78,24,55,60,30,39,117,67,38,27,44,119,3,23,77,126,134,47,120,128,91,108,11,31,42,17,70,18,54,45,115,58,133,88,26,79,123,22,81,36,104,50,80,121,131,114,109,85,7,61,94,20,8,35,66,6,52,28,34,19,64,111,95,69,57,41,68,84,130,100,72,118,12,10,98,135,74,51,105,102,75,132,101,25,2,90,86,107,97,53,122,92,87,96,40,13,116,14,129,43,37,89,76,62
3,3
32,78,27,81,55,66,4,132,95,19,36,47,53,15,129,0,97,117,126,74,45,73,75,61,59,3,56,14,11,108,39,13,116,131,128,134,109,24,64,22,58,20,130,87,99,40,65,8,119,54,23,72,67,76,6,25,12,29,122,106,68,33,83,57,85,48,102,46,69,113,28,94,98,123,110,115,111,9,10,50,21,51,91,30,86,17,107,63,44,52,70,103,135,41,80,42,34,71,125,104,26,101,60,100,79,127,7,84,92,114,112,31,35,49,82,133,124,62,77,88,121,5,93,38,18,118,105,37,120,43,16,1,90,96,2,89
2,5
1,124,84,94,49,83,93,107,98,22,7,14,42,135,45,37,17,102,40,134,108,50,31,20,27,113,78,81,52,33,26,77,128,87,0,103,24,79,96,55,82,13,114,9,63,28,29,47,12,118,48,85,120,76,36,80,65,112,61,89,123,111,35,46,54,10,23,109,2,90,70,100,95,67,58,119,116,44,110,75,101,74,131,32,92,16,129,69,133,125,53,105,3,104,30,59,19,51,15,106,64,11,130,18,6,86,21,66,60,41,5,25,68,97,43,57,122,4,62,115,91,99,56,34,132,117,88,71,126,72,8,121,73,38,127,39
3,4
24,41,110,129,54,50,75,7,108,52,9,78,47,14,101,27,116,45,15,106,26,77,62,124,104,97,55,32,6,73,21,18,131,20,13,2,103,134,23,89,19,60,11,80,117,69,58,83,63,93,72,88,92,120,22,4,100,74,125,59,39,119,1,135,70,68,49,115,53,96,109,126,31,56,86,130,33,82,127,12,91,66,90,107,111,67,113,44,87,51,105,36,38,16,76,98,79,85,17,25,128,0,112,121,102,61,43,29,57,3,114,64,132,94,42,46,35,5,48,95,65,123,37,28,30,8,10,118,133,71,122,81,84,40,99,34
5,1
26,86,47,126,130,72,111,93,84,42,83,21,132,39,57,0,59,73,124,5,89,104,80,107,6,88,67,48,77,98,13,120,119,22,25,76,133,38,87,78,35,61,127,116,44,69,53,81,95,99,123,34,2,68,125,75,135,122,129,37,14,121,16,55,114,33,32,105,7,4,23,46,11,19,66,94,90,91,52,3,15,45,51,60,56,49,131,40,43,128,79,29,20,117,108,8,134,58,65,64,62,71,103,1,63,12,54,18,101,106,36,24,82,109,9,70,31,110,115,112,10,85,97,41,118,100,27,102,28,50,74,113,17,30,96,92
3,1
66,13,95,100,21,39,62,73,107,36,75,97,17,76,43,115,23,31,118,80,18,4,135,25,64,41,46,121,56,94,19,65,131,82,91,34,133,51,132,134,86,55,37,49,104,30,120,28,105,89,110,69,111,68,72,7,116,63,48,5,6,16,3,85,20,81,99,90,129,130,117,109,71,50,106,40,54,123,102,88,126,42,83,33,27,61,32,114,10,60,92,96,128,8,0,29,11,124,108,1,53,101,45,58,22,74,78,70,113,67,12,52,47,15,125,26,35,77,103,127,24,84,44,2,14,112,38,57,79,93,122,98,87,119,9,59
5,4
87,85,33,72,103,91,102,126,17,113,97,109,107,122,31,13,50,51,70,112,121,75,129,114,28,32,115,21,69,98,4,78,92,9,25,133,18,37,8,108,3,6,110,130,100,61,80,131,82,84,20,12,96,47,46,34,104,53,23,125,67,15,135,119,44,2,43,38,127,90,1,117,54,30,120,62,42,52,77,39,56,94,16,41,63,40,74,64,79,24,48,116,57,60,95,58,86,105,111,22,27,83,134,118,71,29,66,123,106,101,55,0,89,88,10,59,11,5,81,124,93,132,36,19,45,128,73,76,68,35,49,7,99,65,14,26
6,2
64,80,100,32,103,90,23,3,123,113,25,104,121,105,124,12,75,117,4,16,131,87,20,58,59,60,84,28,61,102,7,62,50,43,69,67,99,127,96,13,83,135,24,30,122,2,56,46,85,134,120,110,76,115,72,47,29,70,57,86,112,89,74,41,119,49,18,77,111,26,130,15,53,88,54,38,1,94,132,92,114,42,51,39,45,40,125,98,34,66,63,126,71,48,116,95,35,21,37,91,82,128,6,52,27,81,133,19,101,68,22,31,118,73,107,109,33,78,93,129,36,17,108,55,11,106,79,8,9,65,5,10,14,97,44,0
5,6
14,5,3,52,55,103,32,84,61,77,86,57,80,110,73,15,67,102,58,22,21,53,114,119,42,43,105,134,115,4,70,97,31,117,120,6,127,124,123,38,68,1,100,28,109,106,96,41,83,126,85,9,16,66,39,108,92,45,125,24,59,33,72,46,91,112,132,10,26,18,69,113,71,12,7,8,129,13,36,65,98,47,25,63,56,82,62,17,133,40,88,50,19,30,121,11,27,90,20,74,131,49,94,64,78,118,111,0,34,35,76,54,79,116,75,81,135,95,128,107,37,122,104,99,89,51,130,93,2,48,87,23,29,101,44,60
1,2
24,69,107,75,121,114,71,99,51,43,118,94,85,64,55,40,88,62,68,59,87,124,92,56,131,5,29,89,93,21,70,126,50,76,82,117,98,96,120,134,63,53,130,66,1,90,13,42,28,91,100,15,44,52,3,19,132,10,23,105,20,18,4,7,111,109,9,129,97,119,103,6,115,17,16,58,113,48,33,34,95,31,8,79,112,127,47,83,45,49,36,133,80,108,38,30,2,78,11,61,86,41,125,27,81,12,46,26,25,116,37,65,102,110,32,54,77,123,14,57,67,135,0,22,39,128,72,84,74,104,122,35,101,60,73,106
1,2
75,126,0,48,54,59,117,62,69,43,2,131,92,63,82,7,22,33,95,130,87,134,80,97,29,41,73,111,32,105,115,135,72,46,4,58,98,101,116,34,15,55,30,42,74,123,70,50,112,3,91,120,5,86,110,1,66,102,96,38,25,60,17,9,78,107,65,56,129,93,106,28,27,16,109,51,90,67,47,31,88,125,26,35,81,61,119,94,23,10,104,24,108,6,83,18,64,84,128,133,118,13,45,85,89,19,8,113,99,21,100,122,49,76,12,124,52,132,121,37,44,40,77,79,20,127,103,71,36,68,14,53,39,11,114,57
4,5
12,42,90,57,13,24,130,14,79,47,11,97,85,92,131,32,15,88,111,65,3,17,9,46,106,122,114,7,119,51,75,102,78,83,105,98,59,104,108,34,121,29,74,82,41,54,30,66,26,124,18,135,2,69,63,62,129,95,87,64,118,101,56,19,45,70,110,72,16,68,99,116,91,43,134,21,61,8,109,107,39,10,1,28,125,38,96,123,84,50,33,81,53,4,67,73,100,128,120,86,0,113,44,103,115,94,89,52,31,117,133,48,126,40,27,37,55,58,49,76,127,60,35,132,93,5,36,112,25,20,77,22,23,6,71,80
1,3
24,19,98,114,111,85,103,36,21,104,95,106,22,125,94,41,57,122,14,69,129,52,120,76,59,84,91,3,82,65,27,29,33,75,116,8,38,4,64,74,119,110,105,30,92,133,73,47,23,93,83,63,117,18,108,1,56,26,45,46,109,5,70,0,2,54,89,39,115,50,44,71,112,42,90,53,15,100,135,60,58,7,62,66,131,55,130,61,67,34,99,132,127,121,20,101,72,10,48,28,35,128,9,126,123,25,88,80,87,86,12,77,118,6,16,43,68,96,102,134,11,13,81,51,40,107,78,124,31,97,37,49,113,32,17,79
4,2
134,1,119,121,54,117,77,32,83,2,73,6,15,53,82,78,104,23,36,80,65,20,57,58,49,92,123,12,120,45,33,42,93,86,64,81,37,128,28,114,99,133,106,126,61,87,111,95,68,9,8,103,35,132,34,55,74,39,31,135,27,17,70,29,50,97,16,116,72,67,125,85,88,84,112,100,108,21,4,56,127,46,59,26,0,113,5,52,124,129,22,18,51,118,10,69,75,76,63,90,94,44,109,79,48,3,98,122,11,38,47,102,62,25,115,7,66,43,89,105,101,40,71,24,131,30,13,60,110,41,107,96,130,91,19,14
5,4
54,51,43,82,40,94,130,92,27,77,128,99,17,57,5,126,91,124,49,69,75,53,18,86,90,60,16,33,42,113,10,97,65,55,108,13,101,11,107,135,64,129,37,134,68,96,15,100,74,133,116,30,61,52,71,132,14,25,122,103,104,50,76,121,58,112,3,32,62,79,35,105,102,4,131,87,46,24,83,125,109,2,115,39,47,106,21,12,81,95,0,89,7,88,66,23,9,84,93,38,111,120,56,20,70,48,28,41,114,123,72,63,67,6,34,19,22,98,118,59,117,85,26,44,80,78,29,110,8,119,36,45,31,127,73,1
1,3
93,135,61,80,17,36,33,62,92,132,35,102,66,105,47,95,101,7,21,69,8,75,72,128,15,30,131,39,20,119,23,11,123,6,25,88,55,118,134,22,127,37,31,54,91,73,12,78,45,63,34,103,99,112,64,86,90,43,44,1,42,70,38,3,104,89,96,10,14,114,100,9,0,120,50,18,122,113,32,133,116,110,98,27,52,2,13,126,81,108,124,125,53,130,29,41,111,97,85,121,74,67,79,115,48,57,19,51,109,59,24,68,56,60,82,16,40,65,129,58,5,46,87,107,106,49,4,117,71,77,28,76,83,84,94,26
2,4
134,82,116,36,93,133,96,18,30,86,16,47,135,119,81,17,128,102,87,19,77,122,44,13,50,55,38,98,114,94,5,131,58,64,107,123,9,105,118,46,67,70,63,4,65,84,66,129,80,62,48,111,11,14,115,68,88,61,56,37,104,24,110,12,2,8,29,0,3,108,49,59,125,91,120,74,69,34,121,99,60,92,35,41,45,117,73,28,83,31,79,43,76,27,109,32,127,23,33,100,40,20,25,54,72,90,6,10,113,71,75,22,78,1,51,15,103,52,89,26,124,112,39,57,132,42,101,21,106,7,97,126,130,85,95,53
4,6
5,60,86,81,49,134,34,56,100,105,127,18,30,55,10,38,99,77,19,129,41,58,52,95,124,23,113,135,119,46,43,106,130,79,0,70,68,6,76,11,82,16,92,22,88,28,109,96,12,4,85,89,107,101,102,47,133,44,66,93,8,35,20,97,116,103,17,112,110,65,26,84,125,27,50,2,31,121,51,90,87,32,111,61,114,122,42,45,37,80,94,71,54,1,53,33,39,115,36,21,15,72,117,64,98,14,7,108,40,126,73,57,118,78,48,13,123,131,128,62,29,67,91,63,120,69,132,9,75,83,74,59,104,3,25,24
6,6
49,52,114,10,135,93,28,111,40,70,128,0,78,84,64,20,3,62,65,86,16,43,74,113,102,45,59,127,42,24,30,121,96,73,9,58,132,8,91,34,11,80,61,63,17,48,76,31,79,75,29,67,53,120,44,35,13,56,54,18,131,69,50,123,41,99,108,100,47,72,6,5,85,105,4,101,82,51,71,109,98,118,37,57,1,39,14,21,130,103,38,2,116,46,33,90,19,97,77,7,87,115,107,88,81,36,124,94,12,66,119,25,106,89,26,83,27,110,133,129,55,60,112,23,117,15,22,104,32,68,122,134,126,95,92,125
1,3
90,15,106,12,76,135,122,51,92,100,2,102,109,1,105,62,29,67,14,45,19,25,31,81,75,39,117,89,38,63,131,46,10,59,98,96,27,116,42,32,58,70,43,8,3,97,82,6,52,4,17,99,77,127,54,49,114,9,21,104,55,121,53,56,11,22,64,36,133,57,50,125,18,61,108,30,48,74,34,132,112,83,88,33,40,111,60,35,66,44,28,91,20,103,13,5,0,23,69,85,26,65,47,115,37,134,93,16,118,78,41,87,120,86,95,68,107,128,7,110,126,73,101,71,119,124,80,24,94,113,72,130,79,123,129,84
4,5
103,29,118,38,58,3,44,56,42,111,66,48,82,53,59,87,71,113,52,129,79,77,17,69,81,127,126,91,34,18,120,62,28,107,47,6,1,132,92,60,50,101,20,27,122,100,25,80,49,117,104,116,128,39,26,105,114,73,125,61,96,115,68,85,22,43,21,94,70,64,0,93,78,30,83,55,109,124,89,133,57,75,54,135,7,12,24,76,121,112,99,19,46,65,16,90,23,67,4,110,130,31,102,97,86,119,84,37,98,11,35,45,40,41,51,123,131,13,5,9,14,63,2,95,72,108,32,106,134,10,33,88,8,36,15,74
2,4
0,27,74,55,110,48,99,91,84,36,40,98,75,111,79,101,124,2,125,135,90,11,28,38,134,87,5,96,8,60,43,97,63,78,13,94,6,133,24,67,93,112,10,105,3,39,32,82,80,12,64,15,42,49,25,14,83,76,128,131,72,107,26,56,62,57,120,119,9,92,109,88,41,61,103,33,47,77,53,37,68,104,31,100,44,20,52,95,116,50,81,108,66,51,58,46,132,7,65,45,130,54,102,85,23,22,86,114,59,73,34,30,121,17,127,70,115,126,21,89,129,122,123,19,69,117,1,29,113,4,106,35,16,71,18,118
2,3
73,67,55,129,118,94,106,111,131,85,103,39,126,20,24,45,22,133,12,87,64,2,78,80,35,18,13,5,9,42,100,117,98,56,86,104,121,79,17,105,41,66,74,71,75,43,27,3,57,68,58,91,109,16,128,11,32,28,115,36,101,76,116,25,125,15,19,83,120,37,112,21,60,46,10,62,77,34,51,108,122,6,113,92,124,8,4,89,90,38,135,95,50,110,123,52,97,54,48,26,30,44,7,119,84,81,72,61,49,1,53,93,59,0,69,99,107,102,70,23,127,132,33,29,130,114,14,96,63,31,88,134,82,65,47,40
6,5
29,51,6,4,65,93,8,69,117,63,33,15,12,17,64,1,125,68,108,48,127,38,49,123,62,101,73,103,79,121,32,7,110,57,99,47,77,3,20,2,132,105,66,112,81,83,109,96,43,30,40,53,131,102,120,76,46,91,72,111,0,118,31,116,97,19,37,11,41,124,84,98,36,27,82,23,74,134,104,59,113,45,13,115,119,95,18,22,89,35,26,16,67,133,92,71,21,100,9,14,80,58,130,24,70,85,52,39,60,126,88,87,50,10,129,122,75,56,90,55,106,135,107,86,5,34,128,42,25,54,78,94,28,61,44,114
6,6
61,25,18,59,28,72,124,110,106,83,131,69,8,78,29,116,66,70,132,34,89,68,4,76,60,80,17,42,118,67,32,88,97,26,49,134,36,79,75,126,73,103,54,55,9,22,93,57,82,99,21,27,133,107,2,120,62,11,14,6,24,10,40,39,13,113,20,104,47,121,74,19,117,64,50,31,38,123,56,91,43,95,114,15,119,115,1,23,122,111,112,98,135,65,45,85,108,46,125,51,109,7,63,53,92,77,44,81,100,30,35,105,12,101,3,90,128,33,37,41,48,127,84,94,0,96,87,86,52,5,129,130,16,58,71,102
5,5
7,35,88,39,45,2,99,90,80,79,91,106,108,17,47,73,81,75,102,77,21,15,134,129,11,92,68,89,131,114,116,98,119,101,109,120,95,67,50,42,57,37,63,53,105,121,126,10,78,52,34,65,4,94,72,82,66,76,112,58,41,8,100,38,87,69,93,64,86,97,33,110,32,51,118,54,44,128,117,103,115,36,30,70,9,125,132,18,74,84,83,127,124,48,24,85,61,27,113,40,71,104,20,60,1,29,5,49,122,3,19,62,26,28,59,133,13,16,56,96,107,130,55,6,12,14,111,123,22,46,135,25,43,31,0,23
4,6
125,44,62,71,70,60,85,11,25,58,128,100,104,14,83,23,130,55,119,101,81,13,27,15,112,120,64,19,41,48,38,105,80,61,84,8,57,95,132,76,103,82,18,124,34,17,54,67,75,39,16,90,22,35,86,134,7,3,49,43,99,30,46,109,33,121,32,66,36,116,117,47,6,106,21,37,115,20,102,87,40,1,69,4,113,133,94,10,63,50,28,29,127,2,92,97,135,122,129,88,123,9,126,79,118,31,89,114,74,93,110,107,111,98,42,5,78,72,12,108,0,65,26,56,91,96,51,131,53,59,24,77,45,52,73,68
3,3
105,113,80,14,124,95,116,119,8,51,97,99,131,76,7,72,41,58,52,56,135,27,23,50,9,108,30,88,57,69,127,100,39,4,102,70,54,96,123,92,125,0,53,37,128,66,62,46,132,94,59,89,107,29,118,38,32,129,40,31,18,75,60,42,2,121,78,63,68,61,120,26,111,15,104,12,35,20,112,84,85,36,98,28,71,79,130,25,10,117,101,24,110,122,65,93,109,43,19,81,34,21,48,22,17,91,49,134,83,44,126,16,82,13,106,87,64,133,45,115,74,3,114,11,86,77,90,6,33,67,73,103,55,5,47,1
2,6
134,92,105,81,131,19,42,62,50,65,66,89,22,91,113,47,129,33,101,46,102,27,67,99,86,71,15,93,6,115,31,97,9,98,59,125,3,132,130,127,40,51,44,126,106,85,29,58,52,21,48,37,124,88,121,56,41,1,111,54,64,118,63,84,60,34,103,123,116,4,95,73,135,79,39,133,26,30,28,0,87,57,38,74,55,90,100,11,18,68,61,7,122,77,69,25,49,72,70,114,10,119,53,5,20,14,13,117,94,107,76,17,108,80,96,82,12,35,83,16,32,45,36,112,23,24,75,2,104,78,128,120,8,109,43,110
4,3
10,33,34,91,78,85,75,110,11,66,76,8,67,132,50,122,12,1,60,86,131,127,30,121,130,58,7,117,23,115,114,93,79,42,39,84,56,64,45,125,105,2,72,48,18,4,126,120,69,74,88,95,106,112,17,70,35,87,83,19,47,51,102,100,96,38,40,101,135,15,111,26,81,61,31,13,44,37,99,5,43,6,118,24,16,21,94,0,52,63,82,41,32,3,59,55,57,108,73,116,49,20,65,29,77,22,80,28,71,129,62,113,53,89,9,107,54,133,103,14,97,134,27,128,104,119,124,68,90,109,98,46,25,92,123,36
2,2
19,26,130,103,63,0,62,6,77,134,84,100,15,43,40,41,117,20,132,79,38,92,125,123,135,119,109,75,29,8,121,37,95,83,88,34,25,39,105,115,18,70,116,16,44,51,2,120,82,99,131,129,97,33,124,48,22,53,17,36,47,45,59,80,102,66,57,27,10,81,94,46,108,58,61,35,55,52,93,23,91,111,104,85,28,54,64,78,101,133,118,13,56,122,73,14,42,114,49,60,127,86,69,113,71,32,21,76,4,74,12,68,65,89,1,98,3,90,7,107,72,31,110,96,5,9,126,50,24,128,87,112,11,30,106,67
1,5
89,35,38,14,119,106,101,130,26,53,63,58,33,91,9,48,5,8,108,20,17,7,23,135,21,3,118,99,74,76,98,15,90,36,4,114,19,1,45,51,102,44,24,129,52,123,6,85,42,125,69,131,86,31,83,10,68,107,82,50,30,100,126,43,0,57,49,128,27,80,34,104,2,81,79,54,28,132,72,40,124,94,121,111,29,109,66,41,32,61,88,113,127,105,110,134,95,12,47,122,11,73,97,60,64,112,59,25,77,103,65,75,13,78,70,71,117,93,39,16,120,115,133,96,116,37,67,92,46,18,55,56,87,84,22,62
1,3
30,42,55,132,79,10,89,44,76,60,40,12,61,72,87,11,6,93,23,70,99,113,94,78,46,41,123,74,103,100,80,31,21,29,118,53,66,126,7,9,28,114,49,73,122,86,102,15,127,81,58,119,85,36,98,121,107,88,97,24,16,8,59,110,101,33,64,56,128,125,112,38,91,83,135,4,18,75,48,129,2,68,124,0,26,39,52,51,134,111,32,131,22,95,77,130,105,20,67,45,117,14,19,34,82,43,5,115,92,13,65,25,104,54,37,84,27,57,120,47,108,116,106,3,50,17,69,96,109,90,71,35,62,133,63,1
4,1
128,50,69,25,17,106,41,131,76,125,46,26,80,108,67,9,93,121,97,27,77,124,100,7,120,51,53,1,111,0,87,31,71,88,94,91,118,20,2,29,16,79,52,123,8,38,32,134,56,117,83,64,35,127,58,99,55,68,126,129,3,82,40,112,109,42,49,74,47,48,44,15,34,101,62,114,86,5,39,85,21,133,14,122,23,96,81,28,104,10,22,102,24,59,107,95,84,73,98,70,90,57,13,116,36,63,110,132,130,11,135,65,18,115,92,6,113,54,30,4,61,37,33,66,45,75,78,103,89,19,12,105,119,72,60,43
4,3
123,95,88,56,96,65,75,72,64,20,47,49,101,74,13,2,66,4,117,43,102,87,126,125,23,41,121,119,27,130,19,110,68,124,98,28,86,79,57,67,15,83,17,63,58,31,90,25,14,39,9,59,97,104,60,132,52,5,113,51,105,61,85,53,42,103,29,100,76,108,40,16,99,107,109,45,94,22,1,30,33,36,111,70,84,24,81,73,114,129,18,50,62,131,133,34,92,122,48,32,7,10,12,54,115,55,78,35,38,135,128,71,93,106,112,91,89,77,6,134,116,120,127,80,46,3,44,37,11,0,69,21,8,82,118,26
3,4
31,83,101,74,99,40,15,28,70,65,39,110,117,104,73,47,35,26,37,18,50,102,13,30,66,84,55,67,16,21,80,14,132,90,69,123,97,109,131,88,82,113,2,49,78,6,75,127,100,12,33,41,114,134,58,96,121,45,93,133,86,44,81,3,107,38,60,32,7,125,135,51,87,105,61,124,91,106,27,24,119,111,95,56,19,34,62,20,22,23,11,1,54,8,17,68,115,43,77,25,89,122,5,36,71,29,128,72,57,126,63,120,10,48,79,92,9,52,98,85,46,118,129,94,0,64,59,4,76,112,108,103,130,42,53,116
2,3
15,115,116,96,10,67,124,6,9,69,49,90,121,94,134,5,77,71,105,76,130,128,0,51,91,41,44,97,20,34,54,132,117,98,66,119,75,108,126,112,18,12,14,11,22,79,106,17,95,72,59,50,53,46,38,60,57,85,24,35,131,123,86,1,111,81,47,2,109,29,125,92,42,73,55,64,39,31,107,45,122,93,88,3,52,113,127,56,74,36,7,110,25,129,30,70,135,101,8,63,13,37,120,100,133,28,103,40,23,61,4,32,84,89,62,82,99,48,33,27,65,78,19,58,80,21,26,118,104,83,87,102,68,43,114,16
4,4
33,39,19,6,20,92,27,1,101,113,98,59,76,120,17,109,82,90,107,127,21,129,35,41,93,96,9,118,65,106,55,84,7,116,0,122,5,38,102,12,86,45,58,103,29,16,117,115,126,42,48,77,87,3,26,10,8,61,134,31,121,95,30,133,24,112,124,56,99,37,11,105,13,123,22,73,132,70,53,44,52,36,114,89,94,75,71,110,15,28,74,63,80,83,81,49,40,34,97,72,108,78,130,64,88,91,50,67,47,66,119,100,125,68,128,4,2,135,43,23,46,104,25,60,62,14,18,57,79,32,69,111,54,131,85,51
4,4
65,104,15,113,78,14,46,134,25,38,69,109,107,101,86,35,127,85,68,40,51,120,103,90,91,12,61,23,1,131,39,118,11,58,17,121,89,100,20,45,77,95,41,7,79,37,110,8,96,47,57,114,62,9,59,122,31,98,60,33,87,22,133,34,81,132,71,80,52,126,112,70,83,0,82,99,115,19,4,111,67,48,97,32,105,10,72,26,106,124,16,130,5,116,129,49,93,42,29,119,24,3,74,55,135,44,125,73,21,117,43,88,92,36,53,76,50,66,75,13,108,18,63,123,6,54,102,64,2,28,27,30,128,84,56,94
2,1
119,130,133,0,88,13,84,105,68,64,48,109,25,24,50,94,60,47,26,76,114,42,75,85,17,79,121,110,131,81,69,103,129,40,95,97,91,127,4,57,98,9,5,113,90,19,108,134,77,53,71,30,80,7,83,117,63,52,82,35,36,8,23,41,125,51,135,28,106,38,132,87,73,12,45,61,120,37,89,29,3,10,2,58,96,115,31,59,100,123,101,104,15,32,49,11,124,18,67,43,118,46,86,16,27,56,65,92,33,22,34,66,116,62,93,70,126,74,111,102,72,55,128,54,6,14,122,107,1,44,20,112,21,39,99,78
2,3
106,5,119,124,39,1,121,105,61,110,74,82,118,52,104,128,84,38,54,43,123,83,40,77,50,56,3,102,130,35,108,18,10,93,16,109,72,41,31,7,23,17,75,126,9,79,97,114,29,26,99,95,94,91,68,51,63,133,129,27,13,4,131,20,134,125,70,30,14,34,111,6,135,37,66,78,80,120,87,116,101,69,132,71,55,47,25,19,11,76,32,53,36,89,65,112,45,58,2,85,22,64,60,28,15,127,73,100,0,46,33,57,12,44,81,88,48,62,86,21,67,113,8,96,49,115,59,92,122,107,90,98,24,117,103,42
3,3
64,0,104,85,38,53,127,58,5,71,80,42,75,33,23,69,67,82,96,97,81,40,95,21,133,109,100,6,135,25,39,117,79,47,61,70,46,41,134,110,76,15,126,124,19,77,37,111,92,45,107,87,1,73,125,62,84,86,93,91,52,32,26,56,99,102,2,59,105,48,27,94,8,115,101,7,24,57,18,90,28,44,129,63,36,131,113,116,74,54,30,78,120,121,34,31,119,132,4,51,106,68,55,49,11,10,88,60,14,29,22,50,118,114,123,130,17,108,72,66,35,20,89,98,12,103,65,9,112,43,3,122,128,13,16,83
6,5
82,39,92,43,23,13,125,59,86,18,76,56,112,58,126,5,94,123,132,35,122,10,48,117,64,135,20,61,115,90,63,71,118,69,133,52,72,134,79,95,93,119,15,100,2,40,26,41,84,70,33,22,49,131,32,37,36,87,91,29,66,47,19,67,114,9,74,102,6,46,78,11,81,127,34,24,55,31,96,3,44,110,25,50,8,53,54,85,75,109,107,68,101,62,28,14,80,4,97,106,120,27,89,98,103,42,111,116,38,57,51,105,88,77,83,17,113,21,73,7,65,108,60,128,0,129,30,45,1,124,121,130,99,16,104,12
5,6
96,100,35,18,83,1,34,109,28,51,130,104,81,46,33,47,7,114,124,19,76,133,59,117,87,126,0,71,78,65,49,106,108,120,43,102,116,67,15,25,11,5,62,103,93,121,63,16,73,127,132,56,44,41,135,129,79,80,23,61,105,48,101,60,31,54,9,77,118,10,112,22,36,115,24,21,88,131,6,37,4,110,20,95,94,38,69,97,125,66,98,32,14,123,27,3,107,70,119,64,92,91,50,55,113,12,82,90,72,111,40,84,57,128,13,17,85,75,29,39,42,8,53,30,89,134,122,26,52,74,45,58,2,99,86,68
1,3
68,73,61,50,52,41,70,112,30,125,87,132,78,53,109,51,113,29,62,96,133,2,21,12,63,14,106,100,20,46,126,103,17,130,102,43,34,3,33,31,54,8,119,86,71,82,24,58,38,95,1,72,128,69,94,7,28,88,131,48,22,35,105,79,32,65,107,108,44,13,89,122,110,90,23,60,40,26,77,4,10,124,111,129,93,42,104,9,49,15,67,57,0,80,114,25,121,39,135,116,83,84,134,81,36,118,19,117,99,123,75,120,37,66,127,74,5,101,6,98,97,64,91,115,55,47,27,76,59,85,18,92,11,56,16,45
3,5
9,76,100,0,7,12,28,19,78,70,131,97,85,10,134,22,102,115,112,30,41,83,135,89,55,23,75,109,116,101,121,66,107,122,111,132,106,67,16,44,45,118,104,4,71,1,82,125,18,50,59,114,38,92,17,5,86,123,15,108,27,56,128,65,120,91,48,110,119,124,34,43,96,36,126,35,42,13,84,98,80,113,87,88,99,51,77,129,103,31,3,68,72,49,90,81,69,74,79,37,39,60,53,24,58,93,54,105,57,130,20,61,8,62,73,21,127,29,26,63,33,32,133,47,64,25,6,14,52,95,2,46,11,40,117,94
2,6
23,117,33,13,10,71,98,126,37,122,69,118,105,127,65,43,130,111,20,112,16,84,30,93,9,90,124,39,92,115,94,41,67,26,27,119,66,81,82,78,59,18,128,103,57,76,29,2,68,36,63,108,102,87,25,121,52,62,95,107,99,91,64,85,134,50,101,54,15,38,44,7,45,116,79,135,58,5,49,14,35,113,32,106,0,53,47,19,72,6,97,12,1,55,17,83,100,22,46,60,24,86,48,74,42,88,104,131,133,8,56,114,61,110,51,123,120,89,31,75,96,129,21,3,34,132,125,4,109,40,77,80,73,70,11,28
4,4
105,93,92,132,43,17,1,64,31,126,97,121,37,123,53,128,75,104,107,34,35,47,72,2,76,101,39,80,79,120,109,88,86,99,73,23,106,67,91,8,70,82,87,61,119,85,127,11,13,54,5,122,41,110,130,77,125,116,50,30,135,15,18,22,100,33,84,95,133,19,48,124,29,59,3,42,58,134,12,114,108,94,0,10,66,32,9,89,62,28,56,78,27,115,4,51,111,103,16,38,55,57,44,49,52,65,118,131,6,21,68,25,60,46,113,112,117,26,20,74,83,40,7,63,90,98,24,71,69,45,96,129,14,36,102,81
6,4
90,36,33,69,124,6,119,108,14,1,3,49,42,126,102,113,44,50,112,87,127,91,111,9,64,105,104,53,61,74,129,82,4,43,97,73,130,68,116,77,89,83,0,71,51,72,66,21,84,27,118,24,15,125,32,133,37,52,120,31,57,39,122,45,62,75,58,38,96,22,55,107,40,78,95,132,30,35,123,131,103,10,106,16,63,18,54,110,23,65,135,17,92,48,109,99,93,101,25,56,41,2,86,34,81,117,7,76,60,20,26,8,29,47,88,13,85,114,46,134,100,115,79,11,94,12,5,98,128,19,121,70,28,80,59,67
6,4
108,43,69,54,117,81,25,114,48,126,97,115,67,23,24,70,105,60,17,56,103,118,87,8,124,89,2,96,53,91,135,44,58,84,21,111,94,99,15,39,14,42,46,101,102,95,73,62,132,78,26,50,121,98,5,10,71,9,130,1,131,34,18,38,134,68,19,41,22,37,30,55,123,128,20,110,112,16,106,52,59,32,90,76,28,100,36,88,4,33,120,116,125,12,107,40,35,6,85,61,129,0,7,3,75,27,11,49,47,65,57,29,72,45,74,77,66,104,80,83,133,92,79,82,127,63,119,13,86,113,31,64,51,122,93,109
2,5
35,18,24,91,92,85,26,54,50,68,2,126,64,60,135,34,19,67,90,109,5,111,75,74,12,72,123,129,128,59,23,78,87,130,65,31,113,70,124,132,88,4,52,115,81,61,6,46,80,45,9,1,103,97,107,51,119,100,127,83,106,16,42,39,108,7,3,131,105,121,82,22,71,69,116,14,110,27,25,53,40,57,63,93,33,29,102,95,30,8,112,37,133,47,55,134,117,96,15,73,41,118,101,38,122,89,98,0,77,48,104,28,76,62,66,21,125,49,43,79,114,11,32,99,56,17,10,13,44,84,20,58,36,120,86,94
5,1
117,50,128,51,20,114,49,106,21,80,58,66,105,35,91,47,121,11,15,38,85,99,23,19,61,97,98,6,84,71,8,90,1,59,26,33,13,81,134,82,53,56,88,70,63,24,27,109,4,95,104,107,22,111,125,9,40,45,75,102,69,64,5,127,103,79,135,62,42,16,86,54,37,72,89,36,94,92,96,32,65,115,14,60,39,67,118,44,55,119,122,52,112,31,78,76,28,123,130,17,18,77,29,46,126,120,93,41,110,7,108,129,101,57,48,131,30,73,100,133,83,124,116,87,12,0,113,10,132,68,3,43,25,74,34,2
4,3
95,109,122,99,31,30,15,12,66,130,80,6,78,0,111,10,2,85,52,5,33,105,133,38,51,48,44,84,72,25,13,23,98,68,70,117,108,41,7,43,3,112,77,71,58,17,115,11,100,4,60,53,126,131,45,47,32,120,134,24,96,29,121,14,91,124,123,46,87,37,82,76,94,75,119,129,56,19,125,73,59,113,69,34,27,61,57,104,67,89,127,92,97,90,63,20,35,22,55,36,107,42,21,40,106,54,39,64,110,88,16,101,74,50,62,93,81,49,26,1,79,116,28,114,8,86,83,135,132,128,65,18,118,103,9,102
5,1
40,117,46,45,51,44,26,19,23,33,87,119,30,15,39,25,99,9,115,104,16,85,52,41,121,97,98,78,106,37,81,96,79,110,42,60,86,6,100,70,124,36,7,32,22,122,31,102,49,90,73,14,17,71,126,48,53,67,24,28,4,80,103,11,72,109,5,2,127,50,91,128,76,74,54,123,0,3,77,57,47,108,83,38,18,68,58,135,69,101,114,84,107,125,95,62,118,94,89,34,65,75,132,88,93,63,59,61,130,134,111,133,64,21,12,29,55,35,113,20,56,131,112,66,10,116,43,82,120,13,105,27,8,92,129,1
4,2
112,50,67,74,134,92,85,55,63,107,29,39,51,124,72,33,40,56,130,12,102,28,15,7,82,49,132,98,95,60,121,111,21,120,87,108,1,127,52,18,19,8,71,89,129,64,84,66,30,6,44,70,17,128,76,62,2,79,14,73,105,43,0,86,4,31,13,35,94,37,119,106,115,100,32,11,125,80,117,48,133,59,99,16,75,57,61,110,47,97,20,53,123,126,96,5,46,3,109,36,23,42,9,93,22,135,88,26,118,103,83,10,45,131,69,38,78,34,116,113,25,104,91,54,24,41,81,122,114,58,90,101,27,68,77,65
1,5
125,40,111,16,32,97,10,80,1,133,115,74,42,54,126,51,56,45,106,67,7,64,120,52,26,22,2,123,39,100,88,28,17,96,89,108,103,131,121,11,31,107,84,85,104,95,114,87,86,20,50,82,36,112,58,5,117,83,30,63,129,62,130,71,33,81,79,132,66,65,38,23,98,47,0,109,12,60,127,118,59,9,76,61,78,15,34,68,24,102,105,70,69,99,46,35,48,53,92,3,110,14,90,91,13,6,19,128,43,93,8,73,116,134,18,94,25,101,113,57,49,4,75,37,27,21,119,124,72,55,29,44,122,77,41,135
4,5
112,60,96,132,58,93,116,33,117,48,109,19,67,88,50,18,26,63,44,73,131,59,62,107,29,87,38,115,51,91,77,85,99,70,127,114,104,125,37,45,1,100,106,31,43,108,34,121,64,22,95,72,7,128,52,84,81,28,39,89,2,21,122,16,15,41,130,35,75,135,57,24,129,17,90,68,61,113,4,65,53,101,120,25,111,8,80,12,13,76,10,11,103,40,102,134,42,3,56,74,98,110,0,119,47,94,32,30,54,126,66,27,69,55,124,92,20,82,105,23,78,86,118,123,9,14,83,46,71,49,5,133,97,36,79,6
5,4
103,56,130,106,127,80,124,97,31,115,51,83,8,52,66,59,9,11,133,5,70,132,43,92,37,33,20,63,104,114,131,28,14,40,53,108,129,41,107,58,122,111,39,119,98,110,12,6,7,13,17,94,105,10,65,113,1,21,62,34,116,60,96,64,101,120,3,126,134,123,76,89,26,77,30,50,112,86,117,72,15,100,99,79,68,55,118,75,47,38,29,87,4,69,16,102,22,35,91,73,78,109,0,19,2,82,61,135,24,128,45,74,81,95,27,71,44,46,67,84,25,90,88,54,85,93,121,48,42,18,49,32,57,23,125,36
5,3
3,98,91,93,33,68,11,74,1,89,27,23,57,26,31,66,130,126,67,13,22,73,12,52,59,37,7,20,92,76,135,69,80,55,77,45,133,101,78,124,50,79,18,102,75,134,120,25,62,71,6,107,4,61,40,87,65,116,29,51,103,109,81,21,106,95,132,39,125,94,123,117,8,112,118,114,97,100,121,63,111,16,41,32,43,70,105,110,128,10,96,86,14,53,119,30,5,19,17,24,99,54,82,83,84,85,46,104,129,15,115,88,49,38,28,122,35,58,42,0,108,56,127,131,64,48,113,36,34,2,44,9,47,90,60,72
2,5
119,66,40,51,29,121,6,96,109,78,0,36,49,124,16,122,7,2,60,45,102,14,113,33,37,117,85,13,93,56,42,118,50,48,3,125,62,92,74,129,91,5,58,135,73,80,75,34,55,116,111,25,88,10,27,84,41,94,23,32,120,103,131,107,35,97,133,72,1,71,47,95,46,28,12,43,59,52,19,105,21,134,104,100,24,108,98,126,79,15,65,112,89,132,114,63,69,87,81,86,101,30,31,8,64,123,67,99,39,128,11,20,70,26,17,130,110,76,22,115,77,9,68,61,54,127,38,53,83,44,82,18,57,106,90,4
6,1
5,48,53,76,100,96,64,32,94,19,52,72,110,4,125,14,98,133,37,0,26,67,114,45,108,10,35,77,71,50,39,126,18,109,88,2,58,27,1,41,6,83,12,86,40,93,104,57,112,90,7,38,115,119,23,30,97,15,118,79,59,82,65,92,129,130,87,113,16,56,128,101,49,102,54,43,124,120,122,103,75,121,11,51,34,25,55,66,21,107,123,24,111,73,47,20,31,69,127,46,8,60,78,9,42,131,105,63,95,89,17,91,70,22,99,74,80,28,135,33,132,68,29,3,116,84,61,85,13,106,62,117,134,36,44,81
2,3
94,79,17,37,15,85,1,134,128,62,43,82,22,88,84,133,29,34,112,4,104,89,27,58,12,6,119,24,61,59,78,35,60,69,9,129,63,113,117,48,13,42,135,116,70,46,7,71,83,92,23,52,14,76,55,57,96,132,118,67,130,65,80,106,73,77,90,121,122,32,5,36,28,54,18,101,33,50,20,8,16,44,107,19,91,103,127,97,74,102,45,124,98,87,38,114,64,11,49,26,105,126,51,131,108,56,111,95,125,41,47,3,109,72,75,30,68,40,115,110,2,86,39,0,25,99,66,120,100,31,123,21,10,53,93,81
1,4
8,27,127,92,80,89,112,123,103,111,0,20,97,4,13,51,54,96,109,64,106,21,81,115,28,40,52,73,10,79,75,25,17,84,2,33,15,116,6,90,102,32,118,65,26,3,78,107,56,55,9,38,24,114,60,1,105,12,36,101,121,100,129,74,135,63,120,37,122,125,23,48,61,113,104,57,7,87,43,11,41,70,19,95,124,88,31,130,126,47,67,71,18,94,91,39,69,42,14,98,132,53,85,68,34,128,93,50,133,49,29,86,108,99,62,76,5,117,134,66,77,22,110,44,35,72,119,16,30,45,131,46,59,58,83,82
3,1
130,45,118,73,56,128,2,86,100,123,79,61,14,122,29,78,131,6,87,95,17,132,85,55,35,9,96,3,93,40,92,52,98,15,71,64,99,21,133,109,48,26,129,27,81,39,25,119,105,107,90,103,72,125,97,60,19,1,127,44,70,8,114,37,75,126,54,36,74,68,82,30,28,7,13,121,51,124,135,33,76,108,88,94,31,4,57,42,110,84,22,20,10,111,66,113,24,89,12,83,16,38,106,18,80,59,116,5,46,117,91,120,50,34,47,58,43,41,134,101,32,77,102,49,23,63,11,62,53,65,69,115,67,0,104,112
3,1
21,52,116,130,54,132,66,5,86,134,53,119,15,35,1,117,120,44,112,105,122,127,88,87,11,65,46,26,90,93,28,29,68,39,59,111,114,37,98,83,135,57,36,62,22,61,10,82,85,110,48,45,100,41,121,115,74,32,6,124,40,64,69,19,38,47,8,60,0,123,55,14,101,73,125,131,2,109,89,113,95,30,72,78,3,34,50,56,13,107,63,12,126,97,20,129,51,79,23,7,92,33,108,104,24,18,91,9,128,17,49,27,94,4,43,42,16,71,106,31,118,81,102,80,70,96,84,76,75,99,77,103,25,67,133,58
6,2
61,74,92,40,94,23,103,98,112,84,132,133,36,47,48,25,45,7,111,82,79,125,26,66,62,109,22,93,75,32,28,67,126,113,35,50,95,11,55,87,124,3,83,102,68,117,56,116,42,10,30,90,4,37,31,118,54,73,135,57,78,59,101,64,91,33,15,76,39,49,20,127,131,0,52,17,9,8,1,115,71,128,100,120,29,129,6,44,58,72,46,19,104,122,5,16,81,119,69,106,96,85,18,43,63,34,80,114,130,97,53,86,107,105,89,12,108,38,51,110,65,41,14,21,24,134,27,123,88,99,70,60,2,77,13,121
6,5
113,51,117,122,77,8,97,123,13,120,67,91,85,7,88,73,115,110,119,9,38,111,112,26,100,124,19,44,98,68,129,46,126,135,76,101,61,121,36,23,59,128,58,114,105,24,107,10,2,92,132,69,35,90,11,42,106,16,17,87,86,89,125,66,55,79,31,56,108,4,95,25,65,104,32,102,21,52,14,71,15,133,0,109,94,28,64,75,6,57,22,96,29,81,63,30,74,5,70,99,50,48,41,18,131,80,45,37,72,83,82,84,27,12,34,118,53,47,134,130,62,78,1,20,33,127,60,93,3,43,40,116,103,54,49,39
2,2
46,38,63,93,134,105,92,28,54,0,14,77,35,94,4,12,69,104,72,13,41,114,11,33,2,43,98,7,19,101,21,84,64,59,115,123,82,58,112,25,15,110,117,73,97,47,130,87,131,85,39,29,68,128,61,65,44,32,8,24,3,129,127,42,34,95,81,55,17,48,103,20,120,37,71,45,10,86,31,62,124,50,52,119,126,100,51,113,1,22,57,118,6,75,16,18,53,83,36,76,111,74,96,49,60,88,70,108,125,91,5,79,66,89,56,40,107,102,121,116,67,80,23,135,26,78,9,27,90,106,30,99,109,133,132,122
4,6
86,84,81,22,6,31,59,10,17,97,74,90,52,24,132,16,56,0,78,42,101,112,93,15,120,19,53,36,37,89,117,9,126,29,125,107,61,95,58,49,129,26,44,124,14,68,23,2,76,130,91,12,46,69,116,45,102,3,63,18,35,51,67,25,70,113,92,47,75,30,121,87,27,98,131,72,106,66,4,88,103,77,133,1,80,83,114,38,32,122,108,40,100,127,34,54,20,94,82,55,118,99,128,119,8,105,28,33,85,60,135,5,110,62,79,111,65,134,43,13,109,71,50,104,48,64,115,7,73,57,96,123,41,39,11,21
4,1
90,41,103,24,123,107,118,91,78,55,38,25,120,13,52,45,128,22,116,12,94,113,124,101,80,135,70,53,88,83,8,37,31,57,69,2,85,114,50,23,15,32,51,14,44,48,81,82,35,105,111,11,43,75,56,66,42,4,63,20,21,109,28,125,73,58,61,127,97,131,108,64,99,119,47,60,0,104,59,10,100,18,54,30,129,98,40,34,65,29,121,112,1,92,5,39,106,95,62,16,6,93,7,46,72,122,26,115,89,84,71,87,77,96,76,117,134,102,67,3,79,27,33,110,49,130,36,133,19,9,68,86,132,74,126,17
6,3
56,107,119,124,85,23,91,130,83,109,76,35,98,61,65,20,133,32,55,97,52,114,104,17,15,41,115,63,45,14,27,101,95,8,42,135,16,132,129,102,28,123,51,7,1,93,38,5,60,79,121,53,88,24,127,22,33,19,110,3,18,39,70,84,58,9,67,71,43,10,0,118,112,48,73,34,134,21,47,89,59,99,57,44,106,120,125,66,86,77,111,96,13,49,2,131,82,74,92,37,50,72,90,87,36,54,31,46,78,62,12,29,103,64,108,100,40,81,94,30,105,25,128,26,80,113,126,116,75,11,122,68,4,6,69,117
3,1
46,126,59,133,99,31,74,123,23,62,100,9,28,35,17,71,33,70,21,117,127,53,79,56,45,128,80,116,16,118,37,0,14,24,78,122,20,113,2,82,86,121,51,48,58,102,85,92,109,73,134,68,55,81,32,96,34,44,104,87,106,30,60,105,83,93,115,19,57,67,88,84,26,65,76,40,11,13,41,132,108,22,110,90,18,47,95,27,5,25,63,52,119,7,54,114,135,29,8,69,131,98,1,64,91,125,12,10,124,61,130,66,107,49,94,75,112,101,4,6,42,38,97,50,3,72,103,15,111,129,36,43,89,39,77,120
6,2
79,53,54,92,26,41,57,73,85,84,59,7,32,58,100,14,15,70,55,67,36,35,113,60,105,108,124,63,1,135,89,104,0,72,134,99,19,81,25,125,62,93,33,23,28,82,10,123,2,120,47,27,129,111,8,13,9,71,64,45,51,76,115,130,132,29,101,121,119,97,6,103,106,61,20,65,3,5,87,12,133,56,95,86,39,128,98,96,117,110,11,50,77,107,24,22,31,48,66,17,102,18,91,127,114,94,116,44,40,46,30,78,43,126,37,52,74,109,112,42,131,68,118,88,83,38,4,80,75,122,90,16,49,69,34,21
1,1
62,21,55,122,12,24,15,43,134,72,102,123,4,87,107,88,19,2,33,70,80,121,54,96,44,51,99,113,50,38,53,25,5,68,104,86,135,64,60,119,65,90,75,52,30,85,49,82,112,0,130,58,8,74,1,71,46,36,111,17,66,124,133,79,47,126,26,103,16,45,73,77,125,23,108,76,29,7,28,131,41,34,109,83,61,132,95,39,67,84,115,63,91,48,97,120,56,31,59,78,129,110,89,128,9,11,92,100,98,32,105,35,6,114,40,3,118,57,27,13,69,106,14,81,117,22,101,18,116,127,93,10,94,42,37,20
1,3
59,24,112,38,44,48,43,131,40,72,67,101,63,41,6,54,102,26,124,116,1,68,51,114,100,14,74,135,33,64,127,130,79,113,126,103,69,118,128,117,0,98,106,39,119,34,66,96,97,58,73,70,52,3,2,77,78,115,133,12,104,10,132,29,123,84,125,99,25,65,47,9,36,110,57,60,28,75,31,129,88,7,134,4,18,37,71,92,81,87,56,15,32,91,13,93,61,20,5,21,35,89,8,107,83,120,62,76,82,90,94,80,49,46,11,30,53,111,23,27,86,122,16,109,95,17,105,55,85,22,121,50,108,45,19,42
6,2
82,32,117,129,44,78,74,28,66,118,5,9,6,110,104,42,94,12,73,13,91,121,90,135,68,72,89,85,59,106,37,98,81,14,49,38,133,36,84,132,105,123,96,50,60,3,52,103,7,30,111,71,62,75,120,107,53,41,25,31,100,65,10,21,58,63,16,27,86,18,1,83,130,115,134,87,11,54,93,61,99,113,33,2,76,34,114,48,67,69,108,70,125,22,24,109,45,15,116,79,97,124,127,47,46,92,102,126,26,51,128,4,77,112,0,95,122,35,17,80,55,119,64,88,39,8,40,56,23,29,43,131,101,20,19,57
5,1
67,19,98,26,134,113,81,32,78,14,39,23,76,99,47,132,13,44,18,9,11,52,61,101,87,90,57,92,82,123,34,80,43,110,6,42,74,69,35,20,60,2,30,131,37,48,7,31,12,103,64,46,88,29,17,33,27,24,129,115,124,109,5,38,112,85,89,111,53,91,121,93,45,107,96,51,59,114,100,21,55,135,73,8,63,86,97,117,66,125,22,56,62,94,1,84,40,16,75,25,102,49,3,0,128,54,41,120,122,10,95,72,65,127,58,15,28,130,104,77,70,106,79,105,119,71,116,83,126,118,108,50,36,68,133,4
5,4
26,22,91,93,125,78,31,104,36,17,16,28,6,94,80,129,49,35,14,66,83,118,110,27,97,19,53,131,12,72,86,54,88,3,2,115,109,102,124,68,112,5,133,45,89,130,48,126,81,134,79,34,50,32,40,99,46,59,43,96,0,70,52,123,127,25,62,51,9,117,87,58,135,71,63,55,64,114,119,75,90,10,132,69,4,84,23,21,7,67,15,108,57,44,100,37,107,33,20,13,121,92,74,39,61,101,73,120,1,47,18,76,122,98,116,113,11,65,128,106,8,30,60,82,95,56,24,38,42,77,85,29,103,111,41,105
2,3
4,116,85,30,33,98,45,52,132,69,90,42,114,65,46,99,17,95,56,108,107,48,16,81,87,129,31,5,41,7,23,0,28,19,80,130,53,70,91,135,38,122,123,106,82,14,18,94,61,36,73,117,39,104,118,15,11,109,8,72,58,6,101,37,40,74,88,112,24,57,67,76,50,21,113,64,13,63,84,92,12,78,66,20,124,35,44,29,96,51,75,133,9,27,125,71,119,128,43,59,60,93,102,34,1,55,120,83,22,10,89,3,26,62,47,25,2,103,49,105,121,68,134,79,115,127,97,32,126,77,131,110,111,54,100,86
2,2
53,41,40,52,59,74,67,20,75,104,105,55,127,133,17,123,14,100,112,58,134,73,89,79,95,94,28,13,27,33,25,70,38,107,46,76,110,42,19,88,93,83,45,115,68,109,102,60,26,22,16,48,2,86,12,29,78,31,125,50,34,32,122,103,62,116,0,77,126,49,99,35,8,64,1,120,87,71,101,131,130,128,113,118,106,4,82,92,96,39,132,54,57,3,119,23,90,66,114,37,21,43,63,80,24,56,129,111,11,72,121,117,135,6,44,51,98,10,7,30,5,97,18,124,9,47,85,36,65,108,69,84,81,61,15,91
3,2
74,132,37,10,71,91,45,14,21,41,114,29,24,12,31,110,108,58,16,101,17,56,87,13,99,130,100,135,104,69,22,23,126,105,103,34,107,43,48,47,62,85,96,81,102,39,65,109,115,127,55,46,70,80,123,118,52,57,64,72,82,0,122,68,2,33,15,28,51,125,120,73,116,124,49,26,40,88,128,111,94,95,1,3,79,106,77,89,27,36,59,9,42,7,93,86,119,134,63,84,54,32,25,44,11,4,133,35,5,66,117,75,121,67,60,131,38,78,76,18,20,83,30,97,19,50,98,6,129,90,61,113,53,8,112,92
4,2
72,65,39,104,135,109,98,1,77,112,132,47,68,129,34,30,110,25,58,6,83,28,91,61,105,62,121,18,8,27,0,108,33,84,101,36,116,49,66,21,35,82,111,70,126,69,119,86,52,57,9,53,24,46,29,79,78,117,64,38,20,106,3,103,80,115,75,130,12,13,125,85,131,89,41,45,16,15,123,5,11,48,76,73,43,93,37,92,134,113,102,88,56,99,23,31,87,96,100,128,50,51,42,22,40,7,32,60,54,2,4,122,74,94,95,90,63,67,133,107,124,10,97,17,59,127,81,71,120,19,114,14,26,55,118,44
6,6
66,121,2,55,92,98,124,108,26,99,115,96,29,39,51,54,28,16,10,44,117,4,122,112,86,9,133,113,14,119,50,30,107,57,12,77,22,82,120,25,114,83,18,75,135,111,19,40,127,79,7,101,5,34,13,27,46,70,102,21,134,95,97,85,100,6,52,94,41,8,65,105,76,129,109,45,132,73,104,0,69,42,93,36,74,81,126,35,68,72,61,59,37,130,1,123,80,47,24,71,43,78,84,48,32,62,91,56,118,90,11,110,3,60,20,106,103,116,31,49,128,131,67,64,125,63,87,58,38,53,89,17,15,88,23,33
3,6
80,36,38,48,68,57,13,12,52,120,133,79,14,24,54,135,90,20,74,58,25,114,59,87,69,116,134,40,132,46,108,53,86,23,127,65,22,39,61,73,17,129,119,28,128,125,115,30,5,113,78,32,102,123,92,110,44,15,45,21,104,8,111,77,16,67,3,71,33,117,2,124,9,84,72,51,43,122,83,0,31,47,41,63,64,35,93,105,10,106,96,76,107,19,4,26,94,126,89,118,37,6,62,66,18,42,60,55,81,112,75,99,103,27,131,34,91,101,130,56,109,100,29,49,1,98,121,82,7,11,95,85,50,88,70,97
2,4
121,53,50,45,72,123,115,125,23,85,44,67,90,46,108,14,84,107,9,124,116,49,131,27,64,117,110,12,99,1,109,77,57,2,59,21,94,126,93,112,24,15,32,37,88,111,68,74,80,106,95,10,36,0,98,55,20,16,120,129,103,118,89,79,63,30,105,47,58,52,43,60,11,71,61,5,39,73,22,13,119,28,7,75,69,91,113,4,41,133,54,25,122,65,56,97,102,42,34,86,76,104,40,87,33,3,66,19,128,29,18,82,114,96,127,134,81,132,100,130,17,135,51,26,8,83,62,101,70,38,78,31,35,48,92,6
4,6
85,117,23,9,14,111,87,104,24,101,114,98,67,81,80,76,42,95,29,13,53,54,133,30,73,78,5,45,39,59,49,20,19,124,113,35,83,134,57,47,27,90,70,91,12,8,72,21,66,127,25,110,38,36,52,130,125,86,96,32,6,17,33,62,22,31,108,50,11,93,102,48,112,84,99,107,132,82,128,126,79,75,58,71,122,16,65,46,109,118,115,1,77,55,129,94,106,61,37,0,63,120,60,10,15,100,92,123,97,40,7,105,64,51,2,3,89,34,41,28,68,135,4,103,74,131,119,69,88,44,43,121,56,26,18,116
6,4
12,114,87,60,6,54,108,79,36,91,13,7,133,92,44,101,57,27,118,59,74,135,15,71,19,38,73,50,42,67,103,70,35,116,64,24,26,81,41,106,130,72,1,98,90,75,14,0,88,5,61,99,53,62,22,93,30,94,76,109,3,102,78,29,11,23,68,9,46,51,20,83,125,2,32,34,56,80,82,40,21,115,25,128,39,45,131,52,119,121,69,120,113,104,17,100,58,129,124,66,89,132,63,112,18,4,48,55,31,43,97,86,105,126,111,8,110,49,95,37,122,65,16,84,123,96,107,28,117,47,127,85,134,77,10,33
6,3
13,9,34,69,22,42,92,129,94,35,55,45,23,84,37,110,68,54,127,93,1,99,61,31,65,63,118,108,70,76,3,119,24,71,117,131,98,26,44,88,5,33,87,11,46,47,132,104,38,106,75,128,122,115,14,7,135,73,81,27,40,0,133,29,91,89,96,21,109,60,77,15,52,62,80,64,8,16,101,100,111,134,102,126,107,125,83,25,48,95,74,36,30,86,50,32,59,79,18,90,103,10,39,20,57,58,2,123,82,112,66,53,17,130,124,6,85,72,97,51,12,28,67,78,120,41,113,121,49,4,19,116,43,114,56,105
1,2
20,134,103,94,4,110,77,105,17,44,36,114,121,120,71,85,11,126,87,76,13,75,51,125,12,128,122,100,72,119,73,2,108,47,123,6,0,27,68,26,86,107,50,113,52,62,37,93,35,23,67,60,88,39,19,34,3,98,49,21,127,5,83,133,130,70,32,102,66,58,24,63,80,91,109,117,48,96,89,61,42,53,8,116,38,55,56,29,82,131,124,129,41,135,111,69,43,59,90,45,18,74,78,118,40,65,30,99,84,28,79,1,115,7,57,54,92,104,33,31,97,16,95,14,64,9,101,10,112,132,22,46,106,81,15,25
5,4
117,23,21,32,15,34,49,10,17,108,87,94,130,95,105,53,90,123,14,113,70,132,102,64,115,19,25,104,13,100,42,116,79,114,52,86,91,109,22,111,63,54,71,8,106,82,98,5,51,73,62,83,24,129,80,101,89,77,88,84,118,128,120,40,135,81,99,60,74,12,67,30,2,16,37,7,110,78,4,39,121,93,35,68,97,72,122,125,133,58,9,43,107,112,27,75,41,6,0,20,131,124,18,46,26,47,134,59,127,57,126,69,31,11,85,66,76,92,1,38,61,36,55,29,44,96,45,28,119,33,48,50,65,56,103,3
6,4
49,20,5,67,102,74,70,22,91,132,89,129,11,109,55,36,121,61,81,31,13,54,59,29,30,19,37,71,96,23,99,94,45,130,127,92,118,131,48,135,60,90,133,57,56,25,7,126,78,64,68,107,69,124,116,1,98,14,120,104,15,115,80,16,33,9,47,35,75,24,38,52,66,122,58,65,86,85,51,93,8,103,2,119,3,10,27,40,42,125,105,17,113,82,100,128,97,112,12,32,108,110,39,26,72,28,84,6,53,123,95,63,18,43,79,46,50,4,87,77,62,134,88,111,0,76,117,106,83,73,34,44,41,21,101,114
5,6
112,35,41,62,7,65,100,115,59,26,69,116,93,60,70,84,83,78,42,54,53,119,125,64,36,40,67,55,4,85,30,104,133,101,74,132,28,111,73,9,31,99,114,3,82,18,87,43,72,21,121,29,39,88,27,56,71,25,15,66,58,10,77,80,98,68,76,22,124,6,50,33,94,11,97,20,2,129,81,51,107,96,127,5,117,110,34,57,0,95,120,128,32,79,47,105,130,75,122,102,118,86,103,131,49,106,46,38,44,23,12,24,92,108,91,45,61,90,19,89,37,13,8,48,134,16,135,113,52,63,1,109,126,14,17,123
2,1
40,5,127,95,53,27,76,3,73,2,46,13,65,10,126,57,86,20,129,88,16,115,124,6,125,12,24,77,9,91,104,11,39,90,114,78,47,37,101,71,56,130,64,26,119,122,59,82,58,132,89,103,134,118,107,83,131,29,109,55,41,48,72,105,30,74,60,15,28,108,35,110,112,120,22,62,49,51,113,81,21,36,116,69,111,92,54,128,133,68,0,63,67,8,50,100,117,38,45,121,31,80,34,18,93,135,23,87,42,79,123,61,4,66,99,44,94,7,75,32,96,14,97,102,52,85,25,43,106,1,98,84,17,33,70,19
3,2
24,53,63,119,10,33,78,115,62,6,133,98,106,88,134,91,70,74,61,80,45,16,5,82,72,51,7,17,118,32,47,75,34,112,131,9,65,110,79,22,46,12,31,85,95,21,105,57,27,58,77,81,37,102,128,15,125,94,111,132,86,0,29,69,113,1,117,18,101,14,116,130,87,49,100,68,28,44,73,127,23,38,71,59,4,35,121,41,40,97,129,83,56,30,43,89,124,122,42,120,2,3,93,99,108,50,76,123,114,39,67,103,92,107,52,48,84,13,55,90,126,60,135,54,8,26,25,11,66,104,64,19,36,20,96,109
3,3
7,55,128,5,41,6,11,113,127,105,103,104,61,4,93,106,40,35,2,76,89,110,109,111,119,135,70,3,28,1,29,92,63,44,59,24,47,49,80,94,65,75,124,34,16,79,112,53,32,134,98,13,22,88,39,121,31,122,73,25,33,57,117,45,90,129,38,133,100,66,64,26,68,71,87,107,42,78,9,60,120,72,54,74,23,123,115,50,86,67,62,8,17,14,52,101,0,20,19,131,77,10,114,51,15,56,37,84,43,36,95,82,99,126,58,18,91,83,46,97,69,21,130,116,81,48,108,30,125,102,96,118,85,27,132,12
2,4
