73,23,36,19,121,115,68,116,28,88,54,52,133,60,83,102,37,64,79,59,6,112,127,20,50,95,61,97,17,110,46,14,3,78,43,66,2,65,92,100,53,91,76,119,132,49,71,7,126,13,135,113,106,70,34,57,26,47,107,32,111,96,25,44,108,120,51,109,94,89,1,124,101,80,134,118,27,48,18,85,9,82,4,29,123,38,63,12,98,77,0,131,74,35,55,8,58,75,117,84,103,128,122,86,129,69,24,104,105,90,99,5,45,72,11,81,31,33,16,130,87,15,114,56,41,62,39,40,93,42,21,22,125,10,30,67
5,4
120,53,102,32,62,121,63,7,113,5,21,27,135,86,71,22,95,110,132,125,17,130,112,72,76,98,66,12,47,41,18,80,9,124,69,36,51,85,134,107,34,88,67,106,16,24,129,56,13,43,2,64,46,54,101,52,30,96,50,78,49,14,48,20,117,68,91,25,60,116,6,1,103,23,28,3,26,128,127,61,133,35,100,31,11,58,38,75,19,79,119,131,118,87,109,39,29,44,74,90,0,42,84,33,73,82,94,105,97,57,126,45,99,65,83,59,92,4,81,10,104,123,55,40,70,37,114,89,93,8,115,15,77,111,122,108
6,3
36,68,113,80,54,5,81,12,48,22,89,4,69,73,75,70,114,76,106,11,2,107,112,7,92,64,26,56,15,16,118,91,51,50,28,20,59,53,120,34,110,119,57,116,55,9,83,10,105,122,125,32,130,85,63,17,27,123,97,95,78,47,96,49,101,88,52,31,6,35,128,111,25,23,18,46,66,38,0,100,86,8,29,121,67,135,103,40,93,129,65,1,33,127,19,39,61,44,14,115,24,126,109,134,124,82,133,84,72,94,60,43,41,37,45,131,104,62,132,117,30,13,87,98,71,90,74,102,42,77,21,58,79,3,108,99
2,3
76,105,61,2,109,116,40,6,74,8,71,1,98,110,4,3,58,106,113,17,47,80,59,44,69,48,126,135,11,97,28,99,117,15,7,65,129,102,60,43,104,36,10,108,26,85,51,34,81,94,82,45,134,55,100,39,96,21,133,53,32,52,16,132,120,112,27,12,101,31,22,119,64,41,42,72,75,38,93,91,83,50,87,30,111,29,107,88,33,56,57,115,123,66,130,49,78,5,63,86,114,0,70,124,79,121,46,118,92,125,62,19,84,77,37,54,9,68,24,18,23,122,95,127,67,89,20,73,103,90,14,35,131,128,25,13
2,3
124,44,3,13,133,112,57,85,70,131,4,8,17,72,100,120,52,130,21,134,73,122,74,1,77,108,19,26,104,40,23,54,80,94,43,42,18,47,48,88,24,113,15,20,106,132,128,32,119,28,84,110,79,90,6,27,115,105,37,35,16,68,93,96,89,97,123,51,25,22,121,61,10,103,65,30,125,12,11,53,83,5,117,86,111,107,2,38,7,45,59,46,95,126,33,127,39,99,102,76,92,91,114,62,129,135,64,60,14,41,66,31,78,36,55,63,67,58,0,118,56,50,81,82,75,69,29,101,87,49,109,98,34,9,71,116
4,3
24,133,105,46,49,33,45,53,88,123,15,109,51,5,35,86,135,43,14,71,83,97,29,68,75,31,127,121,42,110,118,108,77,98,73,92,59,44,13,99,82,26,132,56,38,125,55,54,102,12,23,69,124,16,79,27,34,122,28,40,114,37,119,0,41,11,128,76,4,17,116,9,67,3,106,80,126,48,20,10,66,19,91,103,95,8,87,74,21,63,25,112,85,101,78,60,22,52,120,104,57,90,47,64,107,129,62,70,89,18,58,117,30,36,100,131,50,84,2,111,93,6,72,134,65,113,81,96,61,39,7,94,130,115,1,32
5,3
100,25,88,61,111,49,56,130,92,14,20,0,121,47,78,21,65,17,86,57,7,135,55,12,48,116,42,107,103,26,43,132,104,105,60,71,114,23,38,22,64,10,98,106,77,129,41,46,109,81,66,85,131,11,28,126,112,37,3,83,24,80,120,118,133,27,123,134,119,1,32,72,52,94,58,34,97,18,76,6,101,2,115,40,110,50,54,5,36,31,69,44,99,19,89,108,53,128,29,45,33,82,73,39,79,122,113,9,70,16,4,13,67,96,63,51,102,127,87,75,15,124,30,59,74,93,91,35,68,95,117,8,90,84,125,62
3,2
72,19,42,129,96,82,16,11,80,14,57,106,124,133,111,116,92,38,78,81,5,101,75,50,20,132,2,56,58,64,134,84,109,63,130,29,18,127,33,83,107,71,17,13,121,54,24,122,22,91,123,21,69,48,30,10,47,60,55,87,117,43,112,131,26,32,68,70,46,62,23,102,113,41,49,125,61,135,65,79,115,9,76,40,108,34,37,126,94,31,28,53,59,6,67,3,7,51,74,90,0,114,118,105,103,99,119,88,110,100,8,39,66,35,36,25,95,97,44,12,27,128,45,98,15,4,85,52,73,1,93,104,89,120,77,86
1,1
104,8,23,84,82,30,4,100,123,96,10,131,12,76,118,95,28,16,102,113,24,61,18,114,0,107,88,90,53,91,32,70,41,39,65,135,117,69,14,119,42,120,99,31,29,85,62,125,59,37,89,126,128,94,54,57,50,43,11,40,97,27,68,86,47,83,34,46,7,80,106,105,111,60,19,63,98,87,49,67,92,72,110,122,17,130,78,115,127,20,116,15,103,5,2,66,55,77,26,45,9,25,1,71,3,133,121,35,51,6,74,129,21,109,33,112,93,75,73,101,132,44,81,79,48,13,36,124,52,38,22,134,108,58,64,56
2,3
92,116,119,9,56,66,94,99,15,135,25,93,88,71,29,100,78,83,113,17,112,115,53,12,124,22,7,90,5,58,1,13,109,110,50,73,129,63,28,64,85,26,20,125,57,34,23,133,31,62,69,108,4,60,95,75,102,37,86,84,81,41,103,104,128,16,40,134,43,6,89,21,101,51,39,36,38,80,27,65,30,96,32,42,79,18,121,55,52,123,67,126,24,127,47,130,8,44,118,0,114,35,46,76,82,105,87,45,122,107,70,132,3,48,77,131,117,68,14,91,72,2,54,33,106,19,61,74,10,98,49,111,59,120,11,97
1,1
55,73,29,74,89,69,59,107,115,23,117,42,44,91,127,72,122,35,102,27,135,105,126,9,125,54,10,98,61,37,36,30,0,133,121,111,18,58,15,5,19,76,40,109,47,56,99,93,57,106,20,75,131,96,11,113,67,68,65,2,32,13,134,130,70,48,85,79,104,28,43,90,33,87,120,95,119,101,14,50,128,8,108,34,22,64,60,78,46,39,124,66,81,92,53,88,38,1,110,7,112,132,52,45,62,116,17,24,71,94,86,31,4,3,12,97,51,100,114,84,26,103,82,16,77,6,80,41,63,118,49,83,123,21,129,25
2,6
130,113,63,47,89,101,73,85,104,9,99,43,83,27,46,135,122,93,49,37,124,33,95,80,50,118,26,91,54,129,38,58,64,24,56,128,98,72,40,31,81,107,42,25,86,125,87,69,82,66,120,52,1,4,17,119,0,94,3,61,59,23,68,102,90,74,133,12,65,22,48,62,123,112,32,7,15,121,11,77,100,103,84,18,57,70,96,55,97,131,67,116,115,110,109,126,76,36,79,132,45,10,21,14,35,60,44,88,92,117,5,53,78,108,41,16,114,75,106,8,71,29,51,2,34,134,105,28,111,19,13,39,20,6,127,30
5,2
77,38,7,61,128,14,96,51,86,55,4,98,91,29,9,54,97,58,18,85,62,100,119,116,49,106,71,27,47,109,43,24,69,39,131,26,76,133,127,45,78,125,60,50,112,124,20,53,122,123,110,12,59,132,67,30,75,1,92,82,8,13,105,0,35,90,15,87,36,64,48,16,102,19,44,107,111,42,120,93,95,74,94,56,104,37,33,57,22,10,68,101,115,31,84,81,89,32,83,17,108,40,28,2,65,118,23,34,114,130,134,79,99,6,126,5,113,52,63,3,21,11,46,135,66,73,129,103,25,70,117,41,88,80,121,72
3,5
49,56,36,80,88,8,60,34,22,133,94,68,62,78,77,32,93,72,20,132,119,14,91,74,47,4,2,117,76,6,135,16,61,115,33,43,71,128,86,92,113,95,27,21,13,121,19,116,59,81,129,63,134,51,25,112,104,103,122,46,45,127,105,96,131,65,24,82,102,126,70,107,100,83,66,111,12,50,123,87,98,35,29,30,39,69,23,84,110,58,73,109,52,130,3,79,114,7,28,67,97,42,125,57,5,40,18,44,75,17,124,11,64,53,108,48,38,89,101,120,118,106,15,55,0,90,41,37,26,10,31,1,9,85,99,54
5,6
63,65,114,124,133,69,8,118,32,4,9,5,95,30,64,60,126,51,33,41,85,13,90,7,61,132,1,89,99,109,0,56,116,29,31,49,40,115,128,86,93,66,54,84,119,113,57,130,39,134,104,36,108,105,135,127,58,80,81,97,78,79,107,46,117,18,27,74,62,70,14,100,55,122,45,50,87,12,129,53,2,102,68,106,17,43,20,121,96,71,28,47,38,72,73,59,15,25,111,103,26,101,21,120,75,125,37,82,91,67,52,19,77,42,110,48,112,3,83,23,123,10,98,6,34,11,94,24,88,44,76,92,16,22,35,131
6,6
35,34,28,82,127,132,114,92,98,129,115,16,14,116,31,15,74,80,55,65,96,101,123,95,57,18,85,4,78,2,84,109,25,7,66,90,133,21,89,6,107,23,76,69,44,50,120,12,119,134,86,122,32,3,67,106,126,60,112,51,77,19,27,108,121,43,9,118,1,26,38,111,128,8,75,40,58,42,52,13,94,59,47,83,124,20,102,105,81,39,71,88,99,79,54,61,45,131,62,100,130,87,41,72,113,56,110,93,11,46,53,29,37,64,73,68,70,135,5,117,0,125,22,33,36,17,104,63,97,10,103,91,48,24,30,49
2,4
10,9,103,12,59,52,127,135,98,56,26,117,7,69,100,21,95,82,45,116,123,42,41,3,1,77,93,46,32,111,97,92,70,119,108,18,125,83,43,120,99,11,75,31,84,61,35,114,80,14,73,2,132,58,37,19,22,27,113,34,131,91,122,0,74,44,17,101,63,88,118,13,90,104,134,110,4,6,126,124,54,66,79,16,25,128,38,55,85,30,89,48,23,33,133,15,107,39,86,67,24,106,72,112,60,50,76,102,115,8,130,68,78,81,109,64,29,49,129,71,87,57,36,40,121,94,62,51,53,47,20,65,5,105,28,96
4,5
97,48,127,32,22,114,113,35,89,45,132,41,124,82,93,33,24,19,47,49,129,42,52,36,37,70,2,59,111,134,17,51,9,77,46,39,130,85,100,63,74,27,3,10,122,43,67,118,110,16,44,123,20,133,5,75,55,91,30,95,102,21,105,61,99,107,135,13,40,69,81,34,53,73,76,12,31,79,121,106,92,25,88,26,101,96,50,14,120,71,15,117,109,119,108,56,66,84,29,72,4,116,23,115,57,90,64,126,6,125,38,80,103,1,65,86,28,62,83,11,0,68,60,78,131,128,8,54,87,58,104,7,94,18,98,112
3,6
99,120,59,60,109,131,115,58,104,126,32,35,38,124,30,10,77,37,62,100,82,12,53,103,110,7,26,113,18,29,72,130,123,97,70,127,54,98,36,65,78,90,125,51,76,39,47,41,55,22,118,87,28,106,0,117,96,13,84,17,119,11,112,5,108,48,45,107,14,80,73,71,16,74,69,21,101,88,134,20,8,93,133,89,4,44,56,50,25,23,83,52,111,42,34,19,105,85,46,2,95,61,67,132,64,27,66,79,40,43,68,81,135,92,1,57,94,116,6,114,102,49,15,75,121,129,31,24,86,33,63,128,122,9,91,3
1,2
62,22,29,109,91,134,108,104,19,74,8,28,0,63,89,118,81,24,14,26,99,87,60,111,23,73,45,52,54,34,35,18,6,16,44,47,46,96,76,51,85,100,132,61,25,115,88,123,90,105,128,101,95,12,1,53,112,113,130,64,98,125,94,49,17,133,69,21,40,38,82,20,106,31,30,39,97,56,127,50,37,57,68,78,86,80,7,66,70,9,124,32,65,59,92,41,48,126,110,93,122,36,120,11,129,27,71,84,135,5,55,77,33,72,103,114,2,107,3,15,79,83,117,102,67,75,10,121,4,42,58,119,43,13,116,131
1,1
76,39,87,38,11,52,102,131,73,58,4,62,109,2,13,103,104,40,68,9,72,93,66,41,15,22,1,79,69,99,112,114,84,32,54,6,43,50,88,89,60,36,74,19,94,33,134,31,129,21,105,125,127,44,130,63,67,47,46,56,28,75,116,132,55,126,30,3,101,95,23,20,29,97,18,128,121,100,120,70,96,12,81,35,25,42,8,51,82,83,77,122,92,64,10,85,111,124,90,80,57,98,0,135,48,7,86,113,45,14,118,117,110,91,115,133,78,27,61,59,106,37,24,26,107,5,119,65,16,34,17,53,123,108,71,49
1,4
13,64,59,131,18,100,32,30,130,8,119,112,48,117,36,25,61,56,88,20,54,39,10,85,86,41,44,43,104,22,45,113,52,42,106,5,33,123,81,49,15,37,114,55,94,132,51,83,134,93,29,99,0,16,75,40,135,57,82,115,90,74,109,92,68,46,1,87,79,133,17,95,77,47,111,96,84,76,3,73,11,31,107,6,66,26,116,125,63,50,23,120,118,127,9,7,69,21,58,98,128,14,78,35,12,105,129,71,4,108,67,91,28,2,24,19,102,122,89,53,101,103,27,72,70,110,60,38,126,97,80,124,121,65,34,62
1,3
124,64,33,2,78,39,104,98,66,35,50,63,48,71,133,59,53,16,5,84,103,72,99,11,37,76,83,38,32,58,0,79,24,114,30,117,120,9,52,55,44,15,81,106,109,27,96,7,118,75,12,111,89,102,107,116,128,14,92,13,112,73,90,82,56,49,28,127,87,122,126,100,31,125,19,132,51,65,41,121,43,40,42,4,22,88,61,129,131,67,54,130,134,108,70,57,95,17,105,36,8,20,10,68,3,62,119,80,25,94,18,91,135,6,74,69,1,46,86,23,29,60,45,26,47,34,101,21,110,85,113,97,123,77,115,93
3,2
88,114,70,87,63,73,99,29,41,39,18,94,120,30,111,92,81,7,1,50,122,106,107,4,47,97,62,109,80,46,42,3,66,68,61,101,127,55,48,26,28,135,9,98,117,25,134,132,69,79,96,93,110,31,40,15,34,22,52,65,71,121,128,104,38,83,76,0,36,85,53,17,23,75,91,35,133,45,125,33,11,19,2,116,67,95,20,126,43,77,57,58,59,5,27,54,82,108,124,24,60,21,119,14,131,113,72,13,16,10,118,44,102,51,12,100,129,90,78,32,130,89,37,123,105,64,84,74,115,103,86,8,112,49,56,6
1,4
66,10,0,24,62,134,79,117,29,81,43,109,57,132,100,127,121,1,47,65,82,44,6,103,84,63,106,58,51,85,18,2,107,125,135,34,4,14,93,87,83,46,89,61,71,130,28,55,5,118,111,120,53,110,16,45,20,26,97,17,129,74,37,104,64,73,86,128,75,33,11,21,35,98,3,39,115,119,32,52,13,101,49,96,12,99,114,41,131,9,50,112,72,126,91,95,8,133,76,80,54,113,25,48,67,108,38,42,23,94,77,27,30,40,88,69,22,102,19,56,59,15,116,60,105,31,68,7,90,124,36,70,92,78,123,122
2,3
58,67,111,85,5,90,125,103,2,81,18,51,108,59,132,65,66,17,14,4,122,1,74,124,36,106,32,94,99,135,127,118,133,37,114,22,33,50,97,26,45,31,53,72,75,115,29,68,15,73,30,76,38,71,112,83,107,49,24,41,79,134,57,28,88,95,128,55,92,119,7,47,89,6,130,110,101,27,117,44,61,109,8,77,39,12,19,20,13,78,87,116,91,42,80,34,35,48,131,43,11,16,100,113,104,21,121,93,10,123,9,126,84,63,62,0,54,82,120,60,96,98,105,64,70,46,3,40,56,52,102,129,25,23,86,69
4,5
61,91,113,89,50,11,124,25,82,6,69,51,122,66,37,100,57,18,120,5,10,127,77,131,17,76,103,32,24,62,35,30,92,48,43,85,110,105,90,71,118,84,80,53,95,3,97,102,119,88,22,44,65,87,2,60,64,0,4,132,129,74,75,29,73,115,107,98,86,39,108,79,27,23,20,72,1,52,81,13,46,45,99,16,93,134,70,101,49,135,121,31,26,42,55,126,63,59,104,56,78,36,133,96,117,123,40,83,116,54,21,128,125,19,111,33,9,7,106,41,58,112,8,14,68,28,94,130,47,15,114,109,38,34,67,12
1,5
134,80,24,114,14,113,105,9,125,78,87,25,50,106,115,101,127,8,76,129,135,84,118,91,95,20,29,71,30,43,58,33,17,56,27,81,40,111,10,123,46,99,55,53,66,3,22,48,57,32,34,1,132,92,85,21,107,116,4,73,102,126,109,35,62,37,110,6,130,128,117,108,42,119,2,15,131,133,122,75,112,0,90,12,64,83,103,28,96,44,94,100,104,98,67,38,63,86,23,74,31,18,13,79,124,52,82,61,60,16,65,59,36,19,39,89,69,51,97,120,77,54,93,26,41,11,70,45,72,5,7,49,121,68,47,88
4,2
48,76,118,32,26,102,15,80,69,51,83,98,121,58,63,13,34,101,65,79,77,60,92,103,43,64,28,56,134,133,129,5,1,49,35,130,66,10,41,11,127,18,47,73,120,52,23,19,117,36,37,9,96,39,95,94,115,7,4,89,125,29,106,75,38,68,105,40,114,30,46,135,42,61,91,50,85,45,132,119,124,109,113,27,16,90,71,6,112,122,81,21,108,87,123,12,97,116,131,57,99,24,0,3,31,104,111,93,82,33,22,74,59,86,25,44,67,53,88,107,72,8,78,55,2,54,84,17,100,70,14,62,128,126,110,20
3,4
17,80,10,67,128,78,18,120,105,19,79,51,85,102,2,134,5,9,14,21,56,115,58,57,69,41,89,52,97,20,90,31,66,129,27,135,103,77,38,35,45,36,96,123,122,84,119,116,70,65,43,74,72,109,8,53,124,62,88,34,126,44,0,93,114,131,130,7,1,121,127,111,132,4,16,46,37,125,49,82,42,33,61,47,104,107,100,23,81,59,112,71,83,91,30,15,110,98,64,118,28,12,26,13,86,75,68,76,50,117,106,29,39,63,40,94,60,24,92,99,101,54,87,55,22,25,95,108,11,133,48,3,73,113,6,32
2,3
32,70,123,79,48,111,60,105,18,9,62,135,42,34,63,104,31,99,122,21,127,134,118,68,87,97,39,129,29,121,80,14,50,66,20,47,91,84,74,19,8,77,73,133,30,46,95,113,103,3,83,10,69,12,71,28,101,109,108,6,130,22,120,15,110,59,128,132,89,102,58,54,25,78,76,52,7,41,44,65,56,53,126,2,24,117,51,90,93,55,0,94,107,1,35,61,36,112,4,86,131,116,49,106,114,57,125,98,119,82,17,40,100,23,96,13,115,88,45,43,27,124,38,33,26,64,92,85,75,81,16,72,67,5,11,37
1,2
20,93,92,87,24,84,67,43,77,69,59,53,114,110,8,39,109,42,81,127,100,78,71,73,96,131,85,36,133,37,113,65,61,111,66,41,16,18,95,105,10,74,86,134,52,60,119,56,19,117,64,5,128,126,63,123,94,14,38,89,75,103,28,108,120,125,106,35,22,32,49,88,34,31,72,30,17,104,55,98,90,7,47,51,2,135,58,40,132,121,13,21,4,33,11,0,101,91,70,129,68,76,122,57,97,112,15,82,102,23,107,6,12,83,44,3,80,1,62,115,79,99,9,25,46,124,50,54,48,116,27,118,26,45,130,29
6,2
108,69,60,19,112,57,63,17,117,135,52,74,35,101,68,86,96,91,25,45,30,51,16,37,42,123,77,46,129,2,21,118,121,106,75,58,73,39,44,7,81,95,89,130,113,85,119,41,114,1,132,56,120,11,61,32,109,9,103,53,59,76,90,127,88,80,55,67,122,133,97,115,0,8,22,40,84,62,18,50,64,83,10,87,102,26,71,31,98,92,20,82,100,105,65,110,43,4,24,34,6,66,5,3,104,23,124,94,78,28,36,48,47,99,107,12,54,14,128,33,125,116,13,111,93,49,70,131,29,27,134,72,15,79,38,126
1,5
88,14,26,83,47,93,102,73,119,17,90,123,75,106,59,37,72,28,18,38,122,42,68,107,10,41,65,48,22,52,81,61,53,78,79,49,6,108,134,4,71,135,19,124,51,40,29,104,84,5,1,44,20,86,39,32,133,100,62,3,13,125,105,97,91,55,45,56,27,85,33,130,112,118,92,66,82,64,0,126,103,21,127,98,34,129,43,87,117,121,113,57,23,114,77,25,58,120,9,69,50,36,89,54,2,76,110,35,74,12,31,96,115,116,24,67,109,101,11,80,70,7,15,132,99,128,16,8,95,131,94,60,63,30,46,111
6,6
94,47,97,71,96,8,115,49,21,36,81,41,38,40,55,1,73,63,104,125,91,42,3,9,83,60,99,107,127,24,15,31,67,70,130,121,46,64,113,108,23,132,124,129,17,54,101,6,123,79,89,11,53,13,117,44,131,56,110,10,4,119,111,95,61,126,128,37,20,18,86,105,118,80,25,69,2,82,74,16,90,62,28,48,93,27,59,14,106,65,72,30,102,51,78,116,22,77,0,109,32,87,39,57,88,33,134,122,100,92,52,7,58,29,66,135,5,76,68,19,112,133,35,12,114,50,103,98,45,84,43,120,75,34,26,85
2,5
97,11,63,51,83,54,134,114,68,131,65,47,101,88,130,73,64,14,67,6,106,129,5,27,15,103,38,82,66,108,116,110,100,99,109,84,19,92,75,42,122,34,128,59,16,24,20,69,87,85,107,9,94,119,33,13,58,57,78,31,90,93,40,30,0,71,117,49,62,104,105,10,80,77,124,98,55,76,32,61,91,121,37,127,111,25,48,3,44,52,26,115,28,53,18,12,81,79,29,36,120,74,43,125,123,60,7,8,50,133,112,72,39,17,118,46,45,113,21,4,41,86,96,23,132,126,102,56,1,135,2,70,95,35,22,89
1,4
119,90,65,83,112,72,27,96,88,81,28,89,121,129,87,6,114,24,107,26,86,37,4,94,68,77,21,0,124,80,117,69,113,12,54,29,15,1,58,109,82,62,14,40,35,39,52,99,135,57,93,102,85,56,120,103,16,31,19,34,33,61,10,5,71,84,115,20,32,128,9,38,79,78,66,64,51,11,45,131,49,76,67,123,18,55,100,110,127,126,118,104,74,75,17,22,95,44,23,111,36,108,59,53,13,125,46,92,116,47,101,132,106,2,97,134,73,50,105,30,130,63,98,41,60,8,7,133,122,42,70,3,91,48,25,43
4,4
88,66,29,43,91,9,124,25,93,81,40,75,132,23,87,60,41,104,96,76,98,15,117,61,120,67,99,118,105,112,4,44,109,68,83,8,113,125,107,70,7,106,133,79,50,89,119,86,127,11,101,26,53,92,97,10,20,63,57,65,42,131,123,62,72,55,73,13,69,110,52,102,74,126,116,37,64,2,32,24,6,135,38,108,17,85,90,78,35,12,18,5,0,30,19,82,49,21,115,95,59,100,114,39,48,34,46,94,111,22,84,33,130,31,54,36,45,56,58,122,14,1,134,80,51,47,129,128,27,3,16,77,71,121,28,103
4,3
63,115,37,88,76,102,100,132,109,129,2,51,6,82,77,22,27,30,105,71,17,85,61,26,125,3,54,119,133,101,58,106,121,124,111,46,74,12,40,81,14,122,64,104,56,43,38,95,44,130,113,97,11,69,23,59,84,92,98,19,120,73,5,72,48,127,18,135,87,78,131,70,9,116,90,83,123,34,112,86,35,91,57,65,60,80,16,15,108,47,29,32,79,33,62,128,41,96,13,107,25,0,28,42,55,10,89,21,49,39,31,36,68,52,53,50,7,99,134,103,66,114,20,126,75,118,4,94,24,110,8,45,67,93,117,1
1,5
101,72,65,27,99,129,14,84,113,47,104,21,5,3,7,0,105,56,119,78,44,50,109,81,88,57,32,68,58,74,34,42,15,9,131,102,111,31,62,114,97,64,106,22,13,76,67,37,80,85,120,25,123,16,124,51,23,94,127,116,112,54,73,115,26,130,100,135,63,46,103,121,83,92,4,70,96,10,125,1,6,133,8,71,28,108,98,53,38,12,43,55,91,122,11,19,18,49,2,95,36,134,30,20,126,75,110,59,79,117,33,132,77,39,69,60,93,128,40,24,90,35,48,107,41,66,87,17,89,86,52,45,61,118,29,82
6,4
24,76,5,129,66,27,130,102,32,133,44,82,93,59,125,14,36,67,99,90,107,72,117,51,85,63,7,52,83,39,18,30,57,61,33,64,46,91,122,79,101,23,42,88,9,109,134,53,114,48,38,86,47,95,41,75,126,92,26,4,20,108,13,58,8,81,22,100,74,49,34,94,111,29,124,68,2,78,105,25,10,3,56,45,71,84,19,120,96,118,89,6,16,17,50,131,35,77,116,65,0,123,69,97,31,62,37,55,103,128,106,21,132,70,115,110,127,43,73,28,40,112,54,15,87,104,98,1,119,80,60,12,11,121,113,135
1,3
93,25,55,127,86,73,97,107,95,31,98,57,17,37,34,115,7,56,111,129,52,72,103,123,15,133,114,130,22,109,14,70,69,44,51,82,77,81,0,75,80,49,42,66,27,132,36,124,50,84,96,32,40,13,135,48,59,41,71,24,83,76,5,87,74,102,21,62,45,30,35,85,121,64,58,99,11,12,39,4,46,90,6,122,106,3,54,116,18,23,131,105,88,63,104,19,67,38,1,78,125,65,8,47,53,29,60,79,10,92,126,20,100,119,117,43,108,89,113,120,9,28,16,94,91,101,112,68,33,118,134,110,128,26,61,2
1,2
118,89,18,50,107,135,81,5,62,129,67,121,49,134,97,77,75,32,99,23,43,27,10,100,22,60,41,47,115,116,111,35,131,58,106,1,72,79,7,114,108,26,28,86,93,74,78,44,119,103,20,25,113,45,91,71,65,59,30,117,124,52,48,56,83,112,8,14,21,85,68,104,80,42,105,0,73,38,39,109,16,133,11,13,24,84,4,96,102,127,125,33,128,123,36,17,132,122,61,31,29,55,90,40,70,110,2,98,63,69,15,34,6,120,53,9,130,101,126,94,88,3,51,64,92,46,66,57,19,54,95,12,37,87,82,76
3,1
1,84,32,88,76,111,40,9,102,86,16,123,78,64,6,129,42,29,41,100,95,58,103,17,27,36,18,52,21,98,35,7,108,92,66,74,124,20,91,70,128,80,101,93,8,13,125,50,72,87,106,53,82,105,107,59,47,25,122,135,63,71,49,10,132,48,104,2,37,0,116,118,112,26,81,57,24,85,67,114,31,28,117,96,51,55,22,115,79,94,33,127,83,121,97,23,90,46,45,75,54,73,62,131,89,11,68,119,77,130,43,39,44,120,12,134,14,65,113,133,15,30,4,56,3,110,19,38,99,61,34,109,126,60,69,5
5,1
112,119,123,66,108,111,73,110,59,128,3,74,122,54,19,65,43,116,72,62,7,95,99,22,32,57,120,70,56,127,67,40,115,52,64,33,121,124,125,47,10,68,12,78,131,77,75,80,135,133,103,24,100,104,26,79,4,45,31,9,85,37,38,13,35,106,63,69,5,46,17,44,23,126,132,134,71,91,107,25,58,39,28,98,114,97,102,94,130,76,81,6,11,53,51,15,129,27,1,21,50,60,87,41,34,8,48,88,113,20,16,18,55,105,92,36,0,118,109,61,42,90,2,14,117,86,83,84,29,49,101,89,96,82,30,93
5,4
92,25,90,45,5,19,3,12,79,128,28,11,30,71,48,22,10,135,123,50,134,95,15,7,97,9,65,89,101,131,56,35,105,93,58,111,110,129,77,34,76,81,2,98,26,119,85,82,126,47,102,66,13,43,60,51,100,91,115,74,57,52,106,32,61,41,109,37,21,67,86,16,46,44,36,99,55,125,39,112,104,120,88,24,14,17,94,127,64,83,18,116,8,62,78,49,114,108,68,1,29,54,121,31,130,96,103,27,33,42,6,80,70,59,69,122,84,117,40,107,124,63,118,73,133,23,72,87,20,132,53,4,38,75,113,0
6,1
45,41,132,1,65,111,130,72,43,116,102,56,18,135,61,121,99,54,87,82,55,26,122,36,95,53,117,131,134,39,46,14,40,120,74,88,129,81,118,11,89,16,86,31,60,33,96,8,73,23,108,49,19,7,98,92,67,13,51,50,115,109,21,91,52,6,42,48,58,3,30,69,24,80,127,125,107,105,133,90,76,85,101,2,123,22,75,32,66,44,5,119,113,124,29,84,63,70,106,62,37,112,126,12,78,103,17,79,20,35,94,15,27,4,59,100,9,47,57,77,110,64,128,71,34,97,83,68,114,104,10,0,28,93,38,25
2,2
64,107,75,2,111,123,49,133,108,7,127,94,117,95,20,38,116,91,50,21,79,3,48,47,92,59,19,66,90,131,85,54,99,69,43,124,41,37,130,62,18,84,5,25,65,128,110,132,22,44,126,28,63,26,112,98,39,51,23,34,46,53,105,33,109,96,82,45,114,76,104,71,60,9,129,40,121,56,74,68,0,101,67,57,122,16,134,13,100,11,15,115,102,58,88,31,24,72,125,52,29,70,77,103,86,87,89,106,10,32,78,36,42,8,118,12,83,61,119,97,4,27,113,35,81,120,14,93,73,6,80,17,1,30,55,135
5,3
27,17,81,130,24,123,23,58,39,55,121,35,79,115,70,42,85,97,127,73,38,103,5,90,80,91,96,134,14,112,54,37,47,18,128,98,46,133,105,107,30,26,29,61,135,69,10,13,20,3,52,49,66,94,117,53,126,131,64,62,4,7,124,48,110,122,82,31,99,86,114,22,125,132,25,92,51,28,33,63,108,9,111,59,106,95,113,120,57,129,116,41,44,2,11,76,67,0,102,75,43,50,77,15,60,68,87,88,56,78,89,71,100,118,34,72,65,119,93,45,21,83,16,32,8,19,101,6,36,1,104,74,12,84,40,109
4,1
116,12,66,47,131,40,69,5,36,101,37,78,23,107,104,51,19,96,98,55,105,58,39,90,91,93,31,133,49,60,45,38,79,110,56,89,71,17,16,129,26,80,41,86,97,30,7,128,44,94,65,42,81,4,123,14,28,2,135,122,29,15,25,53,11,24,61,106,112,134,22,59,9,103,13,48,114,10,111,87,63,100,74,52,8,21,83,88,120,33,46,113,57,130,32,125,1,127,35,18,50,72,95,117,77,67,54,132,34,84,73,62,115,102,27,76,70,0,82,121,43,3,99,119,64,85,6,68,109,124,126,92,108,20,118,75
5,3
41,48,33,92,56,17,103,16,30,65,49,94,71,59,112,58,81,46,99,93,9,98,126,14,75,2,18,79,11,104,90,37,129,133,0,119,121,80,115,13,95,123,87,50,22,117,52,76,66,101,74,135,128,45,124,42,62,15,102,43,77,134,53,127,57,32,108,25,78,6,29,61,31,8,131,73,88,60,3,106,44,122,118,54,26,89,72,35,82,40,4,96,67,97,19,24,55,125,86,84,36,116,23,28,69,5,10,114,107,120,7,130,21,110,68,63,83,70,12,1,51,39,34,105,111,27,100,47,85,91,38,113,109,20,64,132
4,3
135,96,99,15,27,2,21,8,114,78,129,14,107,79,24,104,113,30,50,101,80,47,34,45,67,128,11,58,131,71,53,100,3,124,51,110,109,46,0,103,7,56,106,93,125,9,17,123,19,12,72,77,41,108,118,86,48,6,60,29,105,1,22,127,89,62,134,133,82,43,102,36,111,31,76,87,64,63,38,90,20,55,33,25,26,28,49,92,75,85,40,66,65,97,122,98,81,84,59,83,42,130,61,120,119,132,117,44,52,16,116,57,35,115,18,37,91,54,70,10,68,95,39,32,69,13,73,88,126,112,4,94,74,23,121,5
3,4
22,26,96,110,49,108,64,107,35,77,41,57,80,128,99,40,19,25,132,4,45,101,85,6,88,119,1,53,89,83,114,102,37,126,73,60,90,56,3,94,50,51,120,97,109,121,130,7,27,113,43,98,72,104,135,14,124,122,125,55,34,117,86,62,29,21,63,79,11,8,5,12,28,76,32,91,105,123,134,36,84,65,10,58,67,87,82,33,38,23,54,52,95,9,131,66,93,127,46,44,15,78,42,18,100,30,31,20,47,92,61,17,24,112,129,59,48,133,13,70,75,118,115,116,16,69,106,81,103,111,0,74,39,2,68,71
5,5
92,30,104,11,49,84,14,1,16,8,95,66,129,65,72,19,27,5,98,106,85,99,9,126,13,109,75,125,89,105,48,97,103,60,114,113,6,34,76,74,62,40,88,4,17,112,117,81,128,132,56,121,83,22,43,42,123,39,38,50,71,10,28,25,80,116,101,59,18,3,29,78,79,77,68,90,53,2,36,26,61,51,110,21,127,69,111,134,96,107,32,46,57,31,135,118,37,124,120,86,24,131,108,100,133,87,12,73,115,33,102,20,23,63,130,64,82,44,0,119,55,94,15,52,93,7,122,41,58,47,67,35,45,91,54,70
1,4
113,41,110,91,68,50,42,24,10,7,31,8,105,3,92,60,40,107,15,109,36,55,82,64,131,135,76,77,59,111,100,47,14,46,57,72,28,18,78,65,51,127,123,32,23,103,0,2,97,83,21,53,5,4,126,80,37,27,89,73,122,120,85,66,81,62,128,117,9,121,69,56,33,13,90,99,22,118,29,43,112,58,38,125,108,6,34,95,1,124,44,75,17,98,20,48,61,130,115,133,11,134,116,86,88,19,35,70,84,106,52,25,30,119,87,49,26,79,12,114,63,96,132,67,104,93,94,74,54,129,16,71,39,45,101,102
5,6
58,123,45,12,15,97,63,88,48,4,23,53,19,79,119,131,62,76,18,86,57,70,94,17,11,84,90,134,115,121,52,127,65,68,101,54,28,36,100,110,73,124,120,24,60,8,78,32,42,118,7,61,72,2,109,6,126,114,96,99,104,93,103,106,13,128,83,107,135,112,41,102,91,87,80,81,85,5,55,29,47,95,108,69,89,125,27,105,59,38,77,133,56,49,75,34,3,67,0,21,51,37,30,1,130,66,10,31,132,22,14,35,33,92,71,26,122,46,64,40,82,50,111,98,20,16,43,74,116,113,129,117,44,39,25,9
2,4
70,32,116,84,78,105,108,16,6,17,12,104,64,7,58,2,76,123,109,111,134,41,128,89,130,124,79,77,87,37,120,29,103,51,54,73,30,8,50,98,62,114,126,132,56,57,20,80,24,97,43,55,39,118,122,72,45,129,113,25,52,81,9,11,61,47,15,85,48,91,35,86,3,69,31,133,0,71,27,22,33,5,121,96,36,40,94,66,46,53,75,119,60,83,95,135,92,93,117,65,38,14,90,100,67,21,34,49,125,28,1,42,59,18,131,19,68,101,110,74,82,26,106,107,10,23,4,44,63,115,112,99,13,127,102,88
3,1
29,9,20,116,109,104,106,14,124,42,95,69,8,80,26,103,10,108,39,127,46,51,74,1,83,92,34,86,48,50,123,37,132,49,31,5,16,59,22,98,122,72,0,19,120,121,128,130,73,21,3,38,113,25,33,32,6,52,70,97,67,18,30,105,65,94,79,133,118,53,114,4,77,119,61,112,81,47,55,56,135,71,40,75,44,28,11,23,129,54,96,60,41,90,68,76,115,35,134,101,17,2,126,125,111,91,62,82,64,12,57,88,13,63,36,45,66,27,24,93,102,107,110,84,78,43,85,7,100,58,117,89,99,131,15,87
6,1
73,23,95,59,120,46,92,70,55,10,104,102,132,48,118,128,72,119,3,69,108,28,112,62,65,129,103,20,121,109,4,71,31,5,22,91,7,74,101,122,14,82,87,90,68,33,89,21,38,93,114,113,96,85,97,63,39,45,126,78,17,37,12,44,54,11,27,105,29,124,41,8,130,6,47,57,56,98,52,25,1,123,13,99,50,19,26,125,110,36,58,42,61,66,86,106,88,111,116,75,30,117,43,134,107,79,77,2,35,135,16,83,53,80,51,81,100,34,94,84,133,115,64,67,127,131,24,0,32,60,40,76,15,18,49,9
4,1
70,71,89,127,56,118,87,109,43,113,97,126,47,23,21,28,94,104,78,125,32,13,121,14,66,11,64,12,120,124,42,57,20,29,27,33,40,18,10,133,9,122,102,75,108,111,110,52,2,92,105,69,50,72,82,67,6,26,17,107,34,49,86,123,119,4,112,36,55,65,30,44,117,77,99,22,100,96,114,48,81,51,101,116,24,79,83,61,37,3,95,106,8,132,5,46,39,98,128,80,15,19,0,88,59,74,131,93,134,41,76,31,60,90,85,130,62,103,35,91,68,135,54,25,129,45,63,16,73,53,1,115,84,38,58,7
1,1
77,33,125,36,64,61,117,62,27,48,124,14,122,37,89,74,34,102,72,128,56,50,38,121,63,114,16,1,90,87,29,60,41,83,105,98,13,4,65,40,47,107,88,110,101,2,134,67,23,3,78,132,133,9,58,109,81,85,119,68,31,95,97,104,75,25,49,8,131,21,99,126,44,127,51,11,59,7,30,112,24,106,111,54,80,84,15,66,0,45,129,73,6,55,71,79,92,19,115,10,17,22,113,123,42,18,130,57,28,70,86,82,135,20,12,35,108,43,5,52,46,53,69,93,94,32,116,118,39,26,100,120,103,76,91,96
4,3
87,36,63,24,55,75,15,81,98,106,130,133,96,56,135,22,95,11,23,39,48,6,97,9,1,107,25,110,35,71,16,47,85,21,132,78,32,114,72,92,74,112,73,45,49,50,121,128,104,105,122,77,124,41,88,117,44,113,109,20,2,34,94,27,43,3,8,7,120,116,125,52,58,89,93,17,119,61,66,42,5,79,13,67,83,69,12,84,108,103,80,90,126,14,76,111,101,28,4,31,59,127,91,86,53,65,57,123,70,68,60,82,99,46,54,118,18,115,134,64,131,10,51,38,33,26,40,100,29,37,30,19,62,0,102,129
5,1
55,88,107,18,6,44,85,3,106,16,104,97,94,12,79,80,24,54,30,28,0,29,81,75,53,62,68,5,89,23,9,74,134,2,64,130,78,131,7,105,22,91,129,126,37,132,51,40,42,76,116,111,87,108,57,86,100,135,127,25,110,45,122,65,35,123,59,101,77,99,31,21,56,125,84,10,38,17,66,115,133,20,90,69,13,121,112,124,95,43,61,67,14,92,39,32,93,117,1,118,50,34,96,33,63,102,47,73,119,26,52,72,27,120,114,15,109,60,83,8,36,70,19,49,46,48,128,103,4,58,11,41,82,98,113,71
1,6
38,16,60,116,30,123,98,2,132,6,52,48,39,14,22,73,127,82,74,100,57,0,54,129,124,11,117,41,36,118,32,88,68,64,83,133,115,80,128,27,10,110,43,45,4,108,63,12,112,96,111,86,70,120,119,79,18,31,23,7,55,26,131,29,66,75,51,69,19,92,85,81,56,87,1,103,35,84,62,3,94,5,20,107,72,47,65,46,97,78,24,17,15,125,34,122,99,114,9,25,53,135,130,33,49,91,59,109,76,113,101,89,102,40,61,50,134,28,13,90,106,126,42,8,37,105,77,67,104,58,44,21,121,95,71,93
2,2
34,114,3,71,61,89,23,22,8,78,112,74,19,1,88,4,101,72,124,104,122,133,47,55,70,81,65,21,42,116,118,10,46,76,87,108,115,39,127,83,73,51,125,53,135,26,126,62,91,106,52,6,18,79,110,38,35,48,49,9,40,102,131,50,30,117,57,28,92,0,84,111,31,77,29,60,134,80,33,120,27,75,36,93,41,107,129,100,123,132,20,99,16,96,11,54,32,59,113,7,37,24,58,94,98,66,12,56,43,95,97,109,68,103,86,64,44,128,82,25,5,90,63,17,67,69,15,13,121,85,2,105,45,130,119,14
4,5
7,98,13,14,8,113,53,100,64,109,55,119,50,74,114,41,10,101,83,111,28,105,34,93,90,11,48,132,107,118,25,68,94,40,106,88,26,33,52,95,130,112,123,69,18,121,127,31,120,84,15,30,47,58,133,85,29,54,77,135,71,129,75,23,57,115,5,32,22,19,91,16,1,86,131,9,116,124,56,3,87,99,45,126,128,63,110,39,70,46,27,12,78,73,80,44,66,60,65,96,36,62,0,134,20,59,4,51,49,82,17,89,104,35,67,97,108,61,38,125,24,2,21,42,92,37,117,76,103,43,79,102,122,81,72,6
2,1
97,10,42,76,115,109,112,96,27,80,116,84,64,17,114,37,18,72,88,23,130,8,54,132,26,135,122,34,12,6,56,14,108,11,40,75,128,111,103,59,24,48,99,46,15,69,36,65,70,131,134,74,33,2,129,105,91,125,124,121,30,95,107,86,92,87,32,38,5,127,1,20,104,61,0,21,71,50,94,57,58,66,120,73,106,93,119,78,83,118,35,4,3,44,9,62,102,126,113,55,29,110,39,7,100,16,101,31,49,90,79,82,43,89,67,19,13,60,133,28,63,41,22,47,53,68,77,25,98,123,85,51,52,45,117,81
6,3
6,109,119,135,86,5,97,46,120,60,7,22,64,126,50,117,12,72,125,104,128,84,10,89,57,63,53,90,28,116,68,19,67,132,65,80,131,130,36,8,11,58,55,33,42,40,4,78,49,83,115,81,87,122,102,1,114,91,133,107,24,118,71,99,134,54,32,77,39,129,105,14,18,59,25,30,34,82,17,27,88,44,20,124,16,121,123,76,93,61,70,106,41,95,15,31,23,75,108,43,26,66,0,9,3,74,112,13,48,100,62,110,127,38,98,45,29,96,21,101,52,47,69,103,51,111,37,92,113,35,85,94,56,73,2,79
5,3
21,133,66,105,72,70,135,92,11,4,68,65,97,8,20,128,13,44,132,1,61,87,28,2,63,47,38,58,40,29,76,35,108,27,134,39,42,109,121,127,106,9,73,83,6,79,125,0,82,77,5,57,45,71,85,123,120,95,69,119,75,50,86,3,37,23,129,46,78,80,130,113,32,59,54,56,41,22,12,62,111,104,49,31,103,131,34,74,114,116,88,17,91,14,51,24,15,90,10,115,43,33,118,122,36,89,67,30,102,25,98,124,101,18,81,64,94,126,96,100,107,110,112,93,19,84,99,52,55,117,7,26,16,53,48,60
5,2
80,125,30,77,21,110,87,74,102,7,35,58,24,45,70,23,44,101,135,18,72,26,48,2,99,131,59,75,134,122,121,43,34,116,66,11,31,133,15,41,104,4,9,40,120,79,27,56,52,119,57,100,5,64,84,47,95,22,129,53,32,126,54,83,50,76,78,25,6,113,68,103,61,10,107,29,46,127,105,106,51,69,94,96,3,16,123,33,92,28,124,90,62,128,73,117,38,60,93,89,67,12,109,81,114,8,88,65,86,20,42,39,14,108,97,63,82,49,13,98,37,91,118,55,85,1,17,71,130,36,19,0,132,112,111,115
5,5
101,31,1,90,18,39,77,97,68,27,69,98,40,55,128,5,126,45,79,33,93,6,60,29,113,71,47,0,105,36,81,84,92,58,121,108,109,28,67,88,76,83,82,12,94,87,110,61,73,50,3,7,17,43,21,125,91,133,59,127,106,63,10,32,86,114,130,51,62,66,13,72,44,96,9,99,25,112,134,26,4,104,80,74,42,11,102,24,116,53,70,115,34,75,22,135,131,48,41,119,100,89,19,38,35,111,8,117,120,118,14,30,15,85,64,16,56,78,46,37,57,123,103,95,49,20,54,132,52,107,129,122,65,124,2,23
5,3
14,7,18,135,3,34,114,129,66,58,6,113,120,11,125,68,46,102,39,25,45,5,88,96,82,21,108,126,79,0,124,70,122,89,27,134,51,117,63,93,112,55,23,73,95,77,67,28,69,59,99,91,30,44,119,100,47,60,57,20,2,85,132,54,110,42,50,61,56,26,116,37,84,86,8,127,90,107,133,64,105,62,22,53,40,74,87,36,121,17,35,104,101,9,109,115,76,75,94,128,33,97,111,31,24,131,52,65,71,106,12,98,16,1,15,81,32,48,49,38,80,83,123,130,10,29,103,43,13,118,41,4,72,78,92,19
3,5
106,127,21,55,111,38,28,70,121,101,8,14,128,40,4,66,11,67,47,100,89,95,123,110,60,22,133,32,9,46,74,65,43,96,129,5,73,97,85,94,48,102,58,0,30,10,33,135,64,78,93,131,25,107,109,90,116,104,15,17,108,35,37,117,115,54,18,98,80,41,77,44,27,6,88,24,122,59,20,3,125,75,126,92,39,86,63,53,16,84,26,71,119,124,29,34,132,61,31,79,114,52,51,13,99,112,134,103,56,49,83,45,68,7,57,42,12,72,105,113,2,82,120,91,87,76,19,50,130,69,1,36,81,118,23,62
5,2
21,119,105,79,5,18,75,12,48,114,84,55,70,17,67,113,93,29,25,66,13,116,31,57,97,121,125,0,103,74,7,24,99,9,19,92,73,124,100,126,89,28,41,102,85,130,122,88,6,91,2,59,111,90,40,68,65,87,62,82,95,64,120,132,86,123,30,37,81,110,26,133,104,36,3,10,22,11,20,127,60,53,69,80,72,44,14,33,1,77,54,43,117,15,115,39,4,58,108,34,135,56,109,46,78,63,49,118,27,128,98,71,101,94,16,42,8,106,51,129,112,23,35,107,134,47,76,38,131,96,32,50,61,45,52,83
5,5
45,114,73,9,97,25,30,21,93,81,98,52,82,127,75,53,110,22,71,46,10,1,94,14,31,61,49,57,117,99,123,60,96,28,19,41,91,40,77,74,92,33,76,34,133,100,39,124,62,109,89,17,8,87,88,51,67,107,113,135,32,13,121,119,47,26,72,4,58,16,111,48,134,55,36,131,79,69,105,68,104,78,130,129,95,84,65,90,15,70,59,122,35,106,6,54,103,42,50,64,2,43,102,115,0,20,29,120,101,86,125,63,44,12,112,126,27,108,24,85,38,128,37,18,56,80,11,116,7,5,83,66,132,118,23,3
5,2
12,121,65,72,8,83,116,120,33,133,130,28,97,7,51,112,135,54,85,38,52,58,75,37,26,44,86,114,2,4,118,71,93,101,60,134,84,68,63,132,104,90,6,20,40,91,96,117,17,61,76,18,32,34,53,23,105,92,94,74,77,46,69,119,30,47,0,39,124,3,19,59,62,45,98,70,14,123,109,131,122,80,66,42,128,127,49,102,36,88,1,67,110,125,129,43,113,103,95,99,35,64,78,13,29,24,115,107,108,56,22,100,9,5,87,126,41,82,50,73,27,15,111,106,16,10,25,57,55,21,89,31,11,79,81,48
4,4
35,12,68,34,129,121,62,8,13,128,66,123,32,43,104,118,58,82,28,75,70,85,116,37,117,106,134,33,133,53,48,44,120,71,135,65,102,46,64,26,36,127,51,131,14,115,87,3,92,76,98,21,93,84,19,1,88,31,29,6,97,22,39,30,130,73,4,11,114,111,74,25,50,99,27,24,40,132,105,72,112,45,52,17,83,18,7,9,91,16,15,69,90,101,126,61,47,100,77,49,94,95,5,79,107,23,110,86,2,125,67,57,81,54,80,0,113,122,55,20,103,63,56,119,108,59,60,38,78,124,10,42,109,89,41,96
1,5
44,100,16,29,22,5,67,21,15,79,0,94,70,35,31,95,62,74,97,113,101,33,105,87,60,9,53,109,1,61,8,49,91,117,78,11,13,40,7,47,12,119,54,59,108,121,18,6,20,27,36,28,69,116,103,63,4,98,123,71,25,128,66,19,72,38,102,92,99,88,55,83,81,76,34,135,14,2,82,68,84,134,129,127,58,45,77,30,80,86,73,64,42,93,43,126,112,118,111,85,51,52,104,89,3,122,131,120,32,124,26,48,24,37,130,17,75,133,90,115,106,114,50,65,46,125,56,107,23,110,39,132,96,57,41,10
5,5
91,56,98,50,73,41,112,131,133,49,66,45,94,37,23,20,12,10,57,79,67,102,35,129,5,103,113,14,101,21,39,65,17,128,26,47,24,19,78,30,27,36,104,116,13,52,3,120,96,71,8,4,55,48,32,9,106,86,77,42,0,11,40,126,115,108,89,18,54,61,15,38,34,29,114,118,83,90,76,85,119,60,7,1,25,134,93,69,46,62,81,74,125,31,44,97,58,109,53,82,68,130,70,59,64,100,107,111,132,16,124,95,92,75,43,51,6,84,72,63,123,80,110,117,105,28,135,127,88,22,33,2,99,87,122,121
3,5
78,110,82,107,43,63,126,125,6,73,87,89,42,46,74,122,8,51,105,135,67,123,108,56,33,26,16,7,40,132,25,88,49,38,10,29,70,75,119,128,113,76,121,111,34,59,104,62,20,5,12,72,3,41,0,1,93,106,11,80,37,39,129,55,133,86,65,60,94,64,32,109,14,44,57,53,103,96,115,92,28,97,68,17,15,35,131,84,69,22,45,118,48,54,91,77,13,134,2,99,120,23,79,117,18,130,50,90,116,100,98,124,52,85,127,95,30,114,36,83,19,61,58,47,4,21,102,66,27,31,112,101,71,9,24,81
4,3
8,28,100,98,55,57,40,25,38,27,104,59,124,102,6,29,3,2,133,97,122,87,84,22,114,26,67,36,80,89,18,82,68,11,91,99,105,64,130,128,10,90,16,60,21,34,109,131,115,41,30,71,111,83,69,120,5,70,103,134,42,47,112,39,44,61,43,33,15,73,92,7,65,63,101,116,75,32,81,132,119,48,86,49,96,56,78,35,113,62,20,110,117,24,58,54,52,31,127,4,13,37,46,50,95,94,53,107,123,93,12,88,126,135,14,23,106,77,9,79,118,121,0,17,51,1,66,74,76,129,72,108,45,125,85,19
6,1
60,50,11,33,44,121,7,99,93,120,108,5,58,22,76,134,127,78,35,47,80,61,28,90,41,73,6,117,86,45,20,81,23,112,107,104,111,95,75,12,56,53,32,106,88,21,70,119,128,123,42,66,24,0,36,129,116,59,26,130,67,122,85,87,18,30,131,34,97,64,72,17,4,19,118,31,40,77,133,10,51,63,29,126,55,39,74,46,94,110,54,68,13,105,82,8,113,102,48,115,62,52,135,124,2,101,14,114,9,84,83,57,71,3,43,69,15,89,79,27,98,109,25,96,38,1,37,125,100,132,92,103,65,49,16,91
2,1
25,27,125,12,80,26,46,48,130,89,14,73,75,52,44,61,74,107,34,114,59,76,91,2,101,11,100,116,78,94,20,9,82,66,71,69,102,110,88,54,51,7,129,38,121,118,4,50,90,57,5,42,40,119,93,103,108,45,10,132,104,37,55,47,92,67,122,22,131,56,65,31,58,18,95,32,13,53,62,135,86,115,19,112,39,60,83,85,6,111,29,68,0,63,23,64,127,36,43,21,33,113,109,105,97,3,106,16,96,79,87,128,84,1,98,99,24,134,133,41,49,124,81,72,35,117,17,77,28,123,15,30,120,70,126,8
1,2
114,44,33,34,82,89,91,123,43,120,84,96,69,75,26,21,68,22,111,27,95,79,99,121,42,78,35,6,36,110,105,83,106,109,16,98,124,103,87,94,67,131,132,53,72,38,104,100,135,46,126,122,3,60,71,12,30,62,8,10,66,113,41,128,97,117,1,107,127,65,58,9,7,13,32,50,93,31,5,80,115,52,37,39,59,14,70,81,112,73,88,49,64,20,74,25,11,130,125,19,45,119,133,129,28,18,47,134,101,116,56,108,86,29,48,102,54,61,2,15,40,55,51,17,0,92,24,4,77,57,85,90,63,23,76,118
6,5
58,36,18,4,134,28,67,65,112,7,30,21,14,81,55,115,33,10,57,94,44,83,131,84,66,42,120,31,1,38,54,25,52,104,73,109,29,96,70,117,80,19,93,121,78,17,118,72,6,128,68,129,77,125,60,133,74,22,102,15,24,123,49,27,71,91,45,132,23,20,126,124,110,26,97,108,127,5,75,13,48,98,122,59,130,41,85,51,79,53,11,37,34,116,87,107,90,105,95,82,47,111,63,99,92,16,8,106,32,113,46,61,89,2,76,12,114,3,101,86,119,88,0,62,69,135,35,9,100,39,64,40,50,43,56,103
3,2
135,61,29,14,64,21,122,2,33,132,10,105,123,73,74,41,71,50,17,30,116,5,18,53,66,98,100,134,45,16,15,96,94,68,85,47,76,46,130,103,36,48,27,128,126,114,60,82,52,54,75,51,118,92,133,34,35,125,22,59,37,121,131,23,69,58,19,0,9,107,26,108,42,65,101,86,99,8,129,91,120,28,56,70,77,90,110,40,112,31,113,89,44,127,7,67,32,49,62,63,95,83,117,124,104,12,84,25,87,88,97,13,106,111,79,115,81,11,24,55,4,119,20,43,102,78,3,1,93,109,72,80,38,6,57,39
6,5
112,40,53,76,36,74,85,1,10,28,119,68,21,81,60,54,71,117,19,31,118,65,94,106,72,66,50,9,99,97,4,78,33,62,18,51,8,12,25,116,63,41,45,96,58,39,47,124,110,73,48,26,77,6,38,16,103,128,95,98,43,109,13,70,111,89,131,84,104,61,35,122,64,107,27,37,11,134,93,17,7,56,20,5,46,101,114,14,88,57,102,24,115,91,80,49,87,120,125,133,135,121,69,108,59,126,92,44,3,75,132,129,0,32,90,113,52,15,127,30,86,22,2,42,105,100,83,23,29,34,79,130,55,82,67,123
4,4
4,29,99,121,43,124,50,36,96,42,104,133,110,134,72,10,58,100,131,113,56,93,70,116,90,78,35,7,2,63,33,52,57,66,38,128,25,49,27,5,41,97,101,80,91,77,55,67,53,125,9,103,87,23,126,31,83,8,74,108,22,68,114,75,15,111,32,109,82,18,105,127,61,112,119,84,117,89,130,20,85,69,106,129,88,30,13,44,123,12,118,47,37,120,17,64,122,76,81,94,21,6,132,14,11,71,65,0,51,95,19,102,39,45,54,28,24,86,16,107,98,62,34,60,92,1,79,115,59,135,26,46,3,73,40,48
1,5
84,97,53,93,33,25,67,101,76,1,56,129,18,32,45,13,16,19,89,49,65,44,126,36,48,94,124,68,86,41,117,54,51,2,37,11,109,35,4,96,24,116,98,62,5,69,9,27,26,104,34,14,77,125,83,80,81,29,88,102,22,15,3,90,38,87,127,57,103,55,64,113,122,23,70,107,91,75,7,40,10,73,46,58,110,42,92,132,20,119,28,39,30,47,63,95,59,52,111,112,99,12,134,100,74,17,118,128,21,8,131,72,120,133,31,43,115,6,108,79,121,135,106,61,85,105,82,50,114,0,60,130,66,123,78,71
6,6
89,10,31,97,39,68,66,98,36,48,93,63,133,71,18,65,62,78,60,55,127,135,28,24,13,111,120,118,74,99,76,6,49,100,75,42,81,90,35,102,4,20,45,126,7,123,19,9,70,131,40,80,121,92,0,130,58,101,115,113,88,91,51,22,38,17,86,44,61,79,29,83,8,104,94,50,15,11,95,2,109,119,32,3,73,82,105,46,129,87,37,96,134,47,30,77,52,54,25,128,69,43,14,41,12,64,5,57,106,125,112,16,33,107,110,122,27,117,56,67,72,116,124,132,103,34,85,21,108,84,23,59,53,114,1,26
3,4
10,61,71,35,5,21,114,79,112,62,110,75,100,59,123,90,88,118,0,42,127,109,64,56,23,101,24,14,12,28,45,29,48,128,67,44,9,13,22,4,17,104,122,19,34,40,81,20,26,76,86,121,95,91,16,38,41,108,117,93,6,77,92,133,68,99,113,8,50,105,116,98,115,18,130,27,31,65,74,54,7,2,39,132,70,57,96,1,89,78,126,124,103,63,25,87,66,134,60,84,30,82,69,11,58,55,102,125,120,131,106,119,97,37,111,73,47,43,80,3,51,135,46,32,83,94,52,33,36,15,53,72,129,85,49,107
5,3
27,120,108,39,18,45,17,36,19,107,99,69,63,51,30,65,48,105,43,88,78,31,90,38,92,53,29,117,81,101,85,49,64,68,42,112,76,84,91,94,130,55,83,15,4,32,0,3,82,93,2,24,87,129,98,118,35,110,37,5,40,104,67,58,46,11,115,96,52,128,75,135,77,116,62,72,1,33,73,71,102,6,41,80,86,28,123,56,50,121,95,97,9,66,106,23,8,25,70,22,21,126,103,26,125,127,109,113,134,16,47,14,100,122,111,54,57,124,131,20,61,13,79,59,34,44,114,74,12,60,89,133,132,10,119,7
1,5
119,5,108,128,95,76,51,64,6,56,30,85,74,117,79,43,84,114,122,50,33,55,58,65,80,42,54,27,11,53,78,83,70,20,15,111,24,7,29,113,2,118,101,100,77,72,120,28,40,41,106,45,133,107,67,97,16,14,135,123,82,57,73,47,121,4,17,92,124,8,115,52,60,103,134,62,12,44,126,91,31,23,21,18,104,88,132,125,9,48,0,26,102,75,46,61,94,86,130,35,131,25,81,36,22,66,87,96,49,112,13,39,69,10,63,129,1,34,59,3,38,105,99,116,90,93,71,89,37,32,68,109,19,98,127,110
1,1
95,115,36,26,33,107,89,27,46,134,78,87,132,72,93,59,92,8,94,133,50,75,110,112,39,88,96,18,4,74,55,64,116,45,97,83,111,80,20,30,47,23,113,58,103,104,106,100,24,35,73,79,14,77,48,108,2,122,67,3,99,7,66,16,5,82,91,52,53,68,102,10,117,65,34,86,1,25,101,28,22,31,118,61,11,6,19,12,129,62,56,127,114,130,81,51,76,57,105,124,123,15,42,38,63,84,70,49,135,44,21,32,43,71,98,125,109,54,37,131,128,13,119,126,85,60,17,90,121,40,0,69,29,120,9,41
4,4
22,26,49,63,105,82,60,104,58,37,86,90,77,47,61,107,130,115,21,57,97,5,51,3,92,111,108,129,18,13,87,67,59,20,28,24,124,100,132,128,80,66,56,113,79,103,14,112,135,121,75,88,2,36,54,16,32,114,122,81,123,40,39,48,110,53,33,78,102,118,65,29,134,72,73,131,64,93,11,127,125,55,99,42,0,119,23,34,43,120,25,89,91,17,83,116,44,6,30,10,12,8,85,71,62,101,74,68,41,19,70,96,109,69,45,52,15,126,38,50,117,133,46,1,7,95,31,84,4,76,106,94,35,98,9,27
4,1
135,27,60,41,69,70,7,56,30,89,113,33,45,130,126,22,85,31,9,99,94,58,114,110,95,57,122,34,64,13,90,4,104,26,117,20,86,115,14,3,119,83,81,68,79,59,73,80,107,52,65,128,25,106,39,11,53,127,17,131,21,96,129,44,112,49,54,38,93,109,24,97,61,2,37,29,0,134,48,5,108,12,75,8,82,101,100,42,132,43,77,51,133,116,105,91,92,1,87,28,74,102,35,16,121,36,118,103,19,125,62,23,18,71,50,66,98,88,84,120,55,15,123,76,40,47,10,72,32,124,6,46,78,63,67,111
6,5
131,80,83,34,126,129,7,13,30,18,93,38,97,69,3,110,74,11,51,98,12,22,28,116,8,120,48,32,1,14,78,134,55,44,102,84,94,45,77,37,115,46,90,2,5,62,118,63,26,96,86,130,70,99,58,112,29,79,132,41,20,52,53,25,66,10,60,104,88,6,128,31,16,56,107,42,108,57,95,119,113,0,121,100,35,91,47,133,125,54,67,103,39,9,50,105,40,81,114,64,27,36,76,59,15,109,72,21,92,123,23,24,89,4,33,65,73,87,49,106,82,111,19,71,122,85,101,17,43,75,135,61,127,124,117,68
3,6
26,126,115,64,95,85,3,50,113,60,72,40,16,118,47,116,75,43,41,33,133,30,11,110,49,104,69,45,98,83,121,89,114,135,122,73,120,87,1,22,35,123,77,106,134,129,101,66,6,80,23,127,125,103,90,15,100,25,92,9,79,57,67,19,91,20,13,2,105,8,102,5,132,7,36,97,4,48,108,119,117,124,53,70,63,131,17,68,44,107,14,42,81,61,54,39,10,128,55,29,46,130,37,78,21,109,28,0,34,111,31,86,51,52,62,88,56,24,74,59,82,65,71,84,32,93,99,112,96,18,38,76,94,58,12,27
6,2
131,80,129,15,6,107,48,76,51,116,103,112,122,23,17,44,0,66,65,4,58,124,9,74,75,115,86,132,34,69,35,32,2,38,1,71,96,110,25,120,57,89,81,118,125,64,61,7,37,59,31,53,54,24,73,27,87,113,16,49,52,55,93,106,123,33,14,126,43,78,20,13,30,99,42,63,56,102,79,70,114,121,26,62,108,72,84,127,101,83,95,41,18,119,128,130,67,29,68,50,133,117,94,39,91,45,97,36,111,46,98,88,100,92,8,12,135,11,3,77,22,47,21,85,134,90,40,105,5,82,19,104,60,10,28,109
5,3
104,81,39,49,119,72,118,35,42,41,5,62,109,1,15,120,33,25,23,28,30,8,70,31,86,47,88,79,69,93,92,48,45,4,126,34,32,116,130,60,59,46,26,58,99,111,134,84,10,37,135,56,63,14,127,64,54,18,96,73,132,115,108,51,91,105,6,125,85,68,19,94,3,16,71,38,9,2,21,106,128,61,87,53,27,124,90,57,80,20,97,83,100,131,95,52,65,76,29,113,122,24,123,133,44,110,89,117,11,17,98,101,129,74,75,107,0,114,50,7,77,40,82,22,121,112,78,12,103,43,36,55,66,67,102,13
2,4
