124,122,37,27,80,127,125,87,104,67,115,95,8,57,92,130,69,118,20,128,35,6,123,56,103,96,55,85,109,88,32,63,26,117,16,17,82,47,68,23,9,25,65,5,39,94,76,58,97,36,14,99,111,7,133,113,31,100,131,70,28,46,30,60,79,41,74,116,75,93,105,49,91,135,114,42,45,132,21,119,18,24,129,51,121,3,81,40,29,13,34,19,86,78,53,64,50,71,120,83,66,84,126,4,12,10,101,102,22,112,15,48,134,77,0,11,108,98,61,1,107,110,59,90,2,44,54,38,89,33,62,43,73,106,72,52
4,5
34,127,107,122,116,68,112,69,126,74,134,27,130,108,31,20,11,66,98,131,29,2,114,39,133,84,96,4,83,19,48,124,77,109,105,58,12,45,61,87,113,5,120,55,121,7,73,15,13,14,82,47,63,26,25,53,135,97,18,24,115,67,52,92,46,132,33,23,93,71,118,81,16,56,64,35,103,41,54,79,90,17,59,129,106,125,6,60,119,50,102,75,22,0,40,62,91,95,30,32,57,21,110,36,85,38,51,72,88,44,94,28,78,100,123,70,99,89,128,80,49,86,3,111,117,42,10,101,104,9,76,1,43,37,65,8
5,2
24,28,46,40,70,59,82,107,13,67,104,1,55,124,51,10,0,100,49,58,74,52,115,37,17,2,102,134,79,39,34,111,53,91,7,63,99,21,129,130,14,62,86,22,103,45,116,66,56,27,68,109,71,128,64,60,125,54,35,96,113,131,4,3,108,38,73,57,114,133,98,90,89,122,112,8,78,15,41,101,77,117,83,81,26,76,33,42,72,85,126,84,11,88,9,16,48,61,87,110,25,23,105,119,30,12,18,120,123,127,92,65,132,50,135,44,118,106,29,43,5,95,19,47,97,75,32,93,94,31,36,6,80,121,69,20
2,2
9,72,83,110,100,64,87,84,15,21,4,12,49,18,129,75,17,11,122,119,32,0,86,85,63,67,123,73,71,101,134,93,56,118,50,77,53,58,46,2,1,68,16,128,62,124,3,13,96,79,108,36,59,112,40,39,25,95,48,91,6,35,81,14,26,105,57,54,43,52,5,69,47,33,102,24,22,131,89,7,82,78,80,94,55,125,98,120,104,76,23,109,116,106,130,10,88,28,66,115,99,117,34,42,90,38,97,70,103,92,127,107,20,132,30,45,65,61,135,19,41,29,133,37,8,60,111,31,74,121,126,51,113,27,44,114
6,5
116,2,53,59,92,9,64,73,4,38,24,33,119,107,39,34,130,63,40,0,81,15,101,118,135,57,111,127,95,23,27,123,93,20,3,98,75,10,30,41,45,17,56,54,77,19,128,104,48,16,124,97,126,44,52,115,32,129,37,71,110,100,62,13,6,117,85,36,60,12,72,68,125,122,74,61,86,51,5,70,108,50,121,87,67,46,26,114,28,84,120,109,99,78,76,94,29,91,88,18,25,11,102,134,22,103,79,14,35,31,49,1,8,55,131,69,133,47,112,80,106,89,82,21,132,43,113,65,58,7,83,90,66,42,105,96
6,6
87,11,105,13,24,133,126,40,20,56,100,72,1,130,35,8,38,117,34,61,114,63,93,47,119,97,81,102,16,59,78,55,107,116,23,69,68,14,122,22,57,25,129,66,112,43,82,0,18,121,65,29,113,27,104,4,101,118,67,90,106,120,75,2,125,32,108,79,86,10,53,80,7,60,128,132,48,92,45,131,103,41,21,111,70,98,36,3,77,84,85,54,95,134,17,64,127,15,76,26,83,88,58,9,19,44,37,91,12,51,73,50,89,30,28,31,109,6,39,99,33,124,62,74,115,123,96,49,42,135,94,71,46,110,52,5
2,6
59,3,64,74,111,127,89,130,91,29,7,113,26,131,94,120,105,49,87,106,16,9,68,101,90,86,53,1,15,51,63,10,107,57,93,23,22,97,129,20,13,17,25,2,43,62,48,122,12,98,54,33,135,42,85,4,70,132,103,30,125,45,0,102,47,92,81,55,100,71,116,6,69,65,119,117,112,115,35,60,67,78,39,95,8,88,72,32,121,40,14,75,21,5,28,134,11,41,108,24,73,133,36,37,38,61,18,124,31,99,110,19,83,80,126,34,128,76,82,52,50,27,46,58,118,96,66,84,77,123,109,104,79,56,44,114
5,5
13,17,119,128,106,78,99,132,82,60,97,101,30,48,84,62,4,0,105,24,83,80,9,127,87,86,70,123,63,59,73,100,93,35,79,120,89,95,126,43,5,64,102,104,92,39,7,67,134,6,75,121,22,18,115,76,27,8,90,122,46,19,88,40,15,44,114,69,21,34,56,42,45,10,31,55,47,61,103,116,113,1,117,14,85,53,51,38,29,57,71,26,130,25,65,118,36,125,16,77,98,111,94,2,124,50,41,37,49,129,112,81,20,58,135,107,66,131,108,133,12,54,72,32,110,74,23,68,11,33,96,52,109,3,28,91
4,6
63,13,20,2,118,102,116,100,87,112,26,67,128,32,64,60,76,74,62,18,84,123,0,38,31,125,66,33,126,79,70,103,7,52,25,43,101,92,97,81,16,82,35,57,85,121,129,5,28,11,104,23,99,14,113,105,109,30,53,61,122,93,115,90,111,73,127,1,114,56,54,41,40,15,4,19,135,49,91,39,47,80,96,98,78,37,133,8,58,6,12,131,17,72,42,29,86,130,27,34,132,134,9,119,50,107,75,77,95,120,51,24,21,44,10,3,124,71,55,69,68,88,36,22,110,117,83,89,106,48,59,108,94,46,45,65
4,3
35,135,67,68,87,10,65,83,48,69,113,31,43,86,54,27,26,28,125,80,120,131,32,2,104,30,17,52,22,73,97,128,75,57,47,117,62,12,6,5,111,16,89,132,127,9,101,96,81,60,53,40,72,20,130,59,38,63,110,36,70,56,103,39,118,37,108,112,61,18,29,64,82,19,84,34,24,66,3,33,92,7,107,124,129,77,90,99,93,78,122,105,71,88,123,133,74,102,79,106,109,13,100,4,0,91,46,94,44,95,23,49,15,14,114,45,51,1,85,11,25,134,116,58,98,115,21,55,76,41,8,119,126,121,50,42
6,4
9,17,24,72,42,70,87,68,117,29,74,51,91,76,110,104,121,50,41,4,10,120,67,31,22,113,40,64,83,77,11,19,58,79,94,46,16,130,30,49,108,6,12,47,124,1,116,28,132,102,69,114,38,21,85,107,99,32,101,35,89,112,122,56,59,90,25,80,96,0,54,92,131,26,100,98,43,78,55,82,86,133,106,57,135,20,105,123,39,97,27,118,23,3,53,2,44,45,119,93,63,103,14,125,109,15,95,36,5,18,66,134,62,33,37,127,13,8,111,81,52,75,115,88,48,7,84,60,73,71,34,126,129,128,65,61
5,2
74,96,26,72,112,15,58,97,55,81,36,77,68,75,45,102,33,25,82,2,94,84,46,65,124,21,14,52,106,63,41,111,89,47,123,42,43,29,50,59,118,73,8,129,4,88,114,126,78,9,49,1,131,31,121,116,71,76,11,95,70,103,85,39,6,62,35,10,92,122,87,101,69,7,28,66,48,32,100,133,127,24,57,51,23,30,56,64,54,13,27,16,60,115,37,99,104,67,3,128,134,40,12,20,17,86,117,38,107,0,98,135,80,105,91,108,93,113,109,79,34,90,44,110,19,22,83,119,132,130,18,125,5,120,61,53
4,4
95,31,68,51,16,71,127,0,25,26,14,36,33,135,20,99,48,88,65,15,108,35,98,133,119,27,96,5,10,84,24,7,29,41,39,40,23,54,70,17,74,34,43,11,78,130,12,63,60,73,2,86,1,75,79,114,132,116,52,18,125,128,123,64,37,93,69,111,46,89,66,56,83,134,57,122,19,62,9,28,129,109,121,100,58,131,91,124,104,45,8,101,110,59,113,47,120,115,22,106,38,61,85,77,80,44,50,97,55,3,53,21,92,105,90,32,81,42,112,82,126,6,49,103,13,30,67,94,107,72,118,4,102,87,117,76
1,2
10,84,74,60,40,61,58,107,29,39,13,89,67,129,116,70,101,135,111,25,46,123,104,42,81,38,122,12,115,97,78,92,30,34,14,102,98,90,103,79,63,99,85,113,16,47,109,94,1,19,48,59,4,44,131,119,2,17,21,35,9,71,23,54,114,49,110,32,20,105,24,41,112,95,52,126,128,91,65,127,36,83,26,0,62,100,118,106,6,18,88,121,51,11,31,56,37,64,27,80,33,5,28,75,124,82,55,3,57,53,125,72,68,132,15,22,96,66,120,69,86,133,134,76,87,73,45,43,50,108,77,7,8,130,93,117
2,2
53,16,5,130,29,86,3,2,98,78,133,134,96,28,34,8,132,65,52,62,97,117,80,95,92,67,94,89,30,83,74,22,105,99,18,112,58,51,56,71,111,43,4,64,14,17,35,66,39,82,46,79,121,91,38,104,47,75,60,1,15,25,26,118,93,49,114,87,50,68,32,85,69,103,88,37,21,6,115,123,102,57,59,55,125,19,10,76,73,113,48,0,45,131,44,41,106,108,100,54,23,127,70,61,33,20,116,135,126,77,7,72,27,24,120,128,122,11,109,63,31,101,13,81,84,107,124,110,9,90,129,36,119,12,42,40
4,6
36,2,95,87,18,83,47,127,119,116,48,82,29,135,93,122,113,52,32,103,68,9,71,96,25,76,102,19,15,17,72,75,66,4,125,37,131,121,0,92,133,84,123,21,31,46,28,7,108,16,5,99,27,132,65,70,78,63,100,97,40,13,38,39,41,44,10,49,79,94,22,30,54,53,14,90,50,129,24,73,114,130,109,51,57,35,69,55,8,117,105,61,26,74,112,85,118,11,1,59,86,6,107,43,111,12,126,89,124,110,45,20,77,64,42,60,104,3,34,115,67,128,106,134,23,101,98,81,62,80,88,56,58,33,91,120
3,5
105,88,28,1,131,89,114,78,47,57,122,71,34,7,103,70,42,96,61,62,45,43,94,84,111,99,128,59,113,22,85,12,112,54,92,97,48,16,6,124,115,56,17,38,95,39,104,110,135,25,134,18,63,107,75,13,32,68,55,51,106,21,118,8,81,116,119,76,101,50,20,41,26,2,130,93,91,87,109,19,14,44,74,120,27,23,58,69,46,126,127,83,24,98,29,36,9,10,86,49,60,5,4,40,31,30,64,66,35,133,15,11,37,73,90,52,65,0,72,123,117,80,108,53,132,100,77,121,3,33,102,79,129,67,125,82
1,5
114,1,45,110,28,133,19,39,0,57,126,105,96,99,68,86,67,54,21,119,13,65,132,94,107,91,128,35,12,121,122,44,116,59,26,100,52,82,69,76,62,131,9,18,92,43,37,74,98,135,93,24,102,85,108,113,11,47,20,101,71,90,123,79,25,38,111,55,104,66,5,33,112,61,51,84,103,22,15,2,124,80,32,95,29,109,77,17,30,60,4,6,106,58,130,134,40,72,97,115,27,70,41,125,75,23,8,36,46,117,129,42,48,64,53,88,120,73,14,127,81,31,87,89,10,34,3,83,16,63,118,50,49,7,56,78
4,2
59,96,79,102,41,86,134,116,20,100,64,22,58,7,23,68,2,48,88,3,89,50,34,115,19,24,107,15,105,75,113,106,83,42,80,43,120,132,127,14,103,38,12,17,40,70,51,87,27,82,39,114,52,95,16,74,9,108,1,91,49,122,77,129,123,72,85,97,53,112,66,109,131,94,84,57,110,63,31,25,8,47,92,0,98,111,71,125,26,46,119,130,73,28,36,135,117,124,99,55,56,18,30,76,35,45,121,32,104,61,29,21,37,81,54,78,62,44,67,4,133,11,101,69,60,13,5,90,33,126,93,128,118,65,6,10
4,4
36,124,71,27,115,120,25,21,67,72,112,113,84,64,61,99,93,74,22,6,53,135,126,10,83,42,111,34,59,95,107,134,40,78,108,13,92,130,26,9,103,98,110,123,79,15,90,19,80,116,46,50,89,16,47,41,57,3,8,52,122,118,69,65,129,91,117,94,104,60,17,5,54,55,56,100,133,86,11,4,66,24,23,73,12,85,63,131,81,87,43,121,97,62,82,132,96,31,127,35,75,38,109,29,0,48,39,1,37,77,105,32,30,125,106,49,58,119,28,70,44,68,102,18,20,33,45,7,2,76,51,101,128,88,14,114
6,1
11,120,9,135,14,132,35,74,60,50,27,66,6,20,13,54,18,10,25,85,15,70,96,113,28,99,122,4,88,123,55,98,34,81,129,100,107,46,59,5,44,37,32,127,7,115,41,109,118,84,110,111,8,103,64,33,73,95,57,78,0,82,39,22,79,124,134,53,101,102,36,58,97,65,108,86,3,87,48,17,40,112,83,2,68,128,76,23,56,30,52,106,12,80,116,47,91,130,114,49,104,121,61,131,62,72,71,43,126,29,21,24,105,63,19,31,92,94,45,89,93,42,38,125,77,119,51,90,26,1,16,133,75,69,67,117
5,3
115,27,40,68,76,112,113,88,25,97,81,47,118,58,56,5,35,100,16,85,123,62,43,26,13,38,46,125,65,28,21,132,1,110,20,93,6,90,95,131,2,116,114,9,24,44,96,7,106,18,94,135,53,32,63,117,49,66,37,71,119,86,75,22,105,127,19,134,107,36,8,45,101,34,50,30,129,103,54,133,80,79,12,120,41,10,4,98,77,67,3,121,0,60,89,64,102,17,83,128,78,48,15,11,99,69,51,31,57,130,91,108,72,55,39,52,61,59,73,84,29,82,74,124,14,92,33,126,70,109,111,42,87,23,104,122
3,1
79,107,52,73,135,71,18,104,123,120,28,41,111,43,66,70,87,84,67,21,1,65,134,98,32,78,16,88,110,35,3,37,42,46,27,40,45,56,118,95,26,83,109,15,53,93,29,57,128,2,8,131,64,51,124,20,48,114,89,72,63,125,38,36,14,91,5,133,25,115,4,101,116,82,23,7,127,13,6,24,80,19,12,74,31,69,54,102,10,55,60,100,34,33,62,22,39,117,49,119,103,81,76,112,11,132,94,77,96,61,0,121,92,75,85,113,105,97,106,44,47,30,50,59,108,9,126,90,58,17,86,122,130,129,68,99
4,3
12,120,30,62,13,17,91,100,59,11,43,58,122,131,110,128,107,93,42,40,119,102,33,135,95,127,49,98,89,113,4,35,72,83,31,74,86,21,5,39,65,38,73,130,60,16,51,61,56,37,29,24,84,124,125,9,90,67,36,64,44,108,87,28,66,126,53,123,54,133,101,26,80,77,32,82,22,132,41,115,103,109,129,6,71,112,20,10,3,105,99,88,50,25,48,2,19,97,45,76,18,111,63,114,118,121,134,96,69,104,14,78,46,1,106,116,68,52,94,23,8,75,70,92,117,34,27,47,85,79,57,0,55,81,7,15
4,1
44,61,49,128,58,39,67,63,45,120,4,86,88,55,103,16,56,75,97,85,121,11,126,98,12,94,114,36,111,125,21,48,82,77,52,81,41,17,101,37,34,107,123,74,76,53,29,3,19,110,96,18,8,24,73,109,100,135,79,93,95,5,33,35,15,68,7,84,66,113,57,1,78,23,64,91,14,99,132,115,46,51,0,129,133,38,122,62,117,69,119,131,108,2,20,31,47,127,40,26,80,65,25,83,13,112,6,116,54,27,92,134,71,102,90,9,89,30,105,10,50,118,42,106,104,70,32,43,28,130,22,59,87,72,124,60
6,4
27,53,107,45,118,117,0,71,5,62,40,116,83,112,29,111,7,87,12,120,104,78,72,102,135,93,100,114,76,46,133,14,1,91,124,128,25,61,115,44,70,127,69,54,98,81,49,103,97,20,125,113,23,77,13,28,80,26,56,130,85,3,109,9,37,38,8,68,123,34,10,4,42,105,122,129,96,15,51,57,95,73,94,43,67,121,19,64,126,50,30,24,18,58,66,59,2,132,39,99,79,119,22,48,47,82,92,75,63,134,90,74,84,21,101,31,35,106,6,86,131,17,60,110,36,65,41,108,88,89,11,32,16,55,33,52
1,5
133,89,22,99,54,13,67,30,3,46,43,69,123,76,23,47,72,135,113,131,55,53,110,20,2,0,59,107,44,73,116,49,100,65,125,92,38,39,106,98,71,87,95,124,115,24,41,104,80,94,51,134,6,68,62,63,77,25,5,60,12,61,105,82,21,122,58,14,1,88,64,66,75,8,132,35,70,33,37,127,52,111,93,130,36,97,31,56,114,15,18,9,81,128,10,126,16,118,19,96,7,28,45,90,74,79,50,84,129,4,117,57,101,40,78,11,121,26,48,91,32,120,103,29,34,17,102,108,119,83,27,109,85,86,112,42
4,3
99,54,26,3,67,60,82,124,18,35,23,28,36,84,112,122,109,27,50,117,93,44,4,126,74,119,43,106,132,33,66,10,61,83,1,17,86,57,77,97,75,5,125,49,34,118,68,13,16,80,63,130,2,21,92,116,88,71,128,72,6,111,129,95,12,70,42,69,24,115,22,101,110,76,91,133,48,7,14,78,121,11,94,85,96,90,105,52,79,20,123,38,120,8,108,37,53,59,64,100,31,0,51,41,9,19,47,46,127,98,32,131,73,103,65,56,29,15,39,55,89,62,135,107,114,40,134,104,87,58,30,45,113,25,102,81
5,1
28,23,2,102,9,70,72,84,118,12,0,18,133,96,124,86,123,101,105,74,62,125,108,32,50,85,5,87,7,119,89,73,90,29,93,95,79,75,44,16,76,126,66,42,1,52,19,83,65,117,51,91,53,58,27,13,111,22,25,14,56,113,36,128,15,94,49,26,57,48,71,92,55,30,63,127,20,31,67,129,41,135,122,82,106,107,68,64,77,120,100,35,54,99,40,132,17,98,47,10,37,80,24,59,60,39,121,46,45,69,38,4,114,61,34,110,103,97,43,8,115,130,131,11,78,88,21,3,33,134,104,6,109,81,116,112
1,4
73,16,57,123,34,130,6,25,53,17,81,56,92,21,22,97,51,93,35,75,58,74,129,132,19,110,44,1,84,128,30,119,2,90,7,39,46,78,101,64,116,33,125,13,49,50,43,70,36,86,47,48,126,23,54,98,68,11,45,111,65,100,41,102,80,20,18,24,5,109,3,0,88,69,14,28,71,27,105,124,26,79,9,99,61,107,52,87,118,135,72,127,67,15,115,31,10,120,85,29,77,32,113,131,112,104,103,96,62,82,133,76,83,134,4,60,106,66,8,121,114,108,63,95,91,122,59,55,12,89,40,117,37,94,42,38
2,4
84,9,68,62,77,43,14,28,85,1,0,102,83,70,5,124,64,101,57,66,121,65,18,89,10,47,34,130,100,82,17,91,41,7,88,21,132,118,40,134,92,39,50,117,4,46,74,25,55,81,53,36,131,72,97,63,79,11,69,58,129,108,33,12,86,104,60,80,54,113,29,135,98,45,133,93,115,2,112,119,24,75,71,120,31,116,90,105,6,67,13,48,109,37,78,126,107,106,15,38,19,8,22,99,27,128,59,56,16,3,76,87,96,52,95,32,103,127,114,125,94,122,110,49,26,61,42,20,30,44,23,111,73,51,35,123
2,4
114,132,1,80,115,44,122,3,39,7,53,74,25,59,103,134,76,36,81,125,68,101,119,17,35,38,129,63,124,131,91,48,128,27,92,50,69,88,118,83,46,85,34,10,86,107,33,121,37,32,109,96,82,12,31,111,15,73,130,49,135,24,104,87,72,120,20,117,14,6,123,100,23,61,113,93,79,71,56,60,77,67,102,99,22,21,62,29,28,66,126,57,110,42,112,41,127,5,70,47,94,19,95,64,9,58,0,55,106,108,16,65,51,84,13,90,54,133,11,45,40,43,4,30,8,75,2,98,18,78,89,97,105,52,26,116
5,2
13,21,126,30,80,109,119,130,82,64,90,75,85,50,108,123,83,124,11,106,110,73,100,20,92,134,116,57,79,78,24,44,74,25,114,9,71,67,86,72,113,34,6,26,12,22,131,27,41,93,81,60,104,46,40,59,35,65,98,102,115,70,69,54,61,96,91,1,15,103,7,28,97,94,5,66,135,48,4,51,132,36,0,99,125,31,128,129,122,68,95,52,42,120,17,32,10,112,38,84,63,117,58,2,105,33,111,14,55,39,49,118,19,127,47,121,133,29,37,101,76,43,87,3,45,77,88,89,16,56,23,107,18,8,53,62
3,6
7,27,42,74,79,43,105,103,94,70,65,130,2,21,108,115,75,35,89,127,57,100,129,69,63,22,3,66,102,90,96,124,113,81,37,71,60,125,67,134,117,17,80,48,126,26,109,19,78,32,68,64,91,112,97,44,120,77,4,24,133,12,47,73,54,59,98,111,9,76,31,82,23,51,61,123,122,15,119,34,85,5,110,101,131,30,95,6,114,49,135,40,8,11,107,128,28,1,92,53,62,10,116,87,56,55,20,18,83,88,121,58,46,14,52,99,25,39,132,93,36,29,104,118,72,106,41,50,86,0,33,16,45,38,13,84
1,6
25,2,52,129,29,9,26,135,60,124,1,78,32,50,59,62,47,51,58,12,80,4,77,6,133,57,123,22,82,86,75,84,126,81,40,30,41,79,89,69,94,100,76,20,3,85,113,103,95,38,96,14,131,83,46,56,98,118,49,44,35,28,93,72,97,54,34,43,128,67,48,125,0,15,91,117,10,37,71,109,127,120,87,55,7,130,114,90,115,8,121,42,13,74,36,70,39,106,27,61,64,105,122,102,68,92,119,31,99,24,107,5,116,111,11,73,101,104,16,19,18,45,17,21,53,134,63,33,65,112,110,88,132,108,66,23
1,5
122,70,80,124,61,127,39,129,14,21,65,32,3,1,94,112,125,17,69,7,110,89,128,64,82,95,27,62,102,76,23,131,133,90,74,33,109,59,97,8,52,26,67,57,123,68,71,86,0,48,106,29,79,22,83,99,92,15,107,9,55,101,38,43,49,118,47,12,18,37,54,53,104,30,75,63,2,25,10,115,108,105,87,4,51,126,78,134,56,81,5,50,77,66,96,42,116,73,44,13,58,113,121,111,84,28,20,36,31,98,45,11,117,19,72,6,16,24,132,46,135,85,34,35,100,40,114,91,120,130,88,60,41,93,103,119
2,4
66,92,15,23,85,27,76,113,54,58,17,90,70,3,49,63,130,86,4,100,124,37,97,98,29,53,108,10,21,6,112,96,89,60,43,135,125,116,40,61,59,77,48,99,131,20,56,34,117,47,75,42,1,114,36,64,52,68,74,104,103,25,80,55,115,83,95,31,22,41,133,57,24,93,107,120,129,18,72,101,119,62,84,78,79,88,39,111,7,105,102,38,123,128,110,35,127,106,118,32,67,87,16,91,28,94,73,9,44,69,33,19,109,82,5,134,46,13,126,121,12,51,81,8,50,65,26,2,122,14,45,11,132,0,30,71
5,2
106,101,8,57,36,32,119,21,107,100,73,11,77,116,105,42,67,48,69,108,132,16,4,43,122,44,33,38,80,13,34,85,94,88,14,120,10,104,45,70,47,60,49,6,87,63,115,109,114,96,58,56,46,79,110,90,0,126,118,18,113,135,82,93,125,61,20,39,95,64,1,41,28,86,121,84,12,25,75,37,103,133,112,19,131,53,102,54,65,74,31,27,62,83,24,97,91,23,55,78,29,51,35,111,130,7,76,81,5,22,92,127,17,129,72,99,128,123,2,66,3,98,71,15,40,68,30,59,52,50,26,117,89,134,124,9
2,3
58,43,12,16,69,23,131,82,85,84,66,5,115,134,116,102,57,128,126,52,61,46,132,32,123,71,30,56,118,104,64,107,111,37,18,91,62,67,11,29,78,17,110,68,87,3,98,31,59,83,45,36,42,130,95,48,9,0,20,26,74,55,47,41,105,93,13,8,7,76,101,19,99,79,88,72,44,109,89,75,51,53,40,80,10,120,94,90,129,25,121,86,27,60,77,135,97,112,49,50,39,81,35,38,63,119,4,100,2,24,22,70,6,103,1,34,133,65,15,92,28,108,125,124,33,113,54,122,96,14,117,106,127,21,114,73
5,1
129,31,51,43,70,119,11,66,15,77,23,17,85,41,75,61,39,73,83,110,100,44,78,106,21,89,97,13,62,63,104,126,130,7,105,88,58,117,114,67,12,38,80,112,111,54,108,47,29,99,86,53,95,26,135,79,96,65,59,56,87,94,37,84,69,57,74,91,28,122,134,93,45,131,127,133,19,24,34,40,71,82,64,8,46,36,76,118,124,42,92,113,120,6,0,128,109,4,98,48,16,49,60,50,81,1,115,33,123,125,90,107,132,101,102,68,52,20,22,3,27,55,5,18,116,121,9,35,32,25,14,30,2,72,103,10
4,3
121,128,112,98,101,80,62,26,54,34,86,27,39,109,74,120,60,19,110,35,16,56,100,135,65,38,90,118,20,61,124,63,13,4,104,83,2,15,68,0,111,76,18,64,129,44,5,14,82,108,88,96,31,23,52,75,7,87,46,48,114,127,47,89,25,66,55,51,78,134,92,40,1,102,125,117,69,73,11,105,79,12,132,30,49,32,123,42,70,122,8,94,99,85,116,21,28,95,130,77,41,58,36,126,81,50,107,106,17,84,37,97,67,9,119,71,113,93,24,43,6,3,45,29,22,103,53,57,72,133,59,33,131,91,115,10
1,3
2,114,55,105,33,134,133,111,99,124,32,51,60,36,93,86,109,82,53,115,43,68,80,106,25,9,66,10,100,19,59,112,39,3,118,88,12,30,64,67,125,62,52,37,132,126,135,103,16,46,34,90,95,117,31,127,8,20,58,41,85,35,79,110,11,27,45,17,29,28,102,97,13,84,94,65,22,73,81,116,38,7,26,131,69,18,56,24,104,1,44,123,130,128,63,72,129,91,57,48,108,50,83,101,70,40,76,47,107,87,89,113,119,121,49,5,4,78,21,71,92,122,15,96,74,23,0,120,6,14,77,42,75,54,61,98
3,1
78,8,133,81,79,115,82,110,30,124,61,55,99,106,48,70,92,132,50,120,2,119,47,41,11,63,1,130,32,34,101,112,103,97,71,125,98,10,84,73,5,27,109,91,95,43,15,113,111,26,107,6,102,28,18,131,51,123,66,89,20,114,94,12,29,80,54,60,134,4,36,53,74,62,46,121,9,45,21,67,3,7,37,135,39,85,19,128,93,127,72,17,44,87,24,42,83,40,58,69,116,77,117,105,118,31,35,56,129,104,75,22,52,64,108,38,122,16,126,96,86,65,0,25,33,100,59,88,14,68,49,57,13,76,90,23
2,5
10,41,106,83,24,99,97,114,89,127,8,123,55,6,76,37,119,101,100,85,132,58,113,40,125,59,53,50,32,34,88,39,52,79,134,73,4,116,86,5,35,109,3,121,70,18,30,131,20,72,80,122,108,133,120,13,77,33,51,82,135,23,75,96,45,69,47,65,98,112,126,81,19,130,92,26,67,90,27,61,11,1,111,36,25,103,105,12,43,28,62,44,60,84,115,29,64,21,104,38,57,128,48,71,118,87,42,63,68,129,107,124,46,91,15,94,0,22,110,54,2,74,56,16,78,49,17,14,9,117,95,7,102,66,31,93
6,5
23,21,48,54,97,31,6,79,94,62,134,85,101,135,69,109,118,110,115,87,66,128,29,70,127,64,7,9,103,44,117,13,53,120,105,81,83,76,77,104,71,24,14,74,125,60,93,107,99,122,5,26,2,108,25,84,1,0,95,36,126,90,100,63,124,59,40,41,98,58,50,129,111,68,4,16,22,51,112,49,28,42,89,37,72,20,96,17,80,32,88,47,38,113,18,8,86,114,130,91,30,121,55,75,67,43,73,82,34,92,131,39,35,116,56,78,123,52,133,3,106,46,61,119,132,11,15,102,10,57,65,27,19,12,33,45
2,3
121,14,53,13,135,129,116,115,54,50,108,111,65,95,4,29,23,8,86,20,130,18,26,67,103,19,131,83,75,104,98,16,6,17,87,43,60,128,58,118,36,122,80,120,119,31,112,40,25,79,44,88,11,91,52,127,12,89,99,32,77,42,55,70,125,123,39,27,114,45,69,46,106,76,28,109,49,63,81,41,133,7,71,57,84,117,82,64,59,10,30,1,61,66,78,21,51,97,94,113,96,126,105,9,68,110,124,93,73,100,101,2,38,15,48,134,0,85,132,47,107,90,56,37,102,74,33,92,72,24,3,35,34,62,22,5
4,4
53,32,117,111,91,40,124,47,0,29,130,110,92,87,58,84,64,134,43,113,10,126,80,108,51,14,52,46,6,131,21,83,99,119,74,34,120,125,25,115,5,36,31,45,70,123,114,54,42,107,72,101,15,13,81,62,12,128,77,60,66,20,2,61,38,75,68,94,18,82,69,8,3,97,85,133,121,129,118,122,39,11,76,9,59,98,27,48,23,88,1,105,104,57,103,86,71,63,56,100,55,7,78,109,17,135,19,37,127,24,90,4,16,50,41,73,35,65,67,89,30,33,96,112,116,28,95,44,22,79,49,102,93,106,26,132
3,4
23,67,78,131,92,60,96,29,52,44,42,17,128,65,36,38,27,84,71,100,91,11,13,75,51,129,112,53,130,125,106,41,7,105,69,93,74,104,118,88,63,126,35,95,16,56,18,6,34,54,127,68,111,9,79,99,94,124,76,83,3,45,32,0,40,107,30,101,108,110,135,20,46,43,97,109,37,15,10,47,62,77,86,89,87,22,25,48,58,121,2,8,123,80,70,133,5,55,134,61,21,81,49,59,98,26,1,31,66,132,122,64,19,73,115,39,90,116,14,114,50,119,113,103,72,82,57,85,24,12,102,33,4,117,28,120
1,1
7,89,103,30,91,67,104,131,19,54,97,96,0,65,110,127,38,23,75,80,22,21,86,62,28,94,44,50,85,27,101,34,90,108,88,36,56,130,123,33,3,95,118,134,128,117,61,129,106,125,99,115,76,47,74,102,2,92,133,8,26,120,15,114,66,6,68,25,70,9,83,14,5,111,132,17,53,82,116,78,135,81,59,60,39,119,79,72,105,98,126,4,18,69,10,45,32,122,41,43,52,1,77,49,73,42,16,12,84,57,93,13,107,100,51,113,109,71,121,58,29,11,124,37,46,31,48,55,64,35,112,24,87,20,40,63
6,3
120,108,12,77,39,53,68,89,94,1,87,103,16,91,56,43,86,44,6,127,133,15,72,54,45,98,5,117,49,97,23,99,67,50,42,131,113,95,10,31,111,0,119,38,22,30,24,88,100,37,57,123,69,80,124,114,3,4,132,74,106,62,81,128,26,85,107,125,92,2,135,122,70,134,82,46,63,65,78,109,75,71,8,14,116,115,35,13,61,104,7,18,20,93,52,101,11,83,59,105,47,28,19,84,112,48,58,76,110,41,73,9,32,27,51,130,121,79,17,118,90,36,21,96,29,126,34,40,129,102,64,66,60,25,33,55
6,3
48,132,54,16,30,55,81,98,84,26,29,10,107,110,23,32,2,13,36,72,96,71,126,90,121,35,93,127,68,17,66,73,89,97,53,34,1,64,59,82,65,28,83,61,104,45,105,86,47,85,3,92,46,91,128,49,57,6,19,99,18,118,38,102,111,22,4,112,8,120,129,37,103,106,75,133,125,41,40,42,114,67,51,116,88,100,124,77,56,117,74,60,44,76,20,135,7,12,123,25,78,50,21,24,5,14,58,52,130,95,101,122,108,27,79,63,87,62,131,109,15,9,94,11,80,31,69,39,0,134,119,115,33,43,70,113
6,5
110,36,53,77,69,8,30,60,17,106,37,72,14,96,5,20,121,32,115,50,38,44,31,109,84,111,2,131,81,61,34,123,46,112,21,51,76,99,18,10,66,1,100,98,52,13,80,78,16,59,65,26,95,35,124,117,24,79,92,130,116,6,64,49,103,39,71,19,89,55,67,70,120,113,83,43,75,47,48,9,0,118,12,73,87,88,125,85,41,86,23,4,28,133,42,63,58,29,102,93,22,122,54,15,134,7,90,107,101,126,62,11,132,40,57,128,97,25,82,108,3,129,114,119,105,27,68,94,33,135,45,91,56,127,74,104
5,1
48,87,132,54,8,42,95,106,129,9,49,57,39,71,65,55,84,10,67,85,58,36,103,100,18,17,98,40,90,73,78,96,128,11,130,134,12,27,13,109,72,53,127,89,68,31,133,102,76,16,32,24,125,56,83,113,118,117,124,135,0,44,45,47,5,101,126,29,66,105,14,104,81,51,97,59,22,69,107,26,38,99,64,37,23,70,21,114,6,93,41,75,116,111,30,46,74,50,88,25,7,86,121,43,94,19,35,1,61,110,62,80,33,122,123,52,20,92,4,108,60,15,2,28,91,119,3,63,112,77,79,131,120,115,34,82
5,3
36,48,68,22,17,11,29,1,97,71,120,110,53,39,58,16,2,80,83,78,90,25,94,30,87,31,125,52,113,8,100,34,109,115,46,129,123,135,118,79,49,19,128,85,116,41,101,105,40,27,43,103,14,104,127,69,7,108,121,12,114,130,91,21,50,66,42,107,45,56,93,15,60,74,38,112,89,76,81,84,0,61,88,126,98,37,63,44,4,124,117,119,62,99,55,47,57,67,9,59,33,13,95,72,102,3,10,134,28,5,32,111,65,92,70,133,131,73,106,86,35,51,82,75,20,18,96,122,23,77,6,24,64,26,54,132
4,3
114,76,131,23,7,66,48,34,109,19,110,96,13,134,85,129,27,39,126,98,18,4,77,104,113,112,26,40,6,22,53,93,124,123,130,14,78,8,24,100,62,107,41,54,119,102,20,103,115,12,117,88,108,37,46,56,58,125,28,132,99,80,57,87,128,71,11,79,30,50,61,0,38,32,10,69,72,81,86,67,43,15,73,74,25,29,92,83,94,111,49,45,116,35,2,60,95,82,36,70,106,42,64,127,65,55,52,120,84,51,47,21,97,118,135,101,17,89,9,3,75,121,63,105,1,68,133,16,5,33,31,44,91,59,90,122
4,2
107,18,131,53,121,21,102,100,65,33,130,40,37,54,56,35,112,22,119,72,43,91,103,122,133,12,4,89,76,73,79,124,125,30,106,24,26,47,104,25,83,9,44,1,68,115,62,114,36,52,78,39,127,31,8,6,80,126,70,90,81,95,20,93,51,118,14,67,113,34,63,41,17,123,82,98,28,16,71,45,57,48,86,69,101,2,129,50,77,88,99,94,108,135,27,105,10,84,134,13,128,120,75,92,29,109,96,132,85,46,32,58,60,49,61,0,97,11,74,42,19,38,64,110,117,59,23,55,116,15,7,3,87,5,111,66
1,2
94,67,125,97,57,42,45,63,36,116,118,26,13,122,32,14,28,38,133,5,59,66,113,130,8,69,120,86,115,65,88,46,33,73,4,85,62,114,83,23,98,0,21,121,31,111,112,50,58,135,102,64,18,6,95,24,22,110,12,34,11,132,17,51,109,123,89,47,100,16,105,90,70,77,75,54,87,44,131,96,91,68,19,104,56,80,43,37,124,20,99,79,78,52,7,30,134,127,39,126,72,71,3,25,117,74,2,60,128,106,61,48,82,108,53,41,84,1,15,103,93,10,29,27,35,129,9,107,49,76,119,92,40,101,55,81
5,3
74,15,95,117,67,89,52,85,82,41,70,63,3,46,5,132,48,130,92,123,69,122,29,47,93,2,100,101,8,14,16,99,102,62,36,91,98,106,126,127,65,57,66,51,114,124,10,129,33,55,71,27,4,0,79,109,64,23,90,28,111,24,135,45,53,113,61,77,20,26,30,105,13,39,72,81,31,110,133,73,6,38,11,37,120,17,59,80,75,25,88,21,97,76,108,35,118,56,49,121,7,34,115,131,18,19,83,125,43,104,134,42,60,32,107,128,119,94,87,112,50,12,103,116,84,22,9,1,58,40,96,44,86,54,78,68
5,4
39,47,116,105,133,135,46,73,131,52,2,31,99,111,80,65,22,117,63,58,38,82,0,3,132,15,77,40,90,17,76,35,103,42,85,129,95,108,20,97,51,124,106,92,56,14,16,127,10,88,84,123,122,23,43,30,74,48,33,86,89,109,57,61,21,100,5,26,49,102,67,98,19,70,75,114,130,66,59,120,110,115,55,13,50,27,9,8,25,113,29,44,53,118,94,104,78,12,68,28,107,128,93,6,71,87,4,37,54,134,112,72,101,62,36,41,79,126,11,64,18,60,119,7,121,1,96,34,125,83,91,81,32,45,69,24
6,3
32,89,133,66,26,91,116,22,96,3,13,9,79,82,40,17,86,41,61,80,99,46,76,123,35,43,127,105,126,131,67,45,132,11,27,64,130,70,113,103,59,23,125,29,107,16,117,90,134,39,122,83,6,75,47,21,73,30,78,101,81,119,15,51,62,20,36,84,109,63,28,120,114,25,106,5,42,121,14,92,50,8,12,68,37,53,85,57,33,56,94,31,18,129,1,7,0,44,38,55,104,52,111,77,95,48,135,60,88,128,124,54,65,19,2,58,87,69,74,98,118,93,49,115,110,10,24,100,97,102,112,72,71,34,4,108
4,1
27,5,62,86,109,58,132,67,60,43,40,48,117,106,118,129,85,51,80,17,84,9,47,22,126,98,39,56,50,10,116,12,121,25,37,26,135,55,18,73,64,134,32,96,115,38,97,78,68,101,69,35,103,52,95,130,75,74,16,128,131,4,122,112,49,110,72,21,91,81,57,31,123,113,34,63,102,99,14,93,77,111,59,66,45,89,3,105,107,133,44,79,90,124,28,100,8,20,70,30,2,65,23,41,29,15,42,82,88,61,83,94,7,76,71,104,33,19,119,114,125,36,24,6,54,108,1,127,0,53,92,46,11,13,120,87
2,4
53,55,78,99,106,24,59,97,117,7,0,132,130,37,88,35,98,124,134,4,108,84,28,80,73,101,77,70,135,131,109,62,113,42,46,47,121,13,54,61,29,34,104,85,115,3,58,33,60,107,21,50,110,96,31,15,48,128,127,93,122,43,5,65,6,75,76,20,25,129,18,32,49,64,87,83,2,30,68,44,74,51,91,103,112,11,19,39,71,95,63,123,111,36,126,114,89,40,17,81,66,14,27,1,86,22,16,8,116,10,56,45,57,72,133,79,125,105,119,41,12,9,118,102,100,23,69,92,82,52,90,120,67,38,94,26
4,5
15,120,127,93,56,0,37,27,129,36,8,102,100,124,110,121,26,104,78,83,47,66,63,77,122,3,107,28,88,97,72,112,42,24,86,59,21,43,58,130,39,4,79,19,5,116,96,49,134,89,106,131,52,64,25,74,30,18,128,90,118,68,54,33,87,80,6,119,132,17,29,22,7,31,101,38,115,1,82,133,65,45,71,81,34,48,57,35,91,69,105,44,55,41,40,75,67,84,20,98,126,70,32,62,61,135,16,92,2,95,99,51,103,117,125,53,60,50,46,9,85,94,123,12,11,76,109,111,113,13,114,14,23,10,108,73
3,6
100,78,61,103,52,5,107,24,45,105,20,7,121,118,55,16,54,95,108,33,30,63,90,50,46,123,74,1,17,25,133,22,94,113,131,51,83,119,126,129,58,65,57,87,70,71,132,28,64,59,48,84,8,122,97,4,34,91,93,77,69,11,47,128,36,67,31,2,124,9,89,0,10,3,104,35,38,114,44,88,60,66,125,117,53,41,40,81,39,37,85,127,62,18,86,135,134,15,13,101,82,116,106,6,32,72,68,23,14,130,19,112,120,75,110,21,12,79,99,43,73,109,98,111,27,42,115,29,102,80,49,26,76,56,96,92
3,5
20,2,10,123,113,48,97,124,61,9,62,8,30,35,33,128,22,21,117,132,107,58,15,70,78,111,125,41,115,46,43,118,47,59,100,95,28,114,98,27,81,121,38,40,13,87,91,83,19,44,34,18,0,122,51,4,126,57,133,96,109,49,102,63,127,55,54,45,26,85,130,119,120,76,69,60,72,37,74,6,71,67,105,17,75,12,5,86,110,64,116,73,66,50,24,99,84,112,88,7,1,103,94,135,89,3,11,131,104,68,106,31,32,101,25,53,42,90,108,129,29,93,79,16,23,134,65,82,92,77,52,80,14,39,36,56
1,1
89,70,25,22,23,49,34,128,78,61,38,118,130,29,21,59,125,40,52,18,114,106,54,83,71,67,30,69,112,14,55,43,39,65,32,91,77,97,75,133,68,8,116,15,82,99,115,120,117,79,57,64,73,95,6,76,46,66,103,113,4,98,85,42,9,108,1,105,131,102,126,127,47,24,27,94,90,3,13,20,44,48,17,45,53,11,132,123,33,0,12,86,104,35,36,16,56,72,58,93,60,101,7,63,74,2,26,107,111,51,129,92,5,28,100,84,81,62,135,110,37,119,50,87,80,88,31,134,10,109,19,96,122,41,121,124
1,4
103,87,134,11,55,37,83,82,23,64,10,79,38,98,14,84,110,78,111,115,29,125,3,9,18,46,61,70,28,122,109,92,74,52,85,123,39,43,88,106,127,20,69,68,62,93,73,16,112,75,31,6,81,13,36,7,130,22,17,56,114,129,2,80,113,0,76,1,104,101,121,105,132,51,100,21,35,48,44,5,119,65,128,42,50,25,67,8,72,19,66,91,108,107,58,135,34,4,102,26,60,77,63,15,24,32,86,71,96,33,116,40,120,53,41,117,49,124,57,47,90,27,97,95,99,59,94,126,131,118,12,30,89,133,54,45
1,6
73,135,72,56,107,5,12,45,86,82,112,51,16,83,34,48,17,85,70,99,3,113,67,93,100,55,18,52,33,98,92,28,29,126,66,46,65,78,58,124,42,23,75,14,81,36,133,125,131,110,38,129,109,101,24,87,119,118,63,69,7,94,108,10,15,50,37,47,41,0,53,89,44,64,123,4,114,54,88,91,76,115,95,57,30,106,40,22,8,11,84,105,26,111,90,2,130,61,96,121,97,116,128,59,19,120,134,31,74,6,127,62,132,21,104,43,71,25,77,20,1,103,39,117,9,60,80,13,122,32,79,49,68,35,27,102
3,3
96,131,75,93,102,44,98,86,135,115,23,24,122,119,50,7,20,31,61,30,73,27,46,62,77,106,111,65,133,64,56,125,92,39,72,134,67,80,74,18,85,48,5,91,21,40,54,17,103,3,108,88,41,84,68,60,90,32,52,53,4,113,82,15,127,89,49,38,107,33,124,57,8,78,66,110,29,19,55,13,63,16,109,99,58,100,104,132,36,71,129,118,70,95,97,34,128,26,22,42,101,2,14,94,0,11,35,120,25,87,126,37,81,1,112,47,6,10,43,9,114,117,12,51,83,79,116,59,123,105,121,28,130,76,45,69
3,5
113,13,50,38,123,8,89,30,5,20,118,68,64,48,74,106,27,9,32,97,116,122,24,95,85,26,131,99,100,71,6,108,101,102,22,62,52,46,47,14,23,93,120,133,111,17,53,98,60,72,43,18,69,54,29,124,88,117,90,128,78,115,12,28,135,96,31,127,34,66,42,10,130,3,104,114,1,126,132,58,59,7,109,80,119,55,79,84,21,37,40,16,15,103,19,94,35,125,56,25,121,70,36,39,49,44,11,73,81,105,63,112,2,65,57,67,33,110,4,87,0,77,91,134,92,61,107,45,86,82,75,83,129,76,41,51
2,5
73,63,75,66,26,60,97,59,119,110,15,47,76,55,1,32,109,131,42,64,86,33,7,107,81,114,67,25,8,18,34,128,108,99,102,35,78,115,106,11,16,80,95,4,83,103,126,9,14,39,112,93,51,65,38,5,85,68,19,28,36,127,101,50,22,58,17,3,10,130,54,134,120,124,98,129,92,27,118,96,23,30,116,37,121,74,105,123,13,132,43,79,135,122,72,88,2,49,24,113,117,45,94,111,104,133,41,61,21,91,6,56,46,89,77,62,52,84,29,70,12,125,69,82,90,71,0,44,53,87,40,48,100,57,20,31
2,5
18,67,79,73,113,13,112,58,47,114,102,10,49,104,96,20,35,37,57,115,130,56,117,15,69,81,6,92,21,38,127,27,85,131,121,105,50,19,28,100,116,135,108,42,51,26,44,75,129,40,95,68,74,65,87,29,46,36,60,124,83,107,70,32,93,45,109,126,72,59,94,134,2,23,90,89,39,16,34,43,11,8,82,41,30,86,101,110,84,55,54,48,91,78,97,76,14,62,88,31,119,7,128,123,5,106,1,98,77,0,17,63,24,71,25,111,80,33,99,9,122,12,132,61,133,64,120,22,125,52,103,53,118,3,66,4
4,6
104,106,41,52,60,134,15,40,39,95,65,10,77,135,117,81,132,64,23,35,91,31,51,30,69,67,71,119,79,102,34,128,57,48,76,45,12,73,11,32,1,54,103,49,84,26,14,47,9,43,124,5,111,127,94,86,68,8,18,56,85,7,38,133,63,16,121,98,87,70,6,3,125,122,99,130,100,20,27,17,131,123,28,44,105,97,88,93,89,120,72,66,61,82,96,74,37,75,42,83,33,4,126,118,115,13,24,55,101,22,92,107,110,21,19,114,59,0,58,129,46,2,108,62,78,116,113,80,29,50,53,109,90,25,36,112
6,1
121,56,66,7,48,104,2,76,33,43,38,123,81,115,9,8,20,49,57,130,24,10,126,36,122,105,90,79,19,113,119,87,64,31,77,131,129,103,23,117,89,61,71,51,128,74,98,94,45,62,3,111,25,40,53,101,84,14,34,47,91,124,15,30,12,132,135,102,107,96,125,82,106,1,28,50,55,22,93,118,18,11,97,59,69,27,39,5,86,127,21,116,134,32,60,80,41,17,68,109,35,29,67,112,95,0,108,4,110,83,120,58,65,99,37,13,70,92,46,100,6,42,16,133,54,88,75,44,63,72,78,52,85,26,73,114
2,3
109,92,94,2,99,119,112,1,7,21,125,40,24,111,116,14,135,29,74,129,4,133,32,64,71,121,52,27,9,12,76,75,118,107,13,36,37,123,62,54,89,106,77,128,65,78,66,16,8,11,41,69,53,72,130,98,59,95,90,86,10,114,85,87,82,45,56,19,31,83,132,67,60,34,0,97,28,108,15,55,39,81,51,113,100,79,49,134,44,46,122,127,25,42,103,117,5,110,104,115,33,124,102,70,6,120,101,73,93,30,23,131,57,22,63,80,105,61,43,47,18,17,91,20,26,38,68,96,84,3,126,58,48,50,88,35
5,3
22,35,72,68,77,26,106,109,18,50,70,30,15,71,63,116,58,113,105,125,36,8,74,42,11,28,117,25,97,12,100,120,59,56,60,126,17,82,121,65,61,21,87,132,29,122,66,34,45,104,112,124,88,76,108,44,135,43,16,55,103,80,37,95,57,20,13,41,47,38,5,83,19,27,134,9,107,90,85,84,7,118,10,86,98,51,110,69,123,91,127,129,93,119,6,99,114,64,79,46,1,62,73,89,75,115,67,53,49,78,0,40,32,96,111,54,24,128,14,4,101,133,131,94,3,81,92,52,31,48,39,33,2,102,23,130
6,3
22,0,122,38,68,58,95,2,73,1,5,7,112,96,130,78,50,124,23,81,53,84,29,47,54,74,46,12,65,66,76,42,118,25,27,30,31,45,114,20,79,109,14,80,99,62,113,102,33,77,51,17,8,21,97,48,85,43,57,69,61,15,41,134,87,13,115,59,111,19,127,135,28,106,63,82,44,9,103,105,18,101,16,39,37,32,72,52,132,123,107,125,3,71,11,110,49,35,119,126,100,108,4,104,40,88,60,56,86,128,64,133,120,90,34,75,121,55,89,93,67,94,129,6,10,116,91,131,98,24,70,26,36,92,117,83
6,4
125,119,63,93,76,46,32,126,102,114,49,134,65,10,131,78,54,66,33,28,110,109,89,2,29,106,90,30,111,1,124,99,23,48,47,79,64,71,92,53,112,83,0,50,27,85,118,7,67,103,9,127,116,56,77,121,15,73,52,120,34,35,72,129,16,82,26,5,17,37,12,44,122,132,105,81,61,58,38,95,86,45,62,18,104,22,6,20,74,13,97,3,51,123,36,8,21,91,11,55,130,108,19,40,42,135,68,100,87,14,41,88,39,4,69,101,96,75,25,107,98,31,43,70,133,24,59,115,128,117,94,80,60,113,57,84
6,1
63,127,104,8,48,76,30,35,45,128,7,119,17,77,86,54,42,23,3,85,97,41,98,89,55,65,50,52,33,133,111,71,135,107,0,103,61,124,84,26,13,112,95,121,32,87,108,51,81,66,56,118,115,16,64,131,6,38,24,47,11,14,2,117,101,12,75,10,37,28,40,39,82,4,1,90,94,116,15,106,60,100,78,34,57,46,72,96,93,113,129,68,25,5,69,80,110,114,134,105,120,53,125,43,109,83,22,62,92,126,9,70,123,21,18,74,36,27,67,130,88,58,29,49,99,44,79,59,19,102,91,20,73,132,122,31
5,4
63,47,110,22,104,72,71,97,73,23,98,50,70,80,67,57,66,89,87,16,26,53,91,113,75,133,5,36,28,41,35,37,30,33,101,127,24,61,7,112,55,44,34,102,86,56,0,40,123,38,15,8,130,64,6,96,77,116,3,29,129,124,32,126,81,48,43,59,103,107,120,14,13,114,84,74,4,93,11,85,46,20,118,134,69,95,27,52,9,39,106,132,94,100,111,76,99,115,135,88,78,42,65,121,90,109,108,21,117,54,122,31,60,18,10,62,2,12,51,45,17,92,131,125,105,58,82,128,1,68,19,79,49,25,119,83
2,6
49,88,21,74,3,25,59,11,51,43,92,50,29,86,65,18,0,71,1,117,100,40,73,110,97,24,44,26,115,47,106,56,54,19,20,128,42,93,91,87,132,70,77,81,4,23,134,36,15,120,125,30,114,38,10,57,95,60,17,33,129,6,84,53,111,122,82,118,64,108,8,34,28,98,13,103,89,7,79,14,2,104,39,80,12,83,41,119,85,62,66,131,58,35,116,32,37,121,22,27,45,135,72,133,67,69,68,90,109,127,124,96,9,130,94,76,75,123,48,78,113,107,126,63,5,105,101,112,61,52,102,16,46,99,55,31
4,6
117,119,8,42,38,87,53,7,84,124,37,103,24,134,82,77,64,112,12,57,63,131,91,18,120,50,121,69,118,123,114,28,102,122,40,58,65,20,100,80,23,78,27,61,92,73,96,130,99,106,76,33,113,5,89,88,110,62,105,68,48,74,43,47,116,46,49,3,55,71,31,75,107,16,21,83,14,0,127,1,93,39,25,26,70,128,115,9,109,4,45,111,59,67,30,60,101,52,13,44,126,97,2,10,17,36,129,41,66,72,95,11,56,135,79,22,133,51,29,54,132,86,85,32,90,108,104,81,34,94,35,19,125,15,6,98
5,5
47,78,90,89,2,72,101,129,130,116,66,8,33,103,23,91,134,106,44,17,11,95,29,59,107,0,54,57,40,50,4,96,97,73,104,21,105,112,16,117,53,14,98,63,32,48,35,122,94,76,5,111,83,42,80,84,118,69,132,45,34,88,38,109,37,9,126,30,36,114,133,113,92,120,55,60,15,19,119,12,7,22,81,75,58,125,51,86,68,52,67,87,79,110,131,27,124,121,77,71,127,82,115,6,10,1,3,62,70,20,135,61,46,56,49,13,39,65,43,128,93,102,18,108,24,123,100,31,28,74,26,25,85,64,99,41
6,6
54,52,78,27,14,123,20,102,57,62,104,33,37,58,119,85,25,120,59,124,117,130,87,71,0,76,129,95,110,133,126,29,134,108,50,31,61,94,21,38,131,22,97,2,115,114,6,75,90,12,70,83,44,74,15,73,48,46,122,32,17,9,64,40,101,86,36,69,30,79,91,45,24,28,111,127,89,99,81,41,53,113,66,109,93,16,96,68,63,132,72,128,116,35,103,19,82,105,106,84,100,13,125,65,1,7,11,49,10,80,18,5,88,51,60,118,39,92,47,34,121,107,77,135,23,8,55,26,98,56,4,112,3,67,43,42
1,1
21,11,72,9,68,31,16,103,25,91,122,94,77,74,125,48,130,111,123,19,28,57,40,27,81,71,55,88,118,37,115,23,58,59,117,119,18,49,44,17,101,45,63,42,15,129,82,120,61,79,84,20,132,47,133,83,104,50,14,62,32,60,6,3,52,135,67,127,76,99,22,53,8,97,80,73,35,100,96,0,102,121,105,36,43,30,29,134,93,33,26,64,95,65,128,38,39,85,86,41,126,75,5,98,107,13,1,54,66,109,110,92,34,87,78,69,89,114,90,70,7,112,116,106,4,2,10,24,51,108,12,131,124,56,46,113
1,4
0,52,106,91,28,82,96,94,74,79,25,60,104,5,37,93,77,116,12,89,59,127,71,105,15,112,17,84,29,16,46,76,35,75,38,14,115,102,63,22,9,65,98,126,123,117,124,3,111,129,20,78,2,134,132,40,114,109,7,128,87,97,133,55,85,88,90,10,44,70,51,135,83,24,103,122,92,120,54,130,32,53,107,23,4,39,49,43,101,34,26,80,62,131,86,11,81,30,45,19,110,100,73,68,42,125,27,119,8,18,50,69,64,36,118,41,113,61,57,47,21,66,6,48,67,72,108,95,58,13,33,1,99,56,31,121
6,5
106,89,21,113,114,6,99,55,63,15,86,100,72,7,76,47,69,24,50,49,23,17,79,112,130,127,91,95,46,84,104,85,125,108,120,81,126,29,51,64,58,45,61,103,8,11,102,44,54,134,88,39,93,101,129,74,116,124,96,5,40,31,41,48,2,73,97,71,22,66,1,20,57,36,131,98,92,0,135,14,33,35,10,82,26,110,27,119,30,121,19,62,13,123,16,52,87,80,18,3,32,43,90,107,115,25,68,109,67,78,133,12,9,132,59,70,28,56,83,42,128,53,77,94,65,117,60,111,4,122,37,105,75,118,34,38
3,5
59,81,29,28,23,40,51,85,104,66,25,45,127,4,114,86,54,124,46,44,69,135,131,105,117,101,20,99,50,43,16,11,2,109,82,80,110,41,68,47,102,98,33,113,24,115,60,32,74,95,96,12,112,128,21,78,108,88,22,120,92,118,7,63,30,65,3,79,35,38,129,73,75,56,134,94,27,64,123,133,39,71,103,116,18,34,15,111,1,9,77,57,5,0,107,100,36,76,19,91,122,61,70,93,121,48,132,62,8,14,10,106,89,97,37,31,119,6,26,72,52,67,42,13,126,17,125,53,83,49,84,55,58,130,90,87
2,3
135,121,36,54,122,15,38,11,107,102,41,45,93,9,58,47,83,79,81,51,52,77,80,78,120,125,94,48,87,4,133,130,103,119,1,64,63,21,3,20,2,42,91,55,105,35,32,50,92,49,57,29,8,95,110,84,56,12,89,128,0,34,25,6,19,117,13,62,134,33,106,111,131,113,31,99,109,97,24,16,118,40,85,132,86,112,126,53,10,37,17,26,39,7,129,116,98,127,73,104,70,71,18,28,88,101,59,114,82,123,76,14,60,67,43,72,30,65,75,46,27,115,68,61,96,124,44,74,23,5,108,69,66,22,90,100
6,3
101,116,57,17,128,79,99,66,60,71,74,55,48,5,109,63,32,8,24,100,41,68,45,42,83,67,134,56,46,85,105,70,27,62,89,16,76,108,106,98,102,92,28,121,50,114,94,3,37,119,73,34,23,54,13,20,130,35,18,4,11,77,80,51,82,95,81,86,29,47,124,65,104,111,10,36,112,43,26,131,120,113,88,15,64,40,25,107,22,6,75,69,14,133,59,97,21,110,52,115,9,122,0,2,126,91,96,129,78,135,84,12,132,53,49,117,1,90,30,7,103,44,31,33,87,39,125,123,118,58,61,19,127,72,93,38
5,3
87,33,40,71,93,54,43,125,118,122,44,89,8,90,28,46,32,61,17,36,105,109,75,108,4,94,10,91,20,22,66,53,56,1,19,86,121,41,57,11,35,134,60,95,23,3,42,52,64,113,81,62,119,30,72,131,65,59,129,100,115,48,6,14,96,15,37,31,24,58,78,25,114,116,77,82,133,124,0,18,70,80,106,47,7,13,120,39,132,111,45,123,98,99,103,104,16,63,92,34,79,51,110,126,55,67,128,74,29,102,101,127,50,21,2,73,69,9,84,38,117,135,12,76,83,130,26,107,112,85,49,27,97,88,68,5
5,5
92,8,82,74,133,105,72,70,76,45,22,86,33,102,68,89,114,121,2,53,122,18,93,131,43,7,132,60,95,104,118,57,17,112,20,4,97,9,67,15,14,10,69,48,120,27,98,46,36,63,80,115,64,5,52,94,21,23,55,30,62,85,35,13,125,126,108,73,87,59,37,129,83,38,32,25,99,110,3,116,75,24,65,29,96,0,119,130,81,56,11,77,106,117,50,123,12,71,49,124,16,113,44,47,28,91,34,127,66,31,1,58,40,134,103,26,109,42,6,101,54,111,107,78,135,39,19,90,51,79,41,61,128,84,100,88
2,4
61,117,42,123,86,49,119,108,83,46,16,97,26,60,88,28,130,63,18,105,11,40,113,114,35,80,36,132,37,127,17,100,69,59,41,135,7,96,58,44,93,56,124,125,84,51,13,55,75,1,25,76,120,99,85,68,24,82,4,110,70,87,102,71,122,129,5,32,77,111,79,20,6,72,103,34,126,104,131,54,12,9,121,118,65,81,66,73,53,50,2,107,133,0,67,48,52,92,39,109,106,101,30,10,95,64,27,116,38,19,89,90,128,134,22,21,47,98,115,74,14,15,62,31,33,45,23,3,43,94,29,78,8,57,112,91
4,4
123,89,91,86,134,12,36,118,88,3,126,13,115,59,133,45,37,21,114,16,83,68,46,7,131,1,121,65,17,84,20,48,24,49,74,108,56,102,44,128,117,57,28,99,41,70,106,15,51,112,27,53,135,31,54,11,52,78,72,97,80,47,129,35,127,30,85,55,4,103,111,14,38,76,6,98,87,113,42,33,62,75,110,105,34,71,107,60,95,32,82,94,2,23,50,61,0,25,39,40,116,120,104,43,124,109,64,69,90,125,122,29,58,22,10,77,100,119,81,96,26,67,63,130,8,79,19,101,18,5,93,132,66,92,73,9
3,5
114,7,60,13,68,35,22,59,4,75,27,24,89,95,25,85,130,81,33,31,17,100,77,6,86,97,119,23,19,112,41,82,79,52,108,65,47,83,28,62,14,2,20,9,12,91,16,109,76,32,115,53,15,93,118,40,29,0,18,45,87,39,78,117,70,5,134,58,71,111,3,129,92,49,51,98,73,120,80,107,54,46,124,48,38,94,131,96,21,128,105,102,55,64,110,56,126,26,132,43,1,127,125,104,30,123,61,135,121,116,72,34,74,122,69,133,66,42,44,67,84,50,106,101,10,113,8,90,36,37,99,57,103,88,11,63
5,3
18,47,51,49,46,128,33,3,37,120,26,81,52,116,58,43,98,63,76,67,100,131,22,12,94,110,107,93,95,109,57,114,31,106,10,13,123,86,135,97,28,119,70,65,82,83,132,108,66,48,0,130,56,45,73,96,61,60,111,77,2,101,69,1,104,80,115,27,118,88,15,42,40,55,16,89,68,25,102,64,121,8,14,50,79,133,11,112,53,35,54,87,23,91,39,20,84,9,34,99,36,122,127,105,126,103,19,29,59,85,71,74,78,30,32,92,21,129,75,90,117,134,7,125,38,5,41,62,72,124,17,24,4,6,113,44
2,5
82,24,110,108,40,42,103,30,67,34,21,133,49,43,115,0,89,124,98,71,87,27,104,116,11,10,56,118,64,45,31,122,99,102,61,39,8,92,60,117,55,26,12,7,59,19,77,52,113,114,32,68,109,127,16,23,44,1,70,14,129,15,25,81,126,72,57,91,6,90,125,107,46,134,38,47,69,51,97,65,29,4,41,3,48,88,33,63,28,80,66,119,79,131,73,74,135,132,86,9,93,83,95,53,22,75,111,35,50,2,120,128,112,37,62,78,123,20,121,94,84,54,101,17,85,36,18,58,130,96,100,106,13,105,76,5
4,2
117,24,78,112,119,44,123,101,129,93,70,10,20,135,43,48,57,108,31,5,0,72,94,125,29,8,12,9,98,55,97,134,132,105,7,128,15,127,115,100,36,91,124,96,42,58,32,4,13,111,62,66,69,121,3,116,80,22,84,130,118,2,30,86,27,59,39,102,37,64,28,71,25,133,51,49,40,120,68,54,45,107,18,89,99,109,56,50,16,106,73,74,47,90,52,104,75,63,122,79,14,53,67,33,60,126,92,82,46,114,85,131,61,26,38,6,19,41,113,34,81,65,21,83,17,88,103,1,110,11,95,35,23,87,76,77
2,3
53,75,36,85,30,77,44,23,96,110,50,31,3,20,92,64,124,60,109,88,52,112,21,117,17,48,122,82,133,9,123,49,72,46,83,86,7,18,57,65,84,34,45,69,55,28,79,26,38,67,95,125,1,19,100,104,63,101,42,39,81,120,119,98,132,131,94,78,115,43,10,13,129,62,105,6,56,24,113,99,93,73,80,0,37,32,135,27,130,4,76,70,114,5,126,102,35,11,89,107,40,71,25,108,22,14,2,106,121,74,90,91,111,41,54,134,51,16,68,66,127,61,128,33,15,47,103,118,8,87,12,97,116,58,59,29
1,4
75,102,84,109,97,19,33,52,86,34,31,57,53,113,16,100,71,120,76,27,13,74,3,67,90,127,78,11,96,122,60,22,26,25,72,98,63,95,93,125,103,0,40,14,94,61,83,62,101,130,21,2,88,106,70,43,118,24,44,81,54,128,59,87,104,129,1,37,36,82,47,35,45,15,32,48,80,91,112,49,17,110,105,7,107,116,46,10,68,114,65,123,30,134,5,121,115,85,111,4,9,64,89,56,131,66,23,20,12,29,8,108,42,73,126,18,119,79,69,124,77,58,28,51,50,6,39,92,117,133,55,38,135,99,132,41
5,6
