33,54,120,37,20,24,122,14,49,53,38,1,65,67,63,84,76,70,25,85,52,31,96,125,44,124,119,57,59,4,5,75,66,10,101,81,134,118,69,121,48,94,93,51,41,71,115,114,56,129,23,35,73,126,3,55,8,106,58,40,99,68,98,12,108,45,110,87,0,64,89,11,77,7,60,104,42,47,131,39,92,82,135,132,30,117,105,29,21,78,50,61,102,6,107,17,130,9,111,91,127,19,72,133,112,74,2,97,80,15,128,13,18,79,100,22,27,34,116,103,109,95,32,43,46,26,113,86,83,88,16,62,90,123,28,36
5,1
13,5,30,47,121,49,89,122,84,42,67,0,83,66,4,74,11,10,68,123,57,33,80,17,115,31,133,3,9,14,73,64,55,38,41,117,70,100,126,7,125,107,23,94,82,18,90,124,119,28,88,108,20,132,22,24,35,50,111,127,120,58,86,103,12,106,65,118,6,97,105,25,96,32,26,59,61,72,76,19,16,113,46,131,39,34,102,45,98,71,99,112,36,37,69,77,101,52,128,81,135,43,54,130,56,92,75,85,2,51,62,116,48,109,129,114,40,91,63,44,60,21,27,53,104,79,93,78,1,110,15,87,95,29,134,8
5,5
86,107,32,38,90,44,43,75,103,61,50,8,49,53,57,112,104,48,22,95,47,41,9,4,20,93,40,124,125,91,28,110,16,54,34,7,37,115,70,126,89,106,135,101,80,111,76,2,74,56,108,24,97,67,98,31,65,133,78,119,0,85,18,87,131,29,26,96,118,1,82,36,10,23,121,123,12,5,3,66,71,77,69,60,68,25,63,92,19,35,21,113,55,27,46,94,81,128,120,62,64,130,100,122,51,52,79,30,88,114,59,132,84,83,73,102,14,117,6,72,45,42,58,11,134,13,99,15,33,129,127,105,116,17,109,39
6,6
97,10,6,58,15,76,125,61,77,56,82,54,122,36,0,5,60,118,63,4,30,121,132,64,104,50,105,115,70,111,18,31,85,126,93,8,79,102,32,29,98,57,69,7,95,113,109,117,99,40,73,72,39,25,24,22,131,42,100,65,106,67,52,128,71,38,103,27,88,116,114,119,20,124,2,80,89,1,84,92,21,33,91,28,134,108,37,46,135,51,9,112,87,12,101,14,75,59,110,78,83,68,53,62,44,107,66,48,45,94,41,74,13,120,43,86,133,17,34,127,26,55,11,123,19,49,90,96,3,129,35,47,81,130,23,16
3,2
33,12,114,104,57,100,2,54,71,19,59,22,3,132,120,32,39,63,102,15,106,82,94,28,74,66,79,118,124,129,99,110,98,53,17,83,65,80,95,122,107,93,131,84,73,105,103,10,41,121,116,77,86,75,85,18,70,133,9,97,1,5,51,20,126,128,72,68,109,42,55,112,69,92,108,117,6,64,7,52,78,4,61,25,49,11,27,113,35,23,91,26,88,125,40,8,34,45,127,60,89,30,24,44,130,37,76,47,56,90,14,13,81,21,67,16,50,134,119,48,87,62,31,135,123,29,111,46,115,58,0,96,43,101,36,38
1,6
15,59,48,90,24,5,70,39,97,88,123,67,51,0,74,125,130,118,52,4,110,47,119,73,102,124,115,82,22,78,21,64,65,81,84,60,44,12,72,93,30,109,108,117,49,111,99,66,31,95,29,76,19,121,122,42,106,9,13,105,40,112,91,96,120,58,86,69,101,61,10,28,7,35,17,71,45,94,14,75,128,79,38,116,83,131,3,85,126,57,114,92,77,26,27,87,18,2,129,107,34,54,8,32,113,16,11,135,46,132,62,89,53,133,127,80,68,1,20,36,100,56,104,134,25,98,33,37,43,41,63,6,103,55,50,23
2,6
41,13,84,46,85,104,66,73,119,71,36,54,56,16,75,81,29,131,35,12,28,108,111,45,102,32,0,80,123,63,65,17,101,58,117,125,22,55,74,11,20,10,82,14,72,53,79,96,134,18,78,37,107,31,43,67,110,25,135,30,130,133,52,132,118,21,127,5,116,19,3,99,48,129,38,27,98,47,89,59,114,100,70,122,68,88,40,105,95,109,44,124,57,128,60,24,6,49,86,112,126,64,77,15,62,115,120,76,26,94,39,106,34,1,103,51,4,2,97,42,23,9,50,93,8,113,121,83,61,69,90,33,87,91,92,7
6,6
33,20,115,130,76,134,111,9,11,113,90,29,39,94,68,59,99,98,6,75,78,101,72,49,44,51,117,123,128,55,135,62,65,60,30,79,36,74,124,40,85,71,121,46,4,54,133,122,34,58,19,26,105,109,52,116,112,81,92,107,23,120,38,48,64,35,88,45,83,118,1,2,91,86,31,22,0,108,42,47,27,129,28,132,93,100,77,56,127,37,53,97,3,95,69,8,131,10,12,14,73,25,13,18,57,41,50,43,84,126,66,7,96,87,67,114,63,110,89,82,104,119,80,15,5,102,32,24,70,103,61,106,125,17,21,16
1,6
108,50,18,30,21,121,71,86,128,40,23,92,124,45,106,75,53,34,76,54,19,99,11,89,17,26,4,110,93,120,3,38,127,114,119,70,44,94,13,6,14,79,9,65,46,101,134,95,88,91,51,64,130,55,56,129,135,117,1,87,72,100,85,15,104,42,107,81,35,12,33,115,52,10,90,77,60,96,62,132,105,82,109,32,41,122,16,80,8,20,74,43,63,116,78,73,83,84,103,5,112,47,102,27,125,66,118,126,133,57,97,24,29,48,58,31,7,25,113,123,67,37,28,131,0,22,111,68,49,69,2,59,39,36,61,98
3,6
133,102,57,122,22,12,103,4,124,78,96,91,135,15,59,92,45,61,20,54,125,8,9,126,64,107,123,110,130,1,52,121,76,14,21,7,32,94,63,3,33,70,104,99,40,5,73,80,25,18,127,112,108,2,71,75,41,0,69,16,26,35,10,119,118,113,72,27,6,49,24,42,89,17,95,46,30,79,128,134,39,43,97,83,82,105,101,87,13,29,47,131,48,60,81,31,56,109,116,114,11,85,100,65,88,132,111,86,34,36,28,58,44,98,66,51,67,23,37,90,50,74,84,106,93,68,117,55,115,120,77,19,129,62,53,38
5,1
108,10,130,3,117,31,80,19,59,6,67,48,58,81,24,30,60,78,79,102,55,23,36,107,13,83,34,112,21,50,109,128,53,33,111,22,89,9,114,74,39,15,97,35,70,16,17,28,32,118,29,91,18,76,44,84,26,47,131,110,7,77,38,87,46,41,43,64,27,61,120,100,14,72,25,122,0,52,98,121,65,88,103,116,45,62,101,94,126,66,37,8,85,68,40,134,93,132,90,5,113,125,86,56,92,105,1,82,96,124,71,63,127,51,135,75,54,123,106,4,133,2,99,49,12,115,104,11,73,95,129,119,20,69,57,42
2,2
51,109,52,79,132,45,77,94,13,5,59,2,68,86,29,74,6,53,56,112,33,98,96,125,55,128,101,40,104,127,85,36,43,22,66,129,60,123,100,69,58,47,1,67,99,135,97,65,9,7,91,107,24,38,44,26,49,57,27,10,90,16,113,30,31,28,50,35,122,25,21,18,39,48,116,71,62,20,110,134,64,92,8,82,89,70,80,15,102,87,84,93,46,63,106,14,88,130,118,73,0,105,103,115,126,61,78,95,72,12,111,119,17,11,114,19,37,108,120,75,3,54,32,42,81,131,124,121,76,133,34,83,23,4,117,41
4,4
79,87,28,50,11,122,9,27,12,32,33,10,123,81,71,90,129,120,59,7,16,36,64,73,84,76,130,95,5,77,133,118,60,112,43,68,34,78,30,108,4,98,40,67,107,8,110,42,97,31,6,57,132,127,38,121,25,46,41,48,86,109,21,74,35,119,62,88,26,69,75,20,82,19,15,39,22,93,113,128,45,49,106,126,17,115,105,104,58,51,96,3,2,56,134,94,91,65,24,61,89,114,103,131,66,14,85,83,0,124,1,92,63,13,29,117,72,18,116,101,37,70,47,55,23,125,52,111,80,53,54,100,102,44,135,99
5,3
128,44,65,11,38,40,129,120,32,90,18,14,67,118,76,20,52,26,87,58,82,12,94,61,45,130,41,119,122,29,109,74,100,63,112,33,91,99,132,19,85,64,1,105,17,115,83,35,131,54,71,46,92,125,69,59,53,135,49,30,10,84,108,7,95,116,103,13,5,34,98,6,86,113,43,107,22,77,24,81,60,101,123,21,16,133,124,28,117,66,73,27,80,37,72,51,79,68,9,88,47,50,36,42,2,56,70,93,31,57,0,111,78,4,96,62,89,102,75,127,134,25,3,106,114,55,48,39,126,121,110,104,97,8,23,15
5,4
72,129,51,33,13,46,56,32,86,90,50,3,98,39,60,36,10,67,110,100,125,2,40,126,6,85,117,96,58,22,11,111,7,78,116,122,101,84,80,135,97,47,28,113,30,81,109,65,37,25,105,14,118,61,4,21,53,132,64,29,108,74,9,95,88,24,106,18,79,75,45,87,41,54,107,0,55,134,66,112,69,23,1,99,27,123,17,83,62,15,73,12,130,35,20,102,52,119,8,82,76,89,127,70,91,57,19,71,131,77,26,48,68,128,104,120,115,93,59,44,38,114,121,16,103,63,5,92,124,31,49,133,94,34,42,43
6,2
19,73,13,5,76,27,78,64,43,20,47,122,41,21,96,8,84,53,46,129,1,7,95,91,69,123,12,118,116,135,75,87,94,10,49,48,90,130,42,111,66,77,120,102,58,115,61,35,14,0,6,125,117,72,51,82,74,121,54,99,32,89,59,85,34,22,67,3,97,52,33,24,57,55,65,113,44,62,110,79,50,112,70,81,39,17,100,86,133,126,127,37,119,88,71,15,92,36,56,45,107,131,93,23,28,63,109,80,25,103,9,124,30,114,104,11,26,108,40,18,83,2,128,101,38,60,106,29,132,105,31,16,4,98,134,68
1,3
121,50,45,59,28,54,58,18,7,46,21,109,39,5,66,124,55,77,26,27,64,108,132,105,85,8,19,48,44,116,134,38,86,3,78,67,6,35,135,114,71,16,43,60,24,40,13,20,22,95,75,102,53,70,120,106,31,99,74,88,131,129,11,72,57,36,2,34,130,96,76,93,62,14,52,133,110,79,63,68,61,33,15,49,123,65,101,83,122,73,42,90,69,115,107,0,4,47,17,23,119,25,127,29,100,94,84,9,32,111,81,112,118,82,41,91,1,97,30,126,92,117,89,125,98,104,128,37,103,12,10,80,56,51,113,87
1,5
47,70,122,26,121,25,17,6,9,11,134,66,60,39,65,104,51,108,109,7,57,95,41,85,100,22,135,101,13,89,29,133,4,40,126,82,38,30,75,58,50,112,28,76,80,102,18,115,35,73,3,37,119,84,117,62,92,67,43,103,79,114,90,113,116,124,32,0,53,123,94,5,127,34,71,46,27,87,8,74,83,128,15,91,24,52,20,86,16,44,125,48,33,97,69,1,49,54,107,105,88,132,2,77,99,110,19,31,42,23,129,64,120,130,93,21,55,63,10,12,61,59,118,81,36,72,45,98,96,131,56,68,106,14,78,111
1,6
134,127,59,116,114,87,72,48,39,75,63,68,10,90,82,120,73,86,9,47,60,98,135,38,94,91,104,101,132,43,111,99,4,69,7,33,0,50,12,115,5,6,133,97,131,54,124,64,17,92,77,67,37,51,121,71,58,118,62,20,130,123,110,84,8,1,2,22,56,107,44,40,89,83,100,78,45,53,79,66,15,88,32,65,122,55,112,49,24,14,18,19,128,31,46,125,76,96,25,28,95,117,26,102,80,108,103,129,105,74,126,52,21,85,106,29,113,35,70,41,34,13,119,109,3,81,27,57,36,11,16,61,23,42,30,93
1,2
40,7,89,74,134,33,25,10,115,78,83,129,84,62,30,107,49,26,118,23,69,1,79,63,73,52,58,44,104,106,37,111,60,19,95,121,66,45,36,9,114,35,3,130,82,105,13,72,100,53,31,34,128,99,59,18,132,32,48,65,68,86,112,64,70,15,4,8,11,50,125,54,116,39,123,85,120,93,5,108,131,119,98,127,81,17,102,55,38,113,87,91,0,126,47,21,92,29,16,61,117,96,14,122,101,97,28,103,6,20,76,41,12,110,94,124,57,109,90,24,80,67,77,2,22,51,46,43,75,88,71,133,42,27,135,56
2,4
117,46,63,115,69,126,116,24,0,85,8,56,70,37,120,109,51,26,47,31,27,18,74,10,105,128,81,64,106,14,43,131,39,28,94,72,58,13,61,91,52,83,80,113,9,4,89,78,30,29,49,127,103,73,60,112,100,92,67,32,48,16,121,104,53,57,75,42,33,77,132,11,34,38,6,119,65,41,2,5,12,96,124,111,97,102,22,84,114,59,93,62,3,95,98,86,54,17,135,1,20,7,36,125,123,88,90,129,108,21,130,99,87,50,40,107,101,66,23,79,15,82,122,44,118,76,55,133,45,71,68,35,134,19,25,110
6,6
41,108,133,99,18,0,56,10,7,59,72,26,135,60,38,95,131,33,53,86,106,105,78,128,14,67,100,113,51,134,22,83,70,35,5,119,3,63,57,74,123,54,116,122,49,80,39,50,103,52,90,62,97,37,130,34,79,9,129,21,2,43,8,89,19,76,23,107,24,88,46,110,92,61,132,109,87,44,111,96,73,127,28,82,11,77,25,69,17,101,20,68,115,40,94,121,125,36,117,1,42,6,31,12,112,58,114,47,84,16,102,30,93,45,48,124,85,32,27,65,118,98,29,4,81,55,120,64,13,126,66,104,15,75,91,71
6,2
47,44,48,120,56,132,106,30,37,17,108,129,57,20,88,41,82,130,51,127,121,50,91,133,53,71,95,39,85,3,27,32,103,28,60,22,23,105,21,31,99,92,63,69,109,117,78,134,72,2,33,83,58,5,46,81,67,116,19,26,55,9,64,123,84,126,12,62,124,24,52,0,104,89,54,93,90,115,43,70,49,94,102,25,107,122,35,61,14,110,96,15,6,4,101,42,97,74,125,38,7,114,65,73,112,1,36,111,80,59,119,16,100,18,68,75,131,98,10,87,45,113,79,118,66,8,76,11,86,13,29,128,135,40,77,34
3,1
119,123,68,57,111,131,95,35,6,75,84,112,49,3,103,105,85,41,66,46,29,108,78,104,36,33,7,13,90,54,14,64,77,59,115,106,9,97,37,50,17,91,16,19,24,40,2,20,42,122,121,31,11,56,21,86,63,87,73,51,43,55,81,101,32,79,62,47,22,132,114,60,94,12,135,92,83,30,4,120,133,53,98,128,27,0,129,10,80,1,71,130,61,38,126,26,25,134,107,89,69,18,76,8,96,74,118,93,52,48,45,117,124,102,44,109,127,116,100,39,15,88,110,28,34,67,99,82,70,125,58,72,113,65,5,23
5,1
56,62,70,79,61,132,103,59,58,26,68,88,135,113,106,51,3,35,64,85,86,15,49,98,2,43,21,38,14,19,45,8,24,102,84,118,128,73,112,72,36,53,101,54,133,27,78,32,95,76,50,131,83,87,44,42,99,1,4,40,119,67,6,9,114,41,34,55,124,75,82,134,69,81,94,7,25,109,37,74,123,111,5,115,0,18,13,100,91,129,104,105,80,65,48,47,96,39,22,90,20,77,60,107,10,110,120,89,16,63,11,130,121,66,17,116,117,127,108,125,71,12,29,30,28,57,122,23,31,33,126,46,92,97,93,52
3,5
35,11,124,16,4,51,0,120,109,68,54,76,111,46,60,97,93,34,77,40,69,101,19,42,115,5,18,58,114,107,94,13,123,106,133,96,73,64,117,55,102,95,86,21,129,62,37,132,87,134,74,1,14,70,59,127,20,116,135,122,112,121,66,17,84,10,92,49,85,57,30,56,99,27,52,91,90,98,50,110,79,89,38,131,108,28,63,36,75,113,82,105,104,128,100,88,103,8,24,22,7,130,67,3,48,25,118,6,26,65,71,32,2,47,12,44,45,72,78,23,15,125,83,81,43,53,61,31,126,29,41,39,119,9,80,33
1,4
96,81,111,125,18,68,108,52,118,56,130,53,72,1,54,75,132,30,8,44,106,77,100,50,46,79,0,12,61,26,14,114,20,126,70,58,21,48,78,129,84,17,121,85,110,120,119,19,135,115,69,9,25,15,59,38,7,13,88,39,28,97,102,86,24,76,63,32,31,133,33,57,47,94,113,117,36,35,4,51,82,131,134,43,95,10,67,71,99,11,105,16,60,40,41,112,74,66,127,93,87,83,64,37,6,89,107,27,73,65,34,55,80,90,104,123,101,23,124,92,22,98,29,45,122,128,103,2,49,62,42,5,116,3,109,91
2,4
9,71,67,62,36,133,32,34,129,17,22,115,89,99,105,131,93,43,31,19,85,46,111,70,30,127,1,90,134,7,98,96,81,97,76,8,80,11,101,47,83,107,57,121,0,58,21,77,51,73,61,110,100,120,64,72,5,15,10,125,118,68,3,119,12,39,20,54,84,40,87,55,26,18,28,50,82,16,102,52,38,112,65,86,33,14,48,60,6,44,41,27,95,53,91,128,74,88,42,122,45,132,104,59,25,135,2,13,124,116,109,29,108,4,113,126,117,79,23,49,103,37,63,92,35,106,75,94,130,69,66,114,78,56,123,24
5,6
98,9,0,122,71,129,42,78,11,51,81,7,117,76,69,37,30,32,116,121,100,86,8,15,95,70,89,6,14,34,12,93,5,55,64,106,18,24,111,134,124,36,35,16,61,132,127,90,104,45,19,131,50,105,108,31,46,120,133,128,40,62,4,75,21,99,84,135,72,107,115,67,109,22,63,112,73,49,2,13,53,92,113,60,85,110,17,27,43,79,74,25,57,80,66,39,58,88,68,59,97,41,101,3,123,83,102,10,126,119,125,1,87,82,118,44,47,29,20,96,54,38,103,91,130,26,114,28,23,33,48,52,77,56,94,65
5,3
105,48,32,128,119,121,42,31,92,71,62,122,85,70,28,89,120,16,11,100,93,68,49,130,127,26,5,95,19,12,24,78,69,10,116,118,38,94,123,4,37,23,45,90,102,131,114,56,41,61,64,124,66,113,51,74,14,2,109,9,96,104,58,135,83,33,7,20,15,87,18,65,36,30,84,97,3,132,44,106,27,39,72,34,117,79,60,47,35,21,25,103,81,108,86,110,98,99,126,112,73,55,40,82,67,129,101,43,59,8,125,54,29,91,22,0,77,76,17,46,115,1,6,52,107,13,57,80,111,53,134,75,88,63,50,133
4,5
60,16,12,113,97,8,131,27,118,114,93,2,48,32,116,95,57,115,1,117,29,90,107,106,0,26,51,130,52,125,19,38,28,49,54,47,75,110,40,66,102,13,98,63,96,79,94,84,45,74,17,11,15,39,70,103,128,23,120,31,71,9,86,72,83,109,6,112,68,122,121,73,10,30,35,34,37,92,42,82,7,25,123,132,81,133,46,78,61,101,135,56,43,67,108,126,127,50,36,80,22,24,44,14,119,129,88,104,3,134,55,87,65,20,58,99,41,124,21,77,5,89,100,59,64,85,18,91,111,76,69,53,105,33,4,62
3,6
88,15,126,103,100,108,93,54,95,89,102,29,98,22,107,27,113,120,14,37,26,129,125,114,94,118,67,13,31,0,111,34,85,32,11,133,97,10,72,53,122,73,92,90,78,45,63,19,64,1,20,57,5,62,56,18,134,28,36,21,74,135,39,77,12,47,41,81,112,130,38,30,75,60,61,116,119,52,86,121,40,115,65,43,46,2,106,48,109,123,50,101,6,124,70,68,49,127,99,79,17,4,51,9,76,55,8,110,7,25,84,87,35,69,59,82,105,58,24,16,131,3,71,44,117,83,96,128,66,33,91,80,104,42,23,132
5,5
113,134,60,14,75,17,78,13,43,1,67,4,24,121,64,9,111,116,125,82,47,100,102,117,25,57,112,73,32,132,38,101,35,129,133,30,36,52,93,2,87,5,130,26,131,135,105,44,92,114,23,51,110,50,97,18,21,42,94,34,27,54,53,59,127,33,77,128,72,19,66,46,58,88,40,8,0,55,15,118,91,28,109,120,74,119,10,83,122,90,16,103,104,56,107,37,99,41,89,80,76,7,12,45,68,84,96,20,29,48,31,79,106,6,22,49,126,39,11,98,95,85,62,61,124,115,123,81,69,71,108,86,63,65,70,3
5,5
100,9,106,6,18,96,82,19,109,116,85,120,62,104,65,5,134,107,33,57,124,101,87,28,50,128,17,119,11,3,69,10,66,1,126,91,0,78,98,129,77,23,41,92,93,80,29,79,46,42,70,133,22,122,26,95,8,86,102,88,114,72,27,74,71,105,113,63,132,14,58,127,118,68,108,12,7,47,81,112,16,55,75,31,60,30,73,130,125,32,56,67,89,131,54,53,34,135,115,110,121,21,24,117,51,39,84,111,38,48,76,36,94,123,49,13,61,20,52,97,83,43,90,25,37,44,99,59,40,103,4,2,15,35,64,45
2,6
83,116,58,11,90,92,95,75,121,78,87,7,2,12,96,28,30,5,99,21,109,67,111,55,107,44,49,112,29,69,61,102,60,105,52,123,91,48,40,59,73,46,13,118,56,85,80,38,68,103,0,24,113,62,41,133,98,42,100,130,10,129,18,104,134,35,70,15,63,88,115,51,74,34,135,19,43,9,53,84,71,32,77,89,4,132,8,124,101,93,108,128,36,57,50,31,6,27,23,16,126,122,65,20,37,76,33,125,72,114,66,22,127,82,3,17,14,86,106,97,47,45,120,117,81,1,25,64,26,39,94,119,110,54,79,131
4,6
127,18,20,4,44,57,105,46,76,19,71,49,65,69,21,131,37,115,132,75,2,50,53,90,39,5,84,107,26,40,93,52,85,102,77,66,100,88,17,134,78,109,122,86,12,41,3,96,9,56,99,1,13,123,6,36,28,8,124,72,94,11,81,87,113,98,95,73,130,51,111,25,64,117,22,101,62,31,70,33,29,34,67,30,126,89,16,68,133,116,32,0,45,110,74,135,15,27,97,125,103,7,112,54,82,114,92,106,58,43,121,42,60,63,23,55,48,10,120,83,104,47,61,38,91,129,59,80,119,79,118,108,14,24,35,128
4,1
44,30,21,3,74,111,66,33,14,84,6,20,126,86,93,8,76,73,34,60,85,55,18,29,105,25,96,124,109,61,99,52,82,5,35,116,134,36,128,97,121,39,95,113,38,2,78,28,89,104,9,64,31,56,130,115,47,62,68,123,40,117,42,58,11,107,83,37,90,54,79,133,125,15,75,112,23,94,70,91,50,132,32,49,26,80,129,43,120,135,4,67,17,65,72,7,45,122,24,92,48,13,63,127,102,131,103,119,0,51,57,101,81,110,88,19,108,12,71,77,53,59,87,118,98,10,46,106,41,16,69,1,100,22,114,27
6,1
46,21,58,28,55,133,27,30,116,70,4,78,60,44,8,87,73,134,23,56,103,39,72,112,107,47,34,82,127,68,22,92,119,126,3,124,122,33,79,114,31,108,93,57,2,5,11,41,109,81,113,16,64,40,94,43,19,25,63,38,36,88,37,59,13,24,84,12,48,80,35,1,106,120,50,117,129,69,71,90,29,76,0,97,91,89,45,62,125,18,67,10,118,96,86,132,20,128,121,131,53,102,101,99,26,7,61,51,77,42,65,83,49,111,95,123,75,32,14,17,110,105,9,98,52,100,130,54,6,74,85,104,115,66,135,15
2,5
135,51,113,111,125,114,34,47,71,29,28,74,131,112,105,98,97,52,30,16,0,93,86,50,3,91,69,42,27,6,77,61,4,132,44,127,115,58,73,1,36,66,123,57,55,53,100,116,120,37,104,109,35,103,92,12,59,130,82,25,7,108,21,87,126,102,101,45,133,5,80,134,15,62,56,38,39,9,83,70,75,17,23,63,118,90,128,96,40,121,11,84,60,99,31,72,41,14,20,119,18,88,26,79,67,2,49,94,81,85,89,46,19,43,78,129,68,76,33,124,117,107,54,10,64,48,24,22,32,122,110,95,8,13,106,65
3,1
132,43,79,67,99,69,119,81,28,103,17,12,73,115,77,101,122,56,89,83,24,39,13,121,23,104,16,8,114,125,47,44,62,84,116,87,45,95,26,71,100,32,102,6,0,9,66,42,90,65,33,21,60,128,15,22,37,109,2,78,98,110,54,135,107,40,134,10,94,80,3,1,108,126,48,92,41,75,64,127,53,59,91,38,55,70,31,93,58,124,123,74,36,85,29,131,20,49,18,117,118,51,11,130,113,19,14,72,112,5,97,68,50,4,120,133,86,88,34,46,106,7,25,63,30,82,52,76,111,27,129,96,57,61,35,105
3,4
63,102,125,41,86,114,47,130,48,13,95,18,1,111,128,72,109,75,116,8,58,83,35,99,135,76,0,115,42,84,108,9,119,92,113,3,62,133,31,23,12,65,85,121,53,2,127,43,118,107,66,93,22,91,28,120,6,44,21,126,124,79,45,82,73,70,4,7,71,77,104,50,27,103,129,97,117,80,32,11,26,132,24,15,60,52,105,89,20,46,101,81,36,57,123,69,51,112,37,122,88,34,78,5,68,40,49,74,33,87,61,106,29,54,55,134,67,17,16,39,94,100,56,25,19,38,30,59,90,131,96,64,10,14,98,110
4,1
19,66,73,7,81,24,86,9,48,0,33,15,56,40,95,42,1,128,59,89,102,13,71,45,78,38,135,43,103,109,113,106,30,90,21,12,115,84,36,94,88,77,104,26,46,122,44,29,6,70,79,72,83,87,22,64,76,50,97,92,52,8,32,127,34,116,134,39,117,105,82,62,119,118,27,63,4,28,108,121,53,11,58,2,16,100,31,3,49,91,125,47,107,18,98,51,14,96,41,101,120,60,37,20,25,69,5,65,131,114,93,112,110,61,75,35,126,10,99,68,54,111,85,123,129,133,55,124,132,74,17,23,80,57,130,67
1,1
14,89,81,113,94,49,83,47,9,119,92,120,97,91,135,50,101,115,66,98,122,61,0,5,107,20,43,109,3,111,28,35,67,130,126,7,13,78,33,36,40,106,71,127,112,31,105,16,55,121,15,117,123,114,104,131,27,88,69,41,24,42,100,72,64,125,56,26,86,75,25,60,37,39,12,79,129,21,134,58,18,1,10,34,128,132,48,87,96,62,46,76,93,84,108,124,11,54,68,44,4,80,2,38,8,85,70,6,90,53,99,65,95,82,23,102,19,22,45,32,77,30,17,103,57,63,29,52,118,73,51,116,59,133,74,110
2,6
10,39,92,124,47,132,96,22,9,118,82,51,93,134,119,131,99,113,32,62,55,56,53,108,81,4,127,83,84,68,90,3,42,59,27,38,79,46,123,95,28,112,65,13,21,40,11,73,88,126,60,101,29,6,30,74,18,44,103,5,1,107,91,37,122,85,78,25,33,114,2,75,12,128,111,66,16,14,7,76,52,58,49,41,70,36,69,57,50,104,120,67,109,8,34,102,86,130,94,72,61,45,129,98,24,23,116,48,87,71,15,110,17,105,80,106,125,19,0,115,133,43,31,100,97,63,89,20,35,121,26,117,54,64,77,135
2,6
83,71,106,6,120,117,75,109,55,107,95,85,105,80,50,76,21,54,74,108,133,34,38,65,121,94,57,103,86,130,62,41,68,110,35,102,60,48,9,91,69,28,135,16,123,100,89,13,32,39,45,47,23,19,44,37,7,116,53,0,90,92,77,40,134,15,5,129,66,88,17,115,59,29,111,118,25,20,46,112,31,101,132,43,124,4,14,26,113,56,72,104,128,52,2,78,98,18,119,63,61,79,87,42,67,127,10,3,125,131,114,12,99,64,93,70,97,1,96,24,33,49,30,27,58,11,51,36,73,8,82,84,122,126,81,22
5,3
112,28,19,123,135,128,82,64,95,77,127,39,40,132,126,97,122,23,54,71,17,93,113,27,66,44,94,91,55,114,0,26,107,63,120,133,2,87,16,111,29,6,109,56,60,89,18,104,12,130,48,53,10,65,59,75,14,121,30,61,9,76,46,131,88,13,4,49,118,15,125,99,103,68,62,115,45,70,80,119,92,84,33,7,21,37,105,78,8,100,20,36,1,102,52,25,3,85,5,108,31,41,96,124,38,42,58,34,47,67,22,73,129,134,79,24,51,50,74,43,110,117,35,81,101,98,72,90,69,32,86,83,11,106,57,116
3,5
134,120,129,83,101,38,49,86,14,89,13,21,43,119,66,108,97,90,56,93,2,62,5,31,94,6,98,46,71,102,112,32,60,27,72,85,50,53,17,123,37,48,103,130,45,107,18,63,25,64,88,73,113,79,9,127,106,1,42,76,92,61,82,78,121,12,65,22,44,75,99,26,135,40,109,58,74,55,95,47,10,23,133,52,7,59,117,87,0,24,69,67,126,131,11,118,41,116,114,19,35,125,20,51,16,91,111,33,8,128,115,80,96,30,68,104,70,54,105,29,81,15,57,34,132,77,100,122,110,84,39,28,36,4,124,3
2,2
108,40,76,39,64,27,112,99,15,0,106,68,93,80,56,116,123,4,1,42,83,86,70,46,65,97,66,29,11,96,135,84,61,130,107,24,12,47,73,131,58,129,120,3,71,81,105,17,113,121,52,109,22,118,30,119,34,41,28,54,59,117,31,8,49,36,122,90,101,67,23,126,102,62,100,128,115,43,78,16,85,134,2,38,69,5,77,37,91,74,51,33,79,72,44,95,53,57,104,26,132,75,133,21,9,32,124,35,60,6,25,92,125,48,18,127,10,94,89,7,14,111,45,19,114,50,55,110,88,103,13,63,87,98,82,20
6,5
105,48,123,130,8,65,124,73,24,71,94,125,18,119,1,78,66,19,121,7,2,5,43,85,45,122,113,95,112,97,30,106,79,39,14,77,81,89,110,90,132,54,46,53,47,76,120,107,12,50,84,60,104,44,74,33,63,29,67,56,70,96,135,37,127,9,59,41,57,134,55,117,31,22,10,98,34,126,102,21,131,116,92,0,6,17,26,128,49,80,133,36,35,115,114,64,4,13,15,58,68,72,91,109,40,32,88,101,82,108,69,103,61,51,99,93,25,20,11,62,86,23,118,111,52,100,3,16,83,75,27,38,42,87,129,28
5,3
88,44,69,116,133,57,134,80,98,97,19,77,31,117,112,49,115,85,131,35,132,13,54,111,84,122,63,103,60,107,12,72,7,16,4,11,30,70,0,129,17,45,127,106,108,6,58,43,110,75,81,118,28,36,9,32,94,104,39,41,64,124,113,109,89,24,10,91,92,48,67,130,78,37,95,50,126,59,18,5,29,14,52,8,46,102,21,86,22,53,76,90,61,25,83,34,114,1,55,96,66,56,123,33,15,125,68,128,119,71,79,3,38,42,135,121,20,101,23,100,62,99,51,27,87,65,82,120,2,74,40,93,47,73,26,105
6,1
21,102,107,92,130,51,48,95,77,7,8,70,49,62,114,75,121,74,16,132,84,10,29,109,15,104,115,129,72,118,98,135,134,67,34,43,1,35,26,131,60,13,28,112,97,25,56,105,63,24,32,101,27,80,46,66,38,50,17,44,42,126,31,5,64,87,76,73,124,119,94,81,20,39,53,68,91,83,41,6,110,2,22,100,71,65,58,3,89,57,90,33,106,88,37,45,54,99,12,86,93,78,0,18,123,79,36,55,122,116,82,52,14,120,96,19,9,40,108,128,30,133,113,59,125,47,69,23,111,61,85,117,127,103,11,4
1,6
41,20,97,35,30,122,131,82,86,67,10,92,0,11,124,87,59,34,9,57,15,118,117,94,88,38,55,47,21,29,28,114,23,27,33,50,115,19,72,128,80,66,58,17,56,48,84,96,125,129,120,71,37,135,7,108,134,112,77,113,26,101,31,127,12,60,39,22,49,65,109,110,126,133,98,95,51,36,13,2,102,100,81,70,43,5,1,18,79,90,46,123,24,42,40,64,130,103,121,68,74,106,132,4,62,91,54,14,25,53,3,78,93,116,45,119,89,83,61,85,6,105,52,111,73,104,99,8,69,75,107,32,16,76,44,63
3,2
78,11,42,0,7,49,65,3,110,113,84,119,109,133,87,43,28,13,9,129,98,37,122,27,116,68,44,82,25,88,135,95,29,130,111,16,15,48,114,101,93,32,36,108,67,64,123,80,69,55,63,57,72,102,10,50,17,23,96,121,85,59,103,115,31,91,127,118,24,125,107,73,52,126,34,2,90,30,20,62,79,131,120,4,38,83,66,22,53,134,8,124,5,40,104,81,46,70,6,112,54,45,33,97,39,99,56,106,100,41,18,117,35,86,75,105,74,21,92,89,47,60,51,128,77,71,12,61,1,14,76,26,94,19,58,132
6,5
93,30,101,47,95,127,26,19,99,128,129,39,124,22,81,14,131,116,32,7,52,25,21,67,57,9,119,97,45,71,23,84,50,46,134,42,114,59,33,120,135,53,69,75,77,104,37,49,121,123,65,41,115,98,82,76,63,89,13,68,74,17,72,118,35,24,66,48,111,58,56,20,102,5,31,100,11,10,108,96,90,16,61,8,55,4,12,106,29,83,40,112,44,107,92,62,79,1,130,103,132,91,15,60,3,126,88,51,6,94,0,43,85,38,86,122,73,109,70,105,117,133,18,80,54,64,78,28,113,36,110,125,2,34,87,27
2,3
0,96,75,119,97,1,37,25,16,66,24,128,38,94,114,116,44,73,79,70,19,134,15,12,39,63,93,83,9,102,125,120,21,17,58,36,33,123,11,41,13,115,52,42,89,121,131,129,68,74,124,132,57,127,10,71,87,60,28,46,30,78,27,48,2,110,109,23,43,81,62,55,4,32,105,56,49,113,34,98,76,47,54,130,135,107,133,5,85,80,117,99,84,101,92,7,45,6,106,20,59,95,65,108,31,77,18,22,86,103,82,26,112,29,69,40,61,8,50,100,111,104,91,88,118,35,64,122,90,72,53,14,3,67,51,126
3,1
85,16,5,52,98,62,63,108,132,83,12,17,1,96,13,69,49,7,25,0,135,94,4,40,133,46,66,77,129,36,89,91,111,47,54,9,39,97,120,101,50,127,71,70,78,42,21,103,117,131,72,119,43,45,51,30,114,34,106,65,64,115,10,33,19,20,38,27,56,68,93,48,29,130,26,24,86,95,41,112,92,90,2,15,32,118,100,58,37,11,124,3,31,87,55,107,8,121,126,116,84,18,73,53,109,80,75,59,113,14,76,28,6,122,125,134,74,60,99,35,79,82,123,110,61,88,44,23,102,22,105,81,128,104,67,57
4,2
126,96,17,87,76,26,8,45,108,128,24,66,77,56,113,46,70,5,99,64,54,20,59,100,60,112,121,98,58,90,42,133,86,109,27,83,2,53,124,63,6,74,11,1,131,125,32,55,78,114,106,72,10,22,134,71,104,37,97,82,35,105,34,117,91,13,68,36,14,18,44,130,93,116,61,19,88,89,129,69,51,39,21,81,107,132,47,94,80,52,111,103,135,49,95,40,31,16,28,3,119,7,29,101,25,43,12,15,50,41,65,33,79,92,73,0,23,4,48,123,57,118,120,38,30,84,85,9,75,122,102,62,67,115,127,110
4,4
70,25,52,89,96,9,48,34,45,128,123,99,23,14,61,56,42,24,109,53,22,87,17,93,94,11,82,1,75,104,50,76,20,8,105,28,110,74,55,36,63,91,58,40,119,78,95,133,16,79,122,125,132,111,4,88,118,49,68,112,97,77,29,66,72,86,54,7,115,43,69,32,3,124,92,31,126,59,101,39,6,46,30,33,64,0,67,134,114,10,57,120,38,47,121,130,73,2,27,18,135,71,83,60,85,65,26,51,44,113,5,102,84,80,98,19,37,117,90,41,100,108,131,62,129,35,116,107,81,21,15,12,13,106,103,127
5,3
14,73,90,120,47,22,108,104,7,52,48,5,130,132,21,69,129,115,16,101,98,12,50,13,109,54,124,53,45,99,19,34,96,56,121,1,94,0,27,122,63,66,117,58,78,116,68,36,126,111,102,127,24,76,17,8,18,84,51,25,123,28,23,100,110,95,114,49,79,38,128,72,42,30,9,125,57,118,83,20,135,41,71,82,86,33,32,39,4,70,10,106,81,74,3,11,6,93,60,107,112,87,40,91,85,89,105,80,64,134,92,119,26,35,15,59,2,97,103,37,55,77,133,75,113,65,46,131,29,62,88,31,61,67,43,44
2,4
55,20,23,86,129,95,92,69,79,5,39,103,102,119,133,94,78,16,67,74,43,41,111,62,35,127,72,100,64,123,28,46,40,3,0,106,11,88,76,115,38,24,27,114,96,14,131,120,99,128,134,108,63,91,6,48,49,12,54,122,75,107,110,53,98,132,8,87,42,135,45,130,112,44,97,36,113,9,59,125,61,21,89,22,84,47,85,1,60,51,68,58,118,10,25,50,116,117,18,57,101,17,34,31,80,82,4,83,71,13,26,32,52,66,81,90,29,56,37,126,124,33,77,15,70,73,7,104,30,2,109,121,65,93,105,19
3,6
57,3,101,88,89,13,61,113,11,86,104,25,33,2,82,108,135,60,115,38,72,117,56,50,84,83,69,53,14,10,55,114,103,31,133,0,73,27,59,121,112,36,23,6,90,105,17,39,65,58,123,51,18,99,81,4,43,66,8,32,41,46,63,109,118,116,12,9,24,62,76,132,87,15,70,120,119,85,35,96,124,19,106,52,98,64,26,100,21,125,5,92,34,1,111,54,107,77,37,71,40,126,22,45,20,16,127,7,68,42,48,129,110,130,67,44,28,128,75,122,30,29,131,134,79,78,102,47,97,95,93,94,80,74,91,49
6,3
101,96,17,24,16,98,65,75,33,48,90,95,36,81,86,27,85,19,111,18,54,72,10,77,49,122,9,91,6,106,31,42,116,115,74,68,92,103,113,130,70,94,28,25,64,105,8,55,53,46,100,57,20,108,132,21,60,61,30,119,134,76,32,129,47,123,3,52,89,135,22,124,93,120,133,1,84,11,15,125,73,99,43,117,87,66,7,5,51,29,26,44,14,50,41,37,79,127,39,35,2,69,83,104,114,34,45,131,59,80,112,118,13,4,12,78,58,109,23,71,88,56,63,107,82,97,0,38,40,126,128,121,102,110,62,67
6,4
23,55,34,92,135,125,89,0,9,95,16,121,19,42,73,114,44,40,106,119,129,4,110,20,122,91,38,54,84,32,68,61,123,127,27,65,7,63,17,79,25,109,51,107,3,70,104,41,76,112,46,52,72,64,18,59,26,117,82,88,43,124,12,77,130,105,56,111,8,2,87,14,11,57,128,101,85,98,100,132,96,133,97,126,47,53,21,28,58,134,30,93,35,31,5,83,33,62,118,36,78,50,1,22,103,75,94,90,13,6,113,37,29,24,74,49,102,67,99,48,45,81,15,60,86,108,120,39,80,69,116,115,131,10,66,71
3,1
76,86,23,15,92,80,121,94,105,85,113,20,107,50,44,41,3,109,24,70,71,79,93,2,21,91,72,73,88,103,57,49,118,58,116,13,27,77,31,129,42,98,38,83,54,127,11,30,122,63,114,51,128,62,111,60,67,6,115,74,7,28,4,33,65,119,95,48,66,22,55,112,75,87,125,126,134,123,9,84,78,124,132,25,40,52,133,34,39,8,46,89,17,69,43,120,117,106,64,131,5,19,45,101,10,59,81,90,110,104,12,61,97,0,130,102,135,16,56,36,37,82,108,26,35,96,1,99,68,18,53,29,32,100,47,14
1,4
84,88,109,22,111,101,46,99,115,12,64,107,62,69,31,79,110,116,95,13,37,33,118,117,103,100,61,42,24,113,38,26,75,56,6,54,48,0,41,57,58,1,92,34,23,53,124,39,28,128,30,15,55,43,131,108,83,66,70,98,35,45,86,102,127,51,123,125,14,130,119,94,106,104,73,60,19,80,122,97,89,8,29,65,52,120,121,18,77,114,96,93,50,5,10,133,68,126,36,85,132,59,40,72,2,21,25,71,47,17,81,82,44,32,27,4,91,134,78,3,20,11,74,9,76,63,105,49,16,87,7,129,135,90,67,112
5,3
78,90,41,133,100,81,3,28,87,119,75,85,56,59,49,32,60,42,99,94,14,70,61,135,27,77,89,50,43,45,31,123,109,132,23,1,118,9,120,2,29,12,8,53,88,47,83,36,110,67,10,11,106,111,68,33,101,48,117,84,125,126,15,115,18,105,80,114,63,17,37,39,73,38,5,71,4,34,40,113,103,92,54,58,96,51,76,6,82,93,52,127,69,134,22,102,19,26,13,129,124,44,97,20,121,65,16,72,116,86,25,64,24,131,30,128,108,104,130,62,7,57,21,122,46,107,0,55,35,74,98,79,91,112,95,66
1,5
56,92,45,44,90,89,4,66,107,13,98,111,41,47,112,135,12,19,77,20,120,70,72,40,64,117,8,108,87,18,58,48,104,63,26,5,110,73,91,94,125,33,126,38,78,109,93,131,34,16,55,31,122,59,95,43,100,105,84,0,68,42,39,36,2,15,54,27,76,62,102,101,86,115,65,103,9,37,57,10,22,96,74,32,28,35,14,3,124,130,71,52,121,133,69,49,79,25,23,128,114,113,83,60,24,61,75,51,106,99,7,118,53,134,17,119,6,116,88,30,129,21,80,123,11,127,81,85,46,67,97,29,50,82,1,132
2,5
81,41,0,122,67,51,127,7,64,47,97,34,128,116,91,23,113,59,134,87,129,101,69,32,21,99,131,77,125,49,35,28,80,33,94,76,121,132,46,57,71,61,88,103,124,114,112,39,60,68,85,62,74,109,2,98,130,84,3,45,75,55,73,78,110,102,44,14,26,53,133,13,22,83,95,96,31,27,52,17,66,89,90,50,117,86,100,65,5,42,12,82,93,11,92,108,105,106,25,79,20,4,19,58,120,15,29,56,72,54,119,118,48,16,123,37,43,115,36,30,126,6,70,63,8,40,104,107,9,18,10,135,111,24,38,1
6,6
31,44,86,66,81,90,46,94,42,41,49,96,28,22,101,19,121,57,93,17,8,4,63,104,107,98,129,111,23,130,120,39,10,108,115,76,1,124,7,88,27,106,45,128,72,78,71,116,92,33,69,117,62,25,11,83,13,132,67,114,118,32,125,119,68,65,58,87,110,123,9,97,77,56,126,35,79,84,37,6,127,89,54,95,0,29,24,131,59,105,51,53,48,64,20,52,91,34,50,43,61,135,21,134,12,30,100,16,73,70,60,109,103,113,40,75,14,5,18,112,82,15,80,74,122,47,2,26,102,85,38,3,55,133,99,36
6,2
74,43,58,71,4,52,134,102,99,118,35,108,85,87,41,6,115,37,55,11,38,7,119,129,31,32,36,80,90,9,75,54,110,120,72,21,125,96,103,44,124,109,105,76,81,17,24,101,84,18,26,5,68,107,104,92,29,111,98,1,67,83,39,16,63,14,27,19,33,0,13,3,46,40,45,123,25,100,47,22,121,64,127,51,112,89,132,117,86,60,94,49,61,59,2,133,131,70,20,42,130,65,93,23,97,66,10,73,30,91,106,50,56,77,113,88,116,126,78,57,79,135,53,95,28,122,82,128,12,62,114,8,48,34,15,69
2,1
112,60,132,81,46,101,0,99,31,56,10,114,63,41,15,1,22,13,57,42,23,94,66,97,39,107,24,77,61,75,58,93,5,35,76,131,21,83,98,34,11,62,80,91,40,104,8,47,118,68,82,102,55,113,28,54,111,19,64,128,18,14,45,86,4,17,126,12,90,109,59,27,25,51,26,9,50,134,65,29,125,44,78,16,2,48,3,71,100,7,135,96,32,69,38,108,103,30,105,84,124,106,85,88,33,121,130,43,70,53,120,89,67,20,36,72,110,6,127,52,133,92,79,73,49,74,129,37,115,119,95,123,87,116,122,117
3,6
100,88,106,90,97,17,101,3,73,0,26,55,28,69,119,14,44,72,59,40,78,56,107,20,36,111,79,110,66,122,96,126,39,83,9,102,7,121,75,92,103,89,22,86,94,10,25,54,130,131,67,64,80,19,129,34,84,27,108,68,47,37,38,98,132,2,135,120,95,58,8,51,82,70,105,13,46,12,112,133,32,99,53,93,50,6,62,87,71,29,52,113,60,109,76,134,45,21,24,48,11,63,18,85,35,104,91,128,118,81,16,65,77,30,49,15,1,23,127,31,41,124,33,57,115,43,4,116,123,42,61,114,117,74,125,5
2,5
94,53,71,33,27,130,31,134,86,92,68,72,78,35,30,34,11,29,118,37,52,89,76,119,80,63,62,95,32,73,103,97,125,60,42,122,1,23,69,81,96,129,61,0,83,132,112,24,3,101,87,110,90,98,84,48,18,70,79,126,99,6,28,102,45,16,50,65,8,113,47,93,56,127,124,49,12,116,114,85,20,77,4,19,64,44,123,5,105,58,13,36,41,2,120,14,26,106,15,21,17,51,39,59,115,54,135,108,66,104,91,117,121,88,40,38,133,111,75,9,46,22,100,67,25,74,43,7,128,10,82,55,109,131,57,107
1,3
58,124,101,31,13,72,46,109,40,97,4,28,108,9,20,121,30,12,24,1,99,89,23,133,96,60,98,107,18,131,126,104,129,34,8,73,39,32,67,100,91,47,51,114,65,81,27,26,132,3,70,78,38,7,87,22,11,112,33,0,25,80,116,90,83,66,118,106,53,69,75,110,52,86,85,57,6,128,21,44,17,36,71,79,95,14,68,48,130,45,37,94,105,2,102,76,42,127,84,82,113,62,16,61,134,43,111,74,120,77,56,93,15,92,115,10,49,119,135,122,117,64,29,54,59,103,50,63,55,5,19,35,123,88,41,125
3,5
42,119,84,47,21,101,118,59,108,70,55,22,117,90,26,111,60,64,82,99,73,98,5,50,79,69,86,107,4,67,15,23,88,123,66,97,41,131,71,38,1,0,31,32,91,43,125,6,61,52,44,40,34,62,87,92,36,48,78,33,11,106,113,121,53,17,27,81,54,14,10,37,114,19,13,102,112,122,3,74,56,128,77,18,110,20,12,129,134,115,109,103,95,132,89,80,83,104,24,39,116,63,57,51,30,127,130,46,133,93,35,96,28,25,100,9,45,75,124,76,68,16,8,126,85,105,7,72,49,94,29,58,65,135,120,2
5,2
69,110,63,109,7,123,93,6,119,86,127,115,107,10,18,12,11,80,88,126,60,134,130,27,99,92,97,17,79,67,104,3,65,54,51,35,81,75,118,96,87,9,43,24,103,62,72,117,36,57,25,68,42,101,26,135,131,98,70,21,121,116,1,58,19,56,50,23,29,39,114,33,5,112,120,37,125,41,83,102,76,73,82,66,30,20,108,59,2,122,78,89,133,15,129,100,95,22,71,77,74,47,132,91,38,14,94,113,49,28,105,45,85,46,13,32,64,16,8,0,55,44,90,4,40,34,52,124,128,106,53,48,61,111,31,84
6,4
12,114,48,25,39,77,80,21,16,19,53,63,1,126,71,109,82,54,85,36,23,113,45,79,106,78,99,118,69,93,59,2,4,96,125,119,9,7,32,73,83,22,42,98,133,86,67,11,8,30,17,124,31,44,103,123,65,129,58,0,92,41,18,115,116,60,122,50,6,47,40,81,130,134,76,38,28,110,90,132,10,91,57,64,120,97,94,24,128,46,56,88,70,95,108,26,87,13,34,35,3,101,29,51,27,111,61,62,55,43,135,33,127,68,20,100,14,117,102,66,75,52,89,49,72,74,37,104,15,5,131,105,121,107,112,84
1,5
36,109,5,91,57,15,48,117,67,86,103,22,29,9,56,102,50,43,124,77,116,121,111,51,108,19,7,23,96,79,31,24,81,115,75,35,6,107,90,41,34,30,106,135,10,113,62,82,59,1,45,11,58,123,17,112,65,70,97,20,33,134,92,104,52,127,25,61,3,8,94,40,42,4,120,101,133,0,39,84,28,88,2,131,93,125,49,54,129,119,74,73,16,126,63,64,27,105,26,44,60,130,21,114,69,83,118,95,100,89,68,99,55,122,78,132,85,47,37,66,110,71,13,46,87,14,32,72,128,53,98,18,80,76,12,38
3,3
62,107,36,2,82,67,130,111,127,42,46,66,39,128,22,115,35,28,56,131,110,50,57,34,105,123,132,19,20,106,3,78,75,52,109,49,47,98,129,102,41,5,72,33,38,16,81,8,55,60,116,73,97,120,65,10,85,70,121,95,1,83,45,124,99,113,86,17,25,6,58,51,135,77,119,29,93,68,13,103,134,104,59,43,101,12,0,54,94,44,96,126,69,133,90,11,26,100,48,64,108,117,53,76,80,31,18,88,118,9,37,30,24,14,23,112,89,63,32,4,40,87,61,15,7,21,125,79,84,114,92,91,27,71,122,74
5,5
39,21,82,15,9,87,76,120,107,110,44,46,117,74,124,1,8,114,133,50,135,108,64,77,102,132,105,84,4,54,62,123,14,75,127,100,36,126,47,59,122,7,31,101,79,60,94,131,61,88,28,51,125,41,121,26,129,92,83,6,111,69,109,3,17,71,103,115,113,13,48,89,37,57,27,90,2,85,22,66,65,43,81,20,68,98,104,106,95,23,63,119,49,134,0,30,73,11,58,116,24,52,34,86,42,80,45,67,53,32,18,56,91,130,118,29,78,112,33,25,35,5,40,19,55,128,93,99,12,10,70,38,72,16,97,96
3,5
115,48,68,50,46,85,29,12,66,56,109,106,69,129,67,119,75,97,116,52,101,89,125,30,130,82,32,83,113,51,39,54,77,131,74,64,108,81,70,33,35,4,63,91,87,96,78,15,84,61,11,43,27,103,22,105,127,58,73,13,40,118,111,17,57,19,71,14,128,124,25,55,7,42,121,16,31,135,45,6,37,80,112,123,86,60,122,5,102,110,36,95,1,100,126,3,72,2,62,47,132,98,114,38,21,94,104,0,133,9,65,18,44,107,76,20,28,26,90,59,8,134,92,23,53,41,34,93,120,79,117,99,88,49,24,10
6,1
90,127,117,120,70,62,51,5,99,112,22,17,1,3,68,88,15,63,26,103,98,31,121,132,61,42,75,64,79,78,10,32,83,37,66,13,100,33,86,38,53,104,92,60,67,25,11,35,50,20,113,7,45,126,124,80,2,97,82,56,52,94,118,24,59,101,12,47,76,71,49,27,54,95,36,135,134,84,133,55,122,116,125,108,123,89,30,28,43,110,58,85,8,131,40,16,115,102,46,4,77,107,41,111,114,39,73,0,81,93,14,9,23,57,72,91,18,119,87,34,128,129,96,21,69,29,106,74,130,44,6,109,65,19,105,48
5,5
64,101,73,116,119,31,135,86,108,80,40,55,126,10,117,34,57,19,79,72,59,48,67,17,118,93,26,0,44,130,134,128,41,49,106,9,60,33,66,102,89,58,87,37,50,122,42,91,62,69,28,35,84,46,78,123,104,47,99,90,61,12,76,82,29,4,103,105,24,71,3,124,65,115,77,36,88,22,125,92,51,98,74,54,110,120,63,75,27,83,43,131,68,95,1,109,30,38,16,133,15,100,23,132,127,121,112,114,45,56,11,81,14,20,7,129,70,113,52,94,32,6,5,13,96,53,85,25,2,97,8,107,111,39,18,21
3,2
115,6,11,36,64,87,131,133,123,112,13,73,53,110,65,130,21,12,27,61,22,59,128,109,92,95,14,94,121,97,135,18,2,107,16,79,52,3,108,48,45,125,118,106,134,103,72,44,78,37,32,76,19,62,96,4,82,23,26,89,85,93,84,8,25,56,69,80,30,29,54,91,68,24,38,60,83,42,28,35,116,57,114,17,63,119,81,7,88,9,127,46,74,102,113,99,58,86,20,47,120,1,51,50,5,75,40,98,124,41,117,34,122,66,70,43,71,101,55,10,39,132,90,111,15,100,31,126,0,49,129,33,77,67,105,104
5,2
44,70,64,93,8,22,46,59,55,96,5,80,98,84,29,1,107,9,113,81,105,10,116,37,0,128,30,40,108,26,32,72,47,114,45,58,3,65,67,133,77,110,71,97,52,18,124,119,19,42,79,87,135,121,129,43,130,101,66,56,94,63,120,25,54,103,16,39,100,86,102,34,69,36,11,118,31,99,7,85,4,75,89,90,27,17,78,115,95,15,2,117,14,20,127,109,111,76,134,6,112,132,23,83,92,57,53,49,68,73,60,61,82,123,106,125,33,13,41,122,91,126,35,131,104,50,24,48,12,74,62,21,51,88,28,38
3,4
130,100,134,40,122,76,125,91,47,16,135,102,85,43,88,35,37,39,8,133,7,90,92,128,15,44,120,81,80,4,66,18,115,5,62,59,129,77,64,65,83,112,41,36,84,101,34,2,104,131,126,67,1,96,61,26,53,87,48,79,63,97,124,98,33,25,42,51,68,60,28,3,106,107,6,94,86,89,75,111,121,52,27,54,24,123,32,118,14,113,72,95,22,11,9,0,116,99,17,57,21,30,56,10,58,70,103,31,55,50,132,12,105,73,74,38,93,45,117,78,29,114,46,19,82,108,49,71,23,119,69,127,110,13,109,20
6,2
54,45,63,121,96,117,85,81,19,95,1,14,69,66,36,115,128,75,101,60,72,126,26,111,25,74,6,73,102,119,93,21,114,22,17,87,49,59,78,46,104,16,88,92,107,76,40,127,84,0,105,5,100,83,41,58,52,89,86,99,68,82,33,37,65,132,57,3,42,10,61,15,91,28,98,48,32,122,110,56,79,4,80,131,97,123,129,44,133,50,116,53,43,120,130,109,106,112,108,55,20,23,7,18,38,134,47,77,125,103,29,13,64,67,12,35,90,27,30,70,8,124,94,24,39,71,2,31,135,11,113,118,34,9,51,62
3,4
66,94,18,57,25,110,121,68,53,131,106,123,129,97,115,95,23,85,84,34,47,72,77,13,134,30,103,112,12,65,63,109,44,1,127,98,16,125,27,32,40,80,92,120,91,104,61,114,26,74,24,59,35,135,102,36,100,52,116,130,60,49,78,51,128,31,118,21,46,28,6,101,33,83,9,54,89,86,67,38,20,71,105,124,64,70,99,48,93,55,108,81,79,14,39,10,87,2,132,69,111,126,17,4,0,3,11,41,5,76,15,56,43,73,37,117,133,8,22,88,122,96,62,113,58,45,29,50,119,75,42,7,82,19,90,107
1,5
11,10,131,91,79,119,69,44,122,9,48,31,1,76,83,78,113,121,61,85,82,14,12,118,95,42,22,115,108,63,114,37,13,68,75,15,34,132,84,20,124,53,41,24,6,33,19,60,64,40,2,107,45,23,101,133,127,55,25,116,4,46,59,106,74,86,100,117,94,135,54,112,80,73,81,32,123,104,125,7,62,65,58,16,70,130,99,56,8,105,96,88,72,67,5,120,57,29,39,93,98,18,71,110,109,87,52,111,134,92,50,97,38,129,128,3,77,17,103,0,21,126,47,27,90,43,36,26,51,102,89,30,28,35,66,49
6,3
97,44,127,21,101,1,96,63,46,104,116,47,92,27,106,45,81,5,65,40,53,43,87,10,38,111,29,60,128,114,117,126,86,134,4,102,79,51,122,109,74,8,11,37,31,108,119,57,36,33,90,80,16,103,12,61,76,88,64,115,130,70,32,100,58,77,129,6,120,93,121,125,75,0,14,78,62,13,72,69,39,131,15,42,22,73,105,30,41,83,34,26,48,54,59,123,118,68,135,95,67,3,84,133,28,94,85,89,25,66,55,7,71,56,20,113,19,124,110,91,17,35,52,132,99,23,24,50,112,107,98,18,82,49,9,2
2,3
27,99,38,73,109,89,37,7,28,57,77,4,134,118,98,8,41,122,45,46,86,132,31,44,104,30,85,32,2,125,80,119,58,23,40,135,131,33,71,130,62,113,107,34,0,76,133,47,9,49,75,106,88,95,127,105,93,64,3,55,67,92,108,101,13,65,84,42,29,52,74,5,17,110,51,124,79,123,70,25,78,26,121,10,72,59,15,111,12,54,19,116,20,102,97,11,69,48,36,24,114,128,21,120,91,129,103,82,126,66,94,14,50,68,35,53,43,115,61,1,6,117,100,87,81,83,56,18,112,96,60,16,39,22,90,63
2,4
93,34,46,44,54,69,85,49,59,7,43,13,22,38,47,27,99,28,12,65,68,82,74,79,35,131,8,30,87,3,58,61,89,108,121,71,111,17,86,36,114,124,23,11,100,91,105,97,66,39,95,102,50,115,56,67,29,117,80,42,126,129,10,15,16,123,45,1,48,6,113,24,134,19,41,2,26,55,110,106,88,75,33,14,37,84,125,78,135,63,18,83,101,53,128,0,62,40,120,72,109,21,32,4,60,90,51,92,52,5,70,57,127,98,119,9,20,31,94,107,116,132,112,64,25,76,104,73,133,122,96,103,81,130,77,118
1,3
3,10,97,30,74,24,121,38,104,80,34,66,117,20,112,21,70,40,28,93,114,85,50,35,113,109,45,88,86,94,62,133,8,132,19,131,48,54,18,59,43,63,123,52,83,14,105,78,118,107,129,82,55,25,122,13,6,53,79,15,108,77,91,64,26,29,75,69,87,22,95,1,81,36,100,90,89,5,125,126,11,44,41,51,16,39,96,71,33,98,99,49,47,73,61,37,12,135,46,130,120,76,7,23,106,124,119,27,111,65,32,101,31,9,56,103,115,17,134,110,42,57,60,72,92,127,84,4,2,58,116,68,102,67,128,0
5,3
35,60,32,25,33,42,99,104,61,133,19,58,124,116,8,106,110,109,6,119,52,105,75,40,0,72,89,57,47,49,23,80,83,68,122,113,76,48,16,37,95,9,81,34,102,39,117,91,123,66,4,24,87,86,69,20,96,130,82,53,74,56,97,28,43,121,15,14,84,38,67,46,65,13,59,22,62,115,125,11,18,64,5,135,51,92,77,26,112,100,3,55,127,88,131,17,10,2,114,107,85,108,54,134,101,44,36,103,45,79,132,78,94,27,118,129,70,120,98,90,7,63,41,71,111,29,73,12,50,31,128,126,1,30,93,21
2,2
99,57,76,79,101,3,19,7,127,83,135,92,97,111,65,8,107,82,0,56,23,117,72,104,66,105,128,10,25,11,44,52,98,1,132,67,14,68,110,37,34,109,96,87,21,60,33,48,15,116,54,42,4,108,17,84,9,91,95,16,131,27,90,113,38,41,50,78,29,12,26,30,103,70,46,122,119,40,124,2,126,73,106,71,55,133,88,120,36,6,53,59,123,43,114,20,58,31,69,134,51,18,89,28,49,93,130,45,80,100,121,85,75,63,13,115,77,125,112,47,32,94,24,61,81,22,64,39,118,74,102,86,129,5,62,35
6,1
70,23,28,85,15,129,98,92,49,106,61,59,36,51,113,16,130,19,77,90,83,84,76,11,79,52,18,89,88,135,12,41,17,124,65,69,40,10,91,121,38,114,43,74,122,116,99,128,131,0,107,112,133,46,68,87,3,13,32,104,72,35,105,31,78,14,117,101,55,56,6,100,24,96,27,39,71,22,82,2,119,60,44,75,132,4,66,57,111,102,134,63,126,1,53,54,86,67,120,80,37,110,9,125,103,25,108,64,115,5,7,20,33,93,45,29,48,58,21,97,109,26,8,42,30,123,127,47,34,50,118,94,62,95,73,81
3,6
118,76,10,105,65,121,25,44,73,62,128,35,113,97,22,104,74,50,13,91,90,14,111,59,100,17,16,51,32,26,108,120,99,87,123,34,117,71,112,6,68,54,12,125,4,85,114,96,23,39,8,47,116,0,88,64,98,94,72,42,46,1,77,2,83,40,15,24,110,95,56,129,66,58,134,89,3,29,18,45,102,33,126,84,63,36,130,131,21,92,115,48,20,124,86,78,67,80,61,52,49,132,79,5,106,57,55,31,70,43,27,127,41,103,60,107,28,9,11,135,122,93,133,82,53,101,37,38,119,75,7,19,81,69,109,30
1,6
123,79,118,73,91,33,122,58,14,103,39,12,106,18,40,41,119,44,4,54,134,125,115,48,0,84,36,5,56,104,66,101,126,59,135,45,26,51,100,65,63,61,107,60,112,76,28,132,94,111,71,23,95,69,17,116,105,42,27,32,114,99,83,64,92,19,29,49,98,10,128,127,70,80,108,109,72,87,21,11,8,97,121,55,62,102,37,96,2,110,68,7,129,1,13,74,52,117,86,75,3,89,47,113,31,131,24,120,82,22,93,25,50,78,35,81,88,124,57,15,30,38,46,34,53,6,77,67,16,85,133,20,9,130,90,43
4,6
82,70,130,117,54,124,106,20,46,27,0,38,29,60,93,34,132,48,118,102,24,49,35,86,96,92,26,4,33,66,105,6,123,39,64,125,14,28,83,111,62,7,23,16,57,91,73,98,81,78,97,67,37,30,8,114,19,135,71,121,128,131,101,133,12,107,65,58,42,80,2,3,79,13,129,52,41,11,85,32,45,88,61,53,75,134,113,50,95,84,43,9,87,77,21,126,40,119,63,51,69,90,1,56,110,10,108,94,18,72,89,17,109,76,59,47,116,44,25,104,122,55,127,31,100,115,112,99,68,74,120,103,15,36,22,5
6,5
112,39,51,15,49,82,125,72,109,116,104,124,20,134,25,88,61,34,93,42,55,8,130,47,31,21,83,9,48,35,133,53,36,44,37,19,18,87,33,10,4,57,2,5,52,69,123,76,108,70,56,13,1,105,107,26,132,91,129,95,68,71,85,43,62,41,6,113,0,65,12,40,46,78,64,90,14,27,92,117,50,94,97,23,74,120,28,111,86,30,110,54,131,101,24,115,128,114,17,16,22,100,11,80,119,66,60,67,79,81,89,77,127,121,122,7,84,58,38,73,75,32,3,106,102,118,63,103,99,126,29,59,45,135,98,96
1,1
