29,95,105,58,70,20,59,26,61,56,52,84,71,101,72,43,37,10,23,32,21,46,63,33,129,42,125,130,51,62,49,45,102,28,116,76,54,96,66,9,67,110,103,38,108,8,18,124,4,123,16,13,30,31,131,113,112,50,39,94,22,7,64,2,132,3,55,118,80,36,115,15,91,89,24,133,0,111,47,107,106,74,86,77,121,98,109,73,5,25,122,97,75,92,53,60,82,114,68,117,85,128,99,1,135,65,35,87,81,40,41,100,44,126,134,14,12,69,79,83,88,127,104,6,48,90,93,78,119,17,27,57,19,120,11,34
4,4
134,40,19,6,9,24,120,92,72,32,125,52,121,102,30,99,8,10,73,114,116,128,110,36,47,2,96,58,38,39,54,133,100,48,80,17,108,21,1,33,41,18,123,64,45,111,59,135,44,51,16,50,66,75,117,22,23,83,119,61,127,89,43,25,3,13,71,42,69,57,11,56,28,131,82,86,26,104,115,0,12,106,76,84,5,62,94,29,122,7,97,129,20,87,91,53,109,126,34,132,90,112,27,49,113,81,107,63,31,130,118,77,14,95,103,101,85,37,15,65,55,74,98,70,35,88,68,4,60,124,78,46,105,93,79,67
6,1
67,116,53,77,131,32,11,66,64,132,102,61,33,24,86,85,94,7,88,4,70,18,101,10,103,39,121,104,20,30,56,21,133,73,65,2,107,113,120,105,54,72,82,63,59,134,91,27,49,42,128,108,84,25,122,90,129,95,34,96,135,38,26,81,14,80,130,123,93,127,41,76,29,100,115,78,71,37,15,19,111,17,83,36,62,89,119,12,51,31,3,75,9,13,47,44,40,35,5,106,97,124,8,87,60,92,0,99,16,69,125,57,114,109,48,117,98,126,118,58,79,74,45,55,43,23,22,68,28,112,1,6,52,110,46,50
4,3
87,12,33,45,51,40,24,132,49,121,17,19,130,61,64,38,0,96,62,1,44,60,106,122,3,112,105,65,101,55,77,115,93,128,71,43,14,117,53,66,63,94,18,5,16,25,27,7,79,102,10,89,15,114,13,98,85,118,80,116,2,23,75,113,111,91,109,127,134,133,72,81,103,84,29,92,9,20,107,56,57,26,35,78,54,67,73,50,95,41,83,28,74,31,42,90,99,126,108,131,97,34,124,76,82,69,30,58,104,68,32,39,48,123,110,120,47,129,21,70,46,52,36,11,22,100,88,4,59,6,135,8,37,119,125,86
6,4
24,6,82,49,86,80,38,102,57,11,84,83,34,91,77,52,133,40,22,31,66,104,97,32,96,113,64,41,134,125,75,59,105,20,108,30,61,29,16,131,45,23,73,14,55,17,9,74,122,27,127,124,21,98,76,130,7,95,28,19,63,71,121,94,70,72,78,48,2,119,60,54,69,12,103,18,13,5,116,106,8,123,92,37,87,129,36,100,3,46,58,110,81,115,4,90,128,50,1,111,65,62,107,0,120,56,126,47,44,88,68,26,85,67,39,79,109,89,99,112,15,53,118,51,93,35,10,117,42,101,135,114,132,33,43,25
4,5
53,124,9,132,51,82,12,119,24,69,67,89,34,29,71,65,131,104,15,64,80,116,107,56,3,128,91,20,84,37,41,103,26,92,25,23,118,85,105,18,127,81,130,133,97,68,134,11,59,108,99,87,5,96,66,129,45,95,42,8,117,54,79,77,36,126,14,76,109,0,49,73,60,44,113,74,115,43,90,38,33,7,39,102,48,86,55,121,32,135,31,10,50,62,4,52,98,120,123,21,110,93,106,58,1,125,78,16,22,6,30,19,13,101,111,70,47,46,28,100,88,83,114,112,61,57,63,40,27,2,17,72,94,75,35,122
1,4
17,38,117,101,126,18,92,118,115,75,114,74,9,57,54,52,47,77,107,3,49,111,104,93,131,124,45,32,27,132,66,8,15,71,110,0,1,99,30,65,33,108,127,135,80,20,41,67,59,44,97,13,5,16,29,86,25,91,31,10,85,69,88,133,12,100,81,96,129,28,121,2,34,82,60,103,39,58,84,105,95,14,116,35,102,53,109,11,113,98,79,134,26,22,48,106,43,36,123,68,50,46,70,61,120,112,83,40,24,51,76,64,7,37,94,130,42,78,73,87,125,63,19,56,55,90,4,122,23,119,21,72,128,62,6,89
1,5
1,103,114,58,127,53,0,107,2,50,59,61,46,82,106,109,11,9,26,30,7,23,27,65,10,64,105,70,75,102,87,108,128,121,40,73,6,24,124,55,39,79,17,22,56,123,96,33,5,15,60,57,126,49,118,115,25,71,29,95,32,112,74,116,43,131,72,110,41,54,13,44,8,98,119,81,117,18,100,101,68,88,85,31,48,47,34,76,63,69,42,84,3,89,132,99,83,78,16,90,38,93,97,135,14,111,77,66,122,91,28,62,4,113,52,129,86,94,21,67,36,133,92,35,125,19,104,45,37,20,12,134,80,130,51,120
4,2
83,102,28,100,110,35,1,115,84,130,134,70,48,55,6,120,33,116,30,13,99,72,24,98,60,77,3,92,73,106,12,95,118,90,81,74,10,126,94,29,122,101,131,132,108,93,124,47,23,44,86,25,22,97,51,9,54,87,45,21,41,17,14,52,11,85,71,75,68,7,105,19,128,89,58,79,40,80,18,38,8,53,37,78,113,67,125,57,32,15,2,42,123,36,127,26,34,46,49,5,119,61,69,104,82,27,91,107,133,121,103,66,135,63,0,64,43,16,114,111,76,65,112,20,31,59,117,129,96,62,4,56,39,88,50,109
2,4
73,64,62,18,105,28,85,32,97,76,74,50,101,90,126,22,117,120,102,46,87,7,1,109,21,84,60,36,3,106,67,27,52,26,19,35,6,130,119,42,88,2,24,69,98,122,118,123,20,41,30,13,43,93,16,58,95,40,89,104,11,17,4,53,127,86,132,23,77,14,80,113,59,121,96,31,116,135,57,75,55,44,66,91,5,34,124,47,71,107,15,56,51,103,78,128,72,100,129,133,9,54,94,0,39,33,10,111,125,12,70,114,108,48,81,82,134,37,49,45,83,63,65,112,99,92,29,25,61,8,131,110,115,79,38,68
2,6
131,93,117,78,53,77,12,23,135,36,87,76,18,16,44,11,92,4,26,70,75,3,60,102,118,101,52,82,111,27,63,95,122,97,133,24,10,98,128,105,29,37,99,79,69,104,132,49,43,88,130,80,100,129,94,22,91,90,121,66,41,72,65,113,35,58,34,73,83,114,64,54,46,15,40,59,119,120,55,124,51,96,32,62,21,106,14,6,31,7,56,134,13,125,109,38,9,110,103,86,71,30,68,5,112,33,20,67,57,2,108,8,126,48,89,115,81,1,127,107,116,45,74,19,50,84,17,123,47,61,85,39,42,28,25,0
6,3
31,77,134,8,7,100,19,131,27,127,105,115,108,84,62,4,30,69,33,49,34,10,73,109,83,94,29,53,91,125,36,110,113,59,26,97,72,50,128,76,48,124,67,23,133,129,42,78,96,61,103,65,93,22,28,43,92,58,63,122,2,119,20,106,126,121,45,111,130,44,90,15,1,46,16,132,6,35,101,32,55,95,40,86,17,88,52,102,89,13,60,123,116,14,0,56,79,5,75,120,117,9,54,70,71,81,39,112,118,51,80,107,38,82,64,12,114,98,37,99,57,21,18,85,104,66,68,74,135,25,24,87,47,11,3,41
4,1
31,91,41,80,18,85,115,89,121,126,40,111,101,69,106,55,56,79,45,77,64,131,93,7,38,133,116,9,113,99,124,35,13,72,84,57,43,100,4,130,19,107,26,105,58,6,52,82,74,110,22,16,70,59,102,1,76,47,117,49,86,8,48,78,61,23,71,24,17,10,46,66,21,95,112,51,2,28,119,36,75,27,108,73,54,67,125,134,63,42,114,118,15,122,92,109,103,20,3,87,129,135,83,128,96,34,132,53,104,12,37,127,90,68,120,60,94,123,29,65,97,50,81,25,32,39,62,98,5,88,14,44,11,33,30,0
3,1
128,71,43,53,37,46,22,116,87,83,31,24,16,107,39,34,9,99,111,65,69,17,112,61,106,79,41,63,51,0,45,115,81,80,101,68,49,130,118,67,4,84,103,95,133,19,98,5,11,48,126,59,30,35,64,109,120,14,29,127,114,25,62,38,125,72,73,135,134,86,119,94,20,13,12,104,8,131,121,113,70,3,28,97,10,1,92,123,42,66,26,74,7,15,85,108,105,117,27,21,44,91,58,110,88,96,52,82,90,122,54,60,33,100,47,77,102,78,76,50,36,129,75,124,2,56,55,132,40,18,89,6,32,57,93,23
3,5
122,17,117,39,47,45,57,79,23,14,54,116,49,84,99,36,112,75,46,52,85,19,20,101,100,35,4,60,78,102,58,8,115,103,0,68,31,80,95,133,62,7,134,12,3,42,56,97,98,118,22,55,113,121,127,32,126,71,69,48,93,67,64,86,43,77,38,81,111,2,59,61,6,130,10,132,16,76,106,15,63,74,110,72,41,109,50,88,70,120,83,53,92,123,33,128,1,131,34,24,94,30,21,108,89,13,125,51,44,104,73,5,65,40,66,26,27,135,25,18,11,124,91,87,96,37,82,129,9,107,28,29,105,90,114,119
2,3
44,13,133,90,128,19,83,116,81,10,107,112,3,124,25,100,6,52,57,64,68,115,2,48,84,58,26,23,15,35,14,56,67,85,121,7,51,42,77,135,63,5,118,86,97,123,94,130,53,24,34,102,20,132,106,47,71,54,131,96,61,37,16,120,105,113,98,70,0,111,41,60,117,69,75,45,11,134,125,99,92,12,49,119,17,31,76,4,32,28,109,65,55,87,89,40,30,73,9,126,29,127,8,1,93,104,122,22,103,36,38,110,101,82,72,91,43,46,39,66,59,21,80,18,108,27,33,129,114,50,78,74,95,88,62,79
4,6
19,97,85,36,30,78,43,53,20,25,8,12,26,119,128,100,40,135,5,31,109,117,1,64,111,75,50,44,58,45,51,113,17,35,106,134,126,131,38,114,65,94,0,6,130,132,3,60,120,22,41,16,34,110,88,57,29,7,67,125,68,96,71,14,80,13,55,23,83,86,21,102,27,99,39,56,63,133,9,49,18,70,24,122,73,72,107,82,47,62,112,118,90,48,2,121,66,33,10,84,15,77,11,115,91,103,76,95,28,59,54,129,92,104,98,124,108,116,79,74,93,127,69,4,105,32,52,89,37,61,46,101,81,123,42,87
3,3
15,10,102,28,67,98,19,64,109,83,60,11,110,31,80,55,47,133,32,88,40,92,135,22,57,96,124,132,106,97,39,79,107,128,14,53,94,87,7,5,125,3,69,130,12,65,56,118,74,49,76,123,89,41,81,51,70,2,115,114,0,34,101,119,54,66,105,16,37,9,61,134,25,100,63,116,1,45,90,103,75,120,73,91,4,26,24,42,29,44,127,93,77,36,117,104,72,48,126,129,20,33,113,122,131,18,71,50,99,111,108,27,38,13,30,59,8,78,82,62,68,121,86,52,95,43,35,85,58,112,46,6,17,21,23,84
1,1
121,3,49,47,14,59,96,72,119,94,135,38,61,5,54,36,88,115,25,32,6,73,40,80,126,51,132,65,48,77,130,97,134,58,30,7,17,91,2,23,113,117,63,16,79,9,11,53,112,41,133,46,83,131,12,31,24,64,26,70,78,4,44,89,19,101,37,87,15,56,93,60,76,75,20,22,52,114,81,125,118,127,39,102,107,103,124,85,99,92,69,43,21,45,10,33,28,13,68,110,29,109,66,122,106,50,62,111,1,129,35,84,8,71,82,0,123,98,55,95,116,128,18,104,86,100,90,67,105,27,120,42,74,34,57,108
1,6
134,38,48,52,57,62,121,95,118,35,63,47,119,108,79,84,53,46,98,87,92,2,94,115,65,41,73,43,124,116,76,20,109,51,77,135,42,67,99,29,6,13,31,10,123,91,58,88,66,81,102,11,0,82,86,64,32,112,56,113,122,133,18,107,125,21,78,16,93,128,34,105,19,131,96,130,74,114,80,117,61,8,40,83,33,75,39,54,36,3,24,85,60,27,45,37,26,132,103,97,5,72,127,28,126,89,23,68,17,120,7,90,59,9,14,44,71,100,69,30,55,110,1,50,104,22,12,4,111,15,25,49,129,106,70,101
3,6
87,124,32,58,108,1,30,62,113,44,45,84,81,104,125,70,36,9,127,66,42,79,109,23,123,34,133,27,48,56,11,88,65,98,97,25,7,33,19,28,35,80,63,93,26,120,67,107,78,132,129,135,72,74,85,52,90,114,59,57,86,83,39,3,96,22,18,91,105,41,92,31,49,82,10,13,69,14,5,15,106,112,40,115,61,76,20,110,16,131,89,51,8,17,130,101,119,64,21,0,43,100,103,99,37,54,116,60,24,102,71,2,75,4,118,111,6,47,126,134,12,46,117,128,55,77,122,38,29,68,53,73,50,121,95,94
1,3
9,49,12,18,15,102,82,100,131,73,74,44,38,6,81,70,30,51,3,93,42,116,77,50,110,10,56,14,23,46,21,57,129,132,67,29,83,28,58,135,133,25,52,27,113,60,35,106,92,114,0,64,127,24,121,11,71,45,5,36,89,13,80,41,115,63,17,91,118,103,87,95,1,86,16,90,34,59,78,120,61,33,31,117,48,122,101,107,96,4,2,76,119,88,94,72,69,40,99,68,85,125,130,112,79,111,109,20,47,134,32,53,19,37,97,8,75,66,84,55,39,22,123,54,62,126,128,105,124,65,43,98,108,104,7,26
6,1
23,98,81,76,129,85,70,121,54,17,8,101,25,82,74,33,7,15,80,55,83,105,95,35,92,100,135,57,61,120,4,52,72,119,58,39,10,51,111,118,47,14,77,125,117,91,29,99,114,124,45,127,66,5,130,28,40,27,62,109,87,37,115,43,34,42,103,75,112,133,89,41,63,65,90,94,108,46,96,38,104,22,44,71,36,134,107,64,21,116,11,49,56,73,131,26,6,32,88,12,2,132,113,48,13,93,9,53,3,122,59,128,78,110,60,86,30,50,24,16,79,18,20,67,69,102,68,31,0,106,123,97,126,1,84,19
2,3
67,101,10,3,29,49,80,47,18,81,41,74,13,35,109,117,6,93,86,73,44,92,90,102,70,32,17,119,75,129,50,25,9,64,39,61,106,30,77,95,8,28,91,114,37,26,53,54,11,48,66,131,40,27,62,88,84,55,104,122,113,4,125,123,82,31,36,59,19,60,96,12,105,33,7,130,98,83,68,38,110,22,87,134,97,115,63,127,107,135,78,58,128,79,43,103,51,57,16,34,99,15,111,24,42,89,126,69,72,46,108,118,23,94,21,133,2,112,1,5,20,121,52,132,124,65,116,45,76,120,56,14,0,71,85,100
5,3
109,43,20,110,133,68,89,59,22,87,77,57,116,65,82,127,56,131,125,31,104,13,15,52,51,75,10,80,94,54,35,121,62,102,107,19,24,28,39,1,129,63,103,124,55,106,85,81,105,84,47,61,33,37,123,74,73,66,128,60,6,16,76,50,69,100,2,120,70,46,71,88,5,8,27,115,45,119,23,30,113,112,58,42,79,14,130,98,90,114,7,44,40,99,12,118,92,83,49,97,122,26,32,134,36,86,64,101,132,4,93,126,34,25,72,21,48,95,18,41,78,9,11,91,96,111,17,135,29,53,67,38,117,108,0,3
4,3
72,117,66,102,31,79,93,2,41,48,64,68,49,20,34,123,90,21,65,4,112,110,132,50,89,22,24,134,14,125,23,83,91,19,11,44,62,116,103,111,106,105,27,94,16,46,99,85,74,61,88,15,78,71,69,130,18,107,52,35,38,40,51,70,118,17,9,128,84,3,1,43,87,25,26,37,39,121,82,47,131,86,80,67,5,95,108,124,33,133,55,119,10,75,32,120,77,28,57,12,8,45,109,56,29,122,36,63,104,60,73,115,113,0,129,96,100,76,59,101,42,7,81,30,114,98,58,6,53,97,135,13,54,126,127,92
5,4
61,4,29,7,67,40,81,3,18,1,135,35,68,104,14,123,45,120,11,30,28,38,8,103,13,106,110,70,89,88,69,79,41,124,51,118,31,84,9,65,95,44,25,98,85,116,77,37,80,17,109,102,112,0,94,20,73,115,19,46,97,71,21,125,117,113,132,55,62,10,23,34,26,119,126,47,78,63,53,56,42,133,96,22,111,33,114,36,122,108,6,99,43,83,2,90,129,24,121,16,92,12,60,72,100,15,39,131,101,75,76,86,57,107,54,74,64,49,5,128,130,52,32,82,66,91,105,87,127,59,93,50,58,134,27,48
2,2
73,75,94,126,31,120,60,88,77,82,129,63,21,131,44,107,67,78,50,116,3,6,117,25,113,97,10,71,111,118,70,43,106,24,79,133,125,39,47,100,64,56,93,92,19,96,30,51,121,57,86,72,132,32,110,54,20,80,76,1,48,53,98,40,95,29,65,42,0,11,5,52,37,85,128,4,122,81,34,17,112,101,8,104,119,12,23,124,55,9,109,74,134,45,35,13,115,18,66,22,84,68,33,14,108,123,135,62,102,36,2,114,69,7,105,83,59,99,28,130,91,127,38,87,58,26,27,15,103,49,16,89,61,90,41,46
6,3
10,49,8,0,104,4,53,16,134,54,88,14,7,128,97,61,113,93,40,63,74,115,20,64,13,48,114,79,73,72,109,55,110,44,132,76,33,15,106,120,124,81,89,19,84,127,108,116,86,42,121,18,126,122,43,25,58,66,130,11,46,129,6,91,96,125,133,41,34,102,95,99,103,2,94,83,77,36,118,56,80,27,131,24,75,39,47,69,92,57,29,107,78,90,51,9,32,21,119,1,100,117,37,5,82,85,45,17,50,30,112,67,12,68,23,31,59,52,60,22,35,65,28,62,111,135,87,70,105,38,3,71,26,98,101,123
1,5
114,103,1,51,15,70,37,38,88,81,66,57,79,121,61,82,26,98,133,104,36,122,39,45,23,34,102,95,17,4,113,123,105,49,9,85,14,16,83,115,55,135,106,99,33,43,93,67,68,59,74,3,24,127,18,0,27,109,32,117,100,84,11,119,130,31,129,111,128,101,65,46,10,120,132,44,25,89,21,80,112,13,47,22,52,12,72,86,62,134,87,71,58,2,91,54,78,110,40,75,118,126,116,76,8,30,125,50,53,124,35,96,42,6,41,56,7,97,60,94,90,29,48,92,64,20,28,5,73,131,19,77,69,108,63,107
2,4
68,78,100,90,96,116,67,104,70,97,35,121,19,47,91,86,92,34,32,63,13,22,62,81,14,8,65,43,0,21,44,125,51,53,72,106,9,76,132,117,2,16,114,135,60,119,54,89,129,57,5,6,30,52,84,69,85,111,1,73,28,61,41,20,108,39,83,77,124,103,126,18,82,131,10,29,23,123,80,79,134,12,66,130,110,107,122,45,74,26,15,71,93,55,33,118,58,95,17,128,11,40,48,64,38,105,94,115,27,56,98,49,113,46,88,120,75,37,42,31,127,102,133,112,109,4,87,99,7,36,24,50,59,101,3,25
2,3
99,94,52,111,90,75,108,91,95,87,74,17,4,122,28,13,129,35,121,68,81,76,61,25,123,89,79,115,38,2,83,131,103,5,47,45,80,26,104,21,119,20,29,30,133,22,113,53,49,63,88,34,114,44,77,58,124,82,134,110,23,60,27,118,6,9,10,18,51,62,126,93,37,11,132,92,0,33,24,67,40,50,14,71,98,59,107,55,109,84,100,31,66,8,70,36,42,12,3,65,16,117,46,106,120,56,96,19,48,130,64,54,7,57,39,15,127,72,32,78,101,112,135,43,73,128,1,125,85,69,97,102,116,86,41,105
1,3
39,82,5,76,92,49,73,24,34,96,123,7,106,93,91,69,0,127,114,98,85,131,99,102,108,95,30,105,62,101,29,1,57,36,104,37,112,89,94,56,125,66,59,80,58,47,53,75,18,110,130,135,32,3,124,120,27,16,51,129,133,20,50,126,19,122,81,70,68,35,40,116,45,2,22,28,115,63,87,23,84,6,77,60,38,8,14,54,61,52,134,111,74,71,103,113,86,43,78,128,64,79,132,9,121,11,25,107,83,42,12,117,88,48,65,26,15,118,109,67,4,13,119,31,100,41,55,17,10,72,46,90,21,44,97,33
4,4
65,0,77,24,132,21,134,127,3,58,6,98,124,80,26,78,11,111,49,60,42,50,114,115,23,85,38,122,44,1,63,91,96,129,72,109,79,27,121,125,70,73,94,93,28,101,131,103,135,133,32,83,123,34,87,39,84,52,43,108,130,61,51,107,68,5,66,45,81,67,90,9,30,56,128,29,119,86,16,7,22,105,95,126,100,110,74,37,71,40,104,35,47,69,89,97,17,13,106,88,54,18,75,117,4,53,36,46,2,10,33,102,48,64,14,120,76,59,19,8,55,118,62,41,82,25,20,112,99,31,15,12,57,116,113,92
4,1
47,98,66,45,40,73,113,26,30,106,109,86,31,76,38,90,15,101,21,55,97,65,33,1,117,92,36,121,8,50,87,20,88,6,41,91,16,81,57,54,108,103,19,68,56,123,67,71,128,133,27,9,60,111,79,13,7,11,93,78,82,107,114,130,72,12,105,0,110,115,29,131,84,83,35,100,102,24,124,135,80,53,116,95,52,22,28,104,4,39,134,46,62,2,59,119,3,77,69,49,17,58,64,14,89,37,120,25,34,126,118,70,63,18,75,125,112,61,42,23,48,43,129,127,94,44,32,122,96,51,10,85,99,5,132,74
3,3
67,36,105,51,20,54,9,109,81,94,130,49,118,73,88,43,46,110,113,1,50,52,128,5,22,75,40,64,92,124,53,76,6,25,17,121,35,122,14,58,15,87,33,68,85,82,60,90,0,18,19,84,56,112,91,126,32,111,104,30,65,59,134,78,44,80,106,27,79,26,123,120,93,48,77,12,47,132,61,16,131,13,89,127,8,62,135,103,42,39,45,97,24,57,34,98,55,29,133,37,83,115,10,129,107,96,4,116,38,70,119,117,63,100,74,23,28,99,71,86,102,3,2,101,108,66,125,7,114,31,69,95,11,72,21,41
5,4
48,3,21,68,85,13,91,122,5,45,113,55,130,102,93,59,94,36,73,96,112,1,54,110,129,63,2,87,57,78,7,76,83,82,70,11,28,27,98,66,10,133,74,60,81,39,89,17,132,16,123,58,116,49,6,86,131,65,115,127,24,128,107,23,30,95,84,97,111,12,124,46,104,18,108,14,56,120,61,20,77,103,69,100,9,19,42,43,99,50,0,106,114,44,31,126,25,8,52,135,79,109,37,40,15,4,38,29,88,72,64,117,125,90,22,105,53,118,92,121,101,34,35,80,119,75,33,134,47,62,51,26,41,67,71,32
2,5
44,15,26,65,126,95,114,91,107,9,133,5,69,105,72,104,123,132,108,55,19,32,17,129,110,27,24,86,131,52,111,57,11,118,16,68,62,21,56,93,18,38,134,3,53,42,60,12,36,8,45,124,66,94,127,50,58,64,77,1,46,10,112,81,88,97,41,39,119,120,33,92,76,75,22,28,54,48,4,6,30,122,106,79,113,13,84,87,70,0,49,85,80,101,117,14,59,43,51,25,31,73,103,98,109,130,2,102,82,125,63,116,89,29,37,78,61,47,128,67,23,20,34,135,83,115,96,40,71,7,100,35,99,121,74,90
3,3
72,95,110,77,53,0,42,56,36,10,64,93,21,129,45,59,92,46,22,90,104,51,30,102,6,126,122,31,115,40,117,75,41,82,71,127,112,135,52,43,58,98,27,67,128,134,118,49,66,28,24,50,78,5,105,65,3,76,94,12,18,79,13,86,32,108,68,116,23,120,124,62,85,109,34,35,38,14,44,114,107,17,130,61,88,7,132,97,4,39,29,1,111,96,99,37,106,16,20,2,11,55,101,74,26,47,70,84,25,8,87,81,69,91,54,57,131,19,133,121,63,48,83,15,73,125,113,103,100,123,80,89,33,9,119,60
2,3
127,130,50,28,102,59,124,10,93,31,26,119,38,4,54,121,84,11,82,100,7,19,22,92,44,74,120,133,126,47,68,104,58,106,91,15,117,14,122,111,35,132,69,112,90,114,72,135,101,1,67,80,96,125,131,3,24,41,49,83,45,27,73,103,81,86,75,79,113,5,33,128,43,9,109,95,25,87,53,108,115,2,57,46,63,32,105,55,52,34,29,56,71,42,64,17,65,62,98,76,16,129,8,13,30,70,66,6,39,107,12,23,40,78,20,116,0,110,48,97,51,37,77,88,99,94,60,18,85,89,36,118,21,123,61,134
5,2
63,39,33,52,128,104,14,18,94,9,44,78,47,87,31,19,7,12,61,21,56,32,45,73,28,89,26,131,27,110,40,67,117,58,57,68,115,91,106,72,53,84,119,11,125,124,111,134,59,36,22,120,132,41,108,29,103,37,86,30,70,101,75,113,66,96,49,4,133,65,50,114,43,98,105,15,93,82,0,35,126,107,8,99,6,17,92,64,24,79,80,5,51,95,69,23,85,1,38,127,74,123,42,60,112,77,109,55,100,25,130,76,62,16,13,121,88,90,2,34,102,20,83,10,97,54,129,118,3,135,122,71,48,116,46,81
4,3
113,76,111,19,44,91,68,103,89,15,69,124,92,58,63,26,47,101,24,102,8,135,28,43,1,86,70,14,31,46,23,129,55,80,118,72,42,125,120,11,112,71,82,34,109,88,39,49,73,77,84,2,48,3,0,107,81,119,94,35,115,6,121,20,90,27,78,74,13,32,75,50,126,4,51,38,18,57,128,7,17,97,22,123,54,132,87,52,65,99,93,37,33,127,104,67,12,21,53,114,130,116,41,95,25,106,98,100,133,131,105,64,61,108,83,66,134,79,45,9,59,5,16,110,60,122,40,85,29,30,62,10,56,117,96,36
6,2
51,93,133,84,42,34,114,58,122,75,89,19,27,119,46,67,94,39,103,10,1,37,33,87,82,45,72,63,78,47,28,8,41,22,44,115,7,129,30,108,99,135,43,5,18,105,65,49,117,20,127,100,24,48,32,102,21,76,71,74,64,90,25,0,79,83,36,126,125,124,38,131,104,54,9,52,55,14,109,17,134,68,118,11,12,60,112,91,116,66,96,2,101,81,61,53,57,106,123,111,110,128,69,113,97,130,16,132,56,85,15,107,23,6,35,62,40,13,92,120,3,4,77,59,98,29,121,70,88,26,73,31,50,86,95,80
1,3
69,104,20,73,110,122,113,43,109,87,67,49,25,66,103,4,40,91,55,107,98,48,108,130,2,82,47,23,74,34,133,3,96,1,7,19,42,50,129,111,60,120,114,5,37,11,10,80,16,124,116,72,27,78,134,44,64,26,38,121,126,9,39,89,81,14,8,128,65,56,112,102,135,35,24,92,62,31,41,117,79,57,93,77,17,118,97,63,131,54,83,61,70,6,58,22,99,21,15,0,18,88,52,106,85,101,115,36,90,105,71,33,84,100,30,94,123,46,68,12,51,125,53,127,75,76,32,28,119,29,45,86,132,59,95,13
6,4
106,8,53,38,116,72,66,104,99,93,100,37,87,48,119,28,109,88,39,29,120,80,34,15,36,60,3,86,85,122,6,70,91,101,92,47,16,74,49,126,107,103,127,71,75,0,113,31,51,135,82,124,21,77,118,25,130,128,33,56,115,63,65,41,55,67,96,111,112,121,133,26,11,129,97,1,78,2,95,73,22,42,84,61,19,18,68,132,83,9,12,7,4,13,90,105,46,24,108,110,54,76,52,89,131,10,69,57,102,30,23,35,50,79,17,58,114,117,59,20,43,123,125,14,32,45,5,81,64,44,98,27,62,134,40,94
3,4
7,80,23,71,97,2,56,24,133,106,8,12,21,37,114,68,117,112,86,40,77,54,72,113,93,4,74,118,44,9,79,105,101,11,52,58,18,53,36,115,41,125,127,128,13,85,45,83,81,82,96,59,131,110,132,15,121,99,1,84,14,46,35,89,55,88,20,135,22,103,63,17,10,16,92,47,95,124,26,57,65,100,94,50,120,49,119,107,5,60,129,39,27,61,6,42,25,73,78,32,75,29,91,28,19,76,111,87,108,3,33,30,64,31,70,116,51,66,109,34,67,122,98,123,0,130,62,48,43,126,104,102,38,134,90,69
2,5
31,27,16,98,106,75,41,94,76,124,62,104,8,122,65,120,1,96,22,15,10,67,70,20,17,60,77,53,91,85,13,35,135,82,86,105,26,36,33,133,99,109,115,134,24,102,64,63,80,97,59,110,58,95,114,51,19,66,107,4,7,12,74,125,52,57,81,108,117,118,49,11,123,130,3,79,47,71,0,40,50,88,48,2,39,34,129,100,112,126,37,84,23,68,119,54,61,30,101,25,28,73,42,69,83,92,113,128,111,5,9,131,87,18,43,103,56,93,44,121,21,38,127,29,89,46,116,72,32,132,55,6,90,78,14,45
5,2
31,92,59,26,116,80,115,25,87,1,52,91,131,75,67,47,101,7,15,95,86,72,130,126,109,10,88,104,58,41,14,18,112,42,63,5,29,74,105,62,66,127,93,0,53,60,51,96,54,57,45,122,71,128,103,39,76,35,113,82,133,20,73,49,107,98,46,2,135,61,85,97,108,9,119,11,23,40,4,132,34,81,79,84,68,32,55,125,78,134,24,114,28,33,30,36,117,124,44,69,120,90,43,106,21,16,13,118,27,56,100,3,99,19,89,8,94,83,64,6,65,77,102,70,50,37,12,111,121,129,17,38,110,22,123,48
3,6
28,21,112,124,42,56,35,29,118,24,97,2,90,92,127,1,99,4,0,16,109,6,88,122,57,18,68,3,133,84,71,87,95,15,70,31,9,36,114,121,77,25,134,44,34,115,69,7,12,59,82,17,65,64,8,53,60,113,107,105,128,63,80,23,30,135,91,47,50,51,11,123,37,101,89,98,67,129,116,119,106,100,125,43,22,103,117,14,55,5,76,27,62,66,83,33,54,126,96,131,39,85,104,20,10,61,32,132,52,81,111,93,58,79,45,48,38,130,94,73,19,120,41,108,40,86,78,49,110,75,72,46,74,26,13,102
1,2
115,40,86,6,55,61,87,127,112,96,36,120,19,48,133,39,66,103,79,73,14,2,128,12,83,76,117,94,37,10,56,30,100,81,95,72,92,29,18,23,124,106,105,102,53,17,84,11,110,51,54,65,59,46,57,101,89,24,97,50,85,77,121,114,68,49,70,9,35,132,113,1,64,26,93,20,42,98,99,41,74,131,129,31,130,58,118,60,135,3,90,125,28,116,134,5,34,126,123,25,62,45,71,33,67,80,47,109,63,15,91,75,107,52,82,119,16,122,32,38,13,43,8,108,7,88,104,111,78,27,0,21,4,69,44,22
2,2
20,107,96,77,92,18,94,104,71,127,83,61,34,38,80,131,1,19,45,102,51,60,103,106,36,121,11,69,64,42,89,95,78,98,128,75,56,52,43,21,2,5,30,24,125,14,37,27,87,134,26,63,68,126,25,12,84,76,32,49,122,8,53,10,16,114,73,135,91,72,50,129,85,3,35,133,130,132,81,88,13,111,82,31,28,44,74,47,7,15,119,57,70,46,29,79,113,116,23,90,115,67,58,123,101,9,66,48,93,22,6,41,33,86,0,100,99,118,62,39,40,112,108,124,120,17,97,55,4,110,117,54,105,65,59,109
5,1
99,25,42,67,50,66,19,59,130,77,86,27,105,111,73,8,87,14,12,89,26,76,126,74,23,120,41,75,114,132,135,58,94,125,16,64,31,122,129,55,112,15,18,17,106,62,65,127,10,36,117,48,80,37,97,92,100,60,2,85,45,71,57,69,121,110,30,11,81,107,115,39,32,53,93,119,38,44,29,35,72,84,7,51,78,91,46,95,33,9,82,108,109,134,70,96,79,34,21,103,133,90,63,102,22,13,40,68,54,20,98,61,52,4,5,116,1,118,104,83,128,6,124,49,123,3,88,131,28,43,47,101,113,0,56,24
2,4
64,2,19,16,22,122,15,96,127,0,65,121,63,119,66,87,109,94,107,11,133,7,103,80,72,62,74,135,130,115,70,27,35,79,32,134,76,31,110,52,23,30,33,57,40,28,17,75,55,131,81,59,123,14,20,26,71,90,13,124,89,83,111,120,68,108,117,47,128,36,93,73,82,51,43,67,129,42,106,39,6,25,91,18,101,102,5,12,86,29,58,24,88,92,100,3,34,84,114,85,125,118,8,9,61,41,116,105,38,54,4,112,60,77,104,21,95,113,99,56,126,1,132,44,98,46,97,37,78,48,50,10,69,49,45,53
1,3
108,60,6,102,20,117,16,40,30,3,15,122,93,72,65,0,55,125,100,118,86,87,94,77,104,64,84,114,76,70,135,133,45,32,27,56,35,33,132,37,25,52,83,62,12,49,39,31,29,107,10,106,9,38,67,88,57,131,119,66,26,91,101,21,42,24,23,109,105,50,46,78,51,129,41,34,80,17,2,22,61,95,8,58,99,13,98,53,134,121,112,74,18,115,79,68,73,75,1,19,110,4,5,14,126,89,63,116,71,124,120,123,90,130,81,47,96,113,7,36,128,85,97,59,28,92,48,69,44,82,43,103,127,11,54,111
6,4
64,63,78,118,66,67,62,92,122,97,6,30,50,130,71,131,33,116,53,51,107,37,8,132,22,93,57,135,65,28,5,90,103,117,84,126,21,121,86,133,60,89,23,74,104,114,77,3,47,123,31,1,59,110,88,94,19,102,2,52,70,18,79,45,43,36,106,27,68,24,108,85,58,38,128,83,73,55,12,9,13,0,17,11,81,101,61,91,54,29,48,56,7,41,42,69,49,115,127,76,105,14,124,25,26,20,95,39,44,72,98,10,75,80,16,82,40,112,15,125,35,113,99,87,32,111,109,129,96,4,46,119,34,134,100,120
4,6
135,104,27,128,46,23,7,110,117,132,93,107,113,44,3,60,84,30,125,85,91,73,126,15,26,49,13,38,81,69,95,71,133,120,114,67,72,42,79,106,63,119,50,111,14,122,47,20,21,29,89,25,35,90,108,59,39,134,87,10,9,56,124,76,12,101,52,16,33,31,112,115,28,127,100,83,77,86,45,118,103,99,116,48,18,53,109,102,1,97,51,68,55,121,65,62,40,17,88,130,123,74,96,75,2,41,0,6,22,4,82,129,70,24,98,43,19,32,34,58,57,8,80,94,92,54,37,11,105,61,131,66,64,78,5,36
4,5
126,77,35,76,29,15,68,130,64,7,8,37,38,127,96,13,33,53,124,19,61,115,74,26,45,34,28,86,54,100,24,32,109,92,134,88,129,93,87,114,105,70,25,50,135,106,3,119,116,55,49,58,78,47,5,9,99,125,83,36,71,107,69,110,103,22,1,132,57,59,123,18,82,72,48,14,75,94,102,122,108,81,23,63,85,121,112,51,11,43,42,97,21,131,111,90,30,27,104,120,39,133,46,40,89,80,118,84,31,44,4,91,41,20,101,65,2,73,98,117,60,52,128,17,62,0,67,113,16,10,6,66,95,12,56,79
5,1
61,100,47,19,81,129,30,68,107,52,17,72,7,28,44,1,4,71,101,67,128,106,130,14,135,12,18,115,111,75,51,90,95,11,94,56,34,35,64,70,113,10,42,132,103,77,74,99,109,41,46,97,119,45,29,25,2,54,40,57,126,5,8,37,58,24,20,85,27,131,59,53,118,43,32,36,102,23,82,26,86,105,60,98,110,122,55,124,104,88,22,78,87,65,38,117,108,125,39,80,49,84,33,91,15,16,66,114,79,69,62,21,76,89,73,120,96,116,31,3,112,123,127,50,134,121,9,92,133,6,13,48,93,63,83,0
5,1
0,27,9,112,23,121,43,85,80,22,82,64,131,44,123,25,83,132,11,30,66,127,76,35,67,57,124,60,15,104,55,108,68,128,125,33,45,92,46,91,107,21,110,98,103,6,135,70,1,54,61,134,89,77,73,69,29,97,56,84,72,106,117,42,37,50,74,96,102,120,13,8,79,18,31,71,58,38,81,122,118,94,113,65,114,28,75,19,133,111,59,126,53,48,93,2,40,26,87,78,52,36,119,100,39,24,12,116,95,14,130,3,41,88,16,34,51,4,49,129,62,63,105,99,101,5,32,86,90,47,115,20,109,7,17,10
5,5
60,45,71,26,72,131,11,97,100,81,80,69,89,42,93,21,106,31,2,134,94,82,30,16,75,12,125,105,6,10,18,119,7,37,62,127,55,34,113,122,88,103,68,128,59,9,63,4,28,14,48,109,107,79,78,118,67,110,99,41,85,13,86,49,92,70,50,117,15,33,120,114,54,53,64,5,29,95,77,116,20,3,57,44,115,76,47,66,108,73,46,83,135,126,52,23,40,123,56,24,8,65,87,19,27,22,129,133,36,39,84,91,0,102,111,101,38,58,130,25,61,35,124,32,96,43,112,104,98,51,132,90,1,74,17,121
5,6
49,55,40,30,101,44,13,29,27,33,60,105,87,134,112,75,122,9,125,69,34,71,103,65,22,16,4,17,117,124,119,94,90,76,38,93,113,72,81,74,106,133,52,63,129,1,99,132,20,121,32,104,67,2,43,59,41,79,135,118,130,68,115,12,66,95,80,10,45,14,39,85,37,64,84,51,11,96,5,15,83,82,126,128,123,26,8,111,102,78,35,109,56,100,24,89,36,6,77,116,18,25,3,42,0,54,110,47,62,50,46,127,107,120,53,91,31,28,48,21,131,98,61,57,19,86,97,58,88,70,92,73,23,7,114,108
5,5
102,123,0,66,115,129,74,120,96,78,100,54,17,127,110,125,23,117,106,114,77,112,109,133,59,122,104,58,3,11,60,46,44,79,95,10,67,71,47,32,75,1,15,41,83,61,31,124,72,62,113,27,24,121,128,80,131,50,107,29,134,30,73,105,43,92,34,42,82,103,119,63,135,70,26,49,126,25,97,40,65,33,14,99,90,68,18,13,76,9,7,101,94,86,81,6,28,35,85,132,116,5,53,36,21,51,69,91,52,111,98,108,22,39,4,118,93,130,38,8,55,16,12,19,20,57,89,84,37,88,45,64,48,87,56,2
4,3
102,129,75,4,125,43,12,101,6,3,113,27,37,38,78,116,122,40,7,118,133,25,22,84,65,34,18,23,76,47,52,104,16,67,77,93,120,91,79,13,111,110,95,60,21,35,88,51,126,128,17,68,50,10,82,0,53,112,8,71,56,14,86,99,80,85,63,41,131,46,92,44,66,97,39,49,1,94,33,72,123,132,115,15,107,24,134,48,83,121,30,109,105,11,19,55,45,42,119,73,29,64,81,36,5,20,130,58,59,57,98,90,2,54,31,114,103,9,26,117,108,62,89,28,87,100,74,32,127,69,135,96,124,106,70,61
5,6
62,73,64,103,87,32,22,27,43,118,7,55,8,135,125,95,96,25,133,10,44,78,111,80,21,9,20,66,91,120,128,37,59,36,83,76,121,33,14,101,52,106,50,129,6,28,115,56,114,132,94,19,134,122,109,126,70,3,119,124,74,90,113,35,110,39,18,72,38,68,17,97,69,1,11,41,26,82,15,116,29,46,23,100,88,71,34,79,24,47,130,89,0,99,92,75,102,31,67,49,98,117,57,53,51,13,123,104,112,42,84,54,45,58,2,48,77,107,12,5,131,60,108,4,63,85,65,40,93,61,30,105,81,86,127,16
6,6
115,11,128,53,77,39,131,74,37,20,17,44,99,38,83,18,49,42,114,88,100,51,67,118,101,78,79,84,23,19,90,22,126,98,25,16,3,7,59,119,45,55,71,30,65,106,125,85,97,86,91,122,111,66,103,76,72,57,56,6,50,94,9,47,87,132,26,135,96,93,28,105,24,29,92,133,13,60,112,102,107,63,33,21,58,2,62,41,54,48,8,52,75,81,130,1,46,32,12,4,134,108,82,14,70,61,127,10,5,68,43,123,116,129,15,104,36,117,35,0,69,73,124,121,27,120,40,95,110,113,109,31,64,89,80,34
5,6
17,4,53,43,13,87,18,31,32,132,21,130,89,128,73,45,93,70,77,42,57,58,98,39,106,47,118,10,115,15,35,129,65,94,0,67,92,134,124,1,99,66,97,36,22,121,105,107,6,76,2,114,85,55,131,111,135,5,64,23,110,116,81,60,101,103,3,59,109,79,62,24,41,27,28,119,120,61,48,78,40,117,25,122,12,33,56,112,125,95,90,91,44,63,19,123,84,108,113,126,46,100,29,20,38,8,69,16,127,74,11,75,7,51,34,86,52,68,49,72,37,83,133,30,14,80,82,9,50,96,102,88,104,26,71,54
5,6
66,120,45,58,47,38,77,0,64,92,126,127,23,93,97,115,132,6,8,14,118,13,5,53,71,113,81,30,20,94,27,82,61,1,55,24,10,32,89,25,21,110,80,103,102,59,101,44,67,57,79,34,19,109,134,99,119,116,111,65,83,49,35,73,52,62,105,18,114,124,106,54,26,39,130,16,125,131,72,133,15,43,84,37,9,41,28,87,33,31,17,96,63,86,42,112,123,78,121,48,29,90,60,128,7,129,100,91,75,36,56,122,2,95,70,85,107,74,22,40,46,88,3,69,4,68,98,76,12,50,51,11,108,104,117,135
6,3
100,14,16,101,40,79,97,31,4,129,49,46,12,82,53,123,105,60,78,20,41,18,51,109,85,28,3,38,115,65,71,86,52,81,13,27,132,88,29,26,48,50,72,90,103,8,133,36,57,70,37,61,112,113,80,98,120,87,54,121,64,77,32,114,6,110,91,5,135,0,68,11,35,42,92,22,39,130,30,19,83,131,10,107,7,63,116,55,106,1,111,43,118,9,73,95,21,93,47,134,94,62,58,126,117,76,59,24,66,128,99,33,67,124,56,74,17,34,89,45,122,25,23,44,127,102,75,119,108,125,15,2,96,104,84,69
3,6
51,54,120,13,24,4,111,81,85,72,47,65,101,3,38,75,80,6,113,124,109,126,68,9,20,78,94,11,93,135,131,57,62,28,108,40,96,14,33,56,41,49,104,21,112,60,118,76,91,50,130,105,36,98,67,127,79,19,63,83,88,74,97,100,110,121,106,25,44,22,102,26,46,86,119,23,37,12,15,133,132,123,95,55,129,73,89,69,42,134,16,122,10,125,116,90,66,71,0,70,43,64,58,8,107,117,18,61,92,35,128,2,115,82,1,77,17,87,103,27,53,7,34,45,32,114,31,84,5,48,29,59,52,39,99,30
1,1
6,69,31,40,25,128,44,3,89,85,132,22,86,52,113,17,83,122,27,95,135,90,54,4,30,74,80,78,9,47,50,0,119,63,123,21,100,82,18,77,60,53,134,96,129,92,88,46,108,130,39,7,28,29,32,49,133,14,109,51,118,42,114,67,104,101,38,59,91,57,124,71,75,65,84,99,110,2,72,56,11,93,120,64,112,15,115,23,48,98,66,5,55,35,58,103,12,81,36,20,43,45,41,121,19,10,26,116,79,68,1,61,87,34,107,37,126,127,70,125,73,13,105,33,131,16,94,62,106,76,102,117,8,111,24,97
3,2
97,38,36,127,118,15,26,42,115,92,23,112,119,94,125,84,55,96,66,71,44,70,73,117,90,76,67,7,30,110,130,74,48,50,46,120,116,31,106,83,13,69,79,39,0,1,77,52,129,21,78,109,128,19,103,88,104,89,87,124,85,4,100,132,111,133,122,54,95,56,64,43,134,98,29,2,68,45,33,72,14,8,17,18,82,81,32,121,99,80,114,53,16,11,65,35,3,34,10,9,86,108,60,51,61,22,24,131,25,47,27,40,58,41,37,6,57,107,62,101,20,75,126,49,12,102,105,93,59,123,5,113,91,135,63,28
3,5
129,116,29,14,130,113,78,97,124,95,20,1,83,15,65,99,58,128,61,120,41,126,122,26,25,108,31,118,11,13,114,94,109,47,104,9,5,56,67,90,51,106,132,37,52,53,92,80,50,28,21,133,16,30,70,23,0,59,68,72,19,8,46,45,63,127,112,103,81,105,42,40,119,66,115,110,77,32,34,84,43,57,89,18,24,79,87,38,73,55,100,12,10,86,121,96,125,131,102,85,75,71,60,107,54,2,3,82,74,64,4,44,69,7,36,91,33,35,22,76,111,48,93,27,135,39,123,98,134,49,62,117,88,101,17,6
2,4
17,87,105,107,86,69,99,64,19,60,2,29,73,68,52,103,4,59,14,43,40,92,108,112,76,80,91,77,130,58,20,131,88,126,1,45,38,33,125,65,21,36,120,101,115,124,133,57,71,95,37,66,74,42,93,24,72,122,135,118,8,39,3,119,49,31,121,70,85,100,128,51,5,13,83,109,117,41,30,114,102,26,55,127,97,28,81,63,34,96,116,46,75,10,27,48,7,25,110,47,67,0,111,35,94,18,12,132,113,134,53,61,82,89,9,104,56,15,90,54,44,22,50,23,11,32,84,123,62,129,16,106,79,6,78,98
2,6
51,109,77,27,103,79,80,76,13,49,58,0,29,130,34,42,113,53,3,17,50,4,94,66,46,24,68,31,37,119,116,108,65,115,64,110,16,101,92,15,21,111,28,72,55,8,133,78,20,102,25,10,63,127,39,60,32,112,96,45,126,82,2,69,43,62,85,67,1,124,59,129,70,35,14,100,61,57,123,6,26,125,5,74,52,56,107,120,75,106,7,38,95,9,122,90,104,132,114,89,40,105,93,54,44,18,117,121,86,87,30,84,97,23,22,12,47,11,98,134,81,135,128,83,99,91,73,36,19,33,71,48,41,118,131,88
6,5
80,6,122,91,124,108,18,114,60,54,93,20,4,38,50,56,40,74,49,101,71,69,59,76,127,134,100,3,44,63,129,126,43,68,95,22,5,132,52,0,27,94,109,33,85,58,90,111,51,130,104,67,62,98,32,61,25,29,31,19,30,92,103,117,118,86,13,88,65,37,123,120,113,24,55,70,42,10,36,77,66,107,8,46,96,81,82,83,102,11,23,17,1,35,73,116,28,128,21,84,2,79,87,26,57,16,78,15,12,125,97,119,47,115,34,89,112,135,64,7,72,131,45,110,39,14,75,133,41,106,99,53,9,105,48,121
1,5
7,112,89,23,86,44,124,38,94,81,96,14,37,97,79,29,52,109,71,88,102,30,119,108,48,33,111,45,90,49,10,121,127,82,131,58,1,122,5,21,103,117,65,54,16,46,43,93,34,60,62,25,9,80,56,100,39,120,47,113,6,8,87,66,73,134,85,126,115,41,35,76,132,92,2,11,18,24,99,69,77,114,50,31,98,15,133,59,42,27,125,32,63,68,135,13,61,105,95,55,53,75,22,123,116,128,3,20,106,17,28,91,12,84,36,64,129,72,74,67,4,130,78,51,83,110,0,70,107,40,26,57,104,19,101,118
2,3
70,29,94,32,105,97,16,47,36,108,89,12,0,15,130,77,113,7,24,4,81,131,20,124,52,74,63,41,43,49,128,125,93,21,132,48,30,45,116,9,86,82,38,60,28,59,84,102,13,19,46,101,64,57,37,99,14,8,66,73,31,135,55,72,119,56,5,134,69,90,26,27,51,100,68,115,95,129,23,103,110,107,122,53,33,111,22,71,91,42,80,58,88,87,75,2,40,114,6,65,112,78,18,62,3,96,106,126,127,133,67,117,39,83,92,109,121,11,34,54,120,79,10,17,118,50,61,123,1,76,104,85,44,98,35,25
6,4
79,107,94,12,99,3,21,31,65,18,128,77,25,59,86,78,97,84,41,114,53,27,90,91,82,70,71,60,115,29,67,109,93,80,7,24,129,56,57,113,13,16,0,58,118,132,121,34,111,95,30,66,37,55,22,17,131,100,117,5,83,54,48,10,28,102,35,123,101,106,88,8,74,98,44,64,68,81,47,125,127,135,76,9,75,119,134,33,26,46,126,6,20,104,39,130,15,61,72,49,52,120,50,23,124,116,110,112,2,87,89,69,51,62,45,19,11,42,63,108,1,96,40,73,122,14,103,85,105,38,36,43,92,32,133,4
4,5
31,73,127,101,77,0,57,7,135,50,118,47,75,103,128,59,134,22,133,88,9,15,26,33,74,32,17,27,100,8,102,64,45,39,30,108,115,49,46,131,28,19,76,18,67,122,3,110,78,48,36,119,113,40,41,83,42,92,61,37,99,111,96,16,11,123,25,121,43,35,125,20,24,38,114,124,132,89,1,80,106,95,63,10,85,2,126,81,97,13,12,87,79,23,109,5,54,55,62,117,104,29,34,69,112,82,94,98,130,58,116,120,6,70,52,21,66,71,107,56,65,129,44,72,4,84,68,91,14,90,105,93,86,53,51,60
2,4
61,23,72,42,19,118,80,81,35,41,4,85,108,99,6,103,73,43,53,129,128,63,119,10,90,0,55,117,82,75,86,12,20,97,25,121,26,98,93,30,64,88,5,112,102,68,115,51,33,66,50,134,7,59,22,96,13,125,37,126,132,122,110,52,69,101,67,105,62,127,135,17,120,89,34,31,29,109,56,38,47,94,2,123,45,83,36,9,14,16,133,44,116,49,65,95,32,15,91,54,107,48,106,113,1,124,76,77,100,71,78,21,87,3,104,58,8,46,130,27,40,84,39,18,60,79,11,92,114,111,57,28,74,70,131,24
2,5
108,57,63,107,27,130,50,106,56,90,48,109,45,59,91,74,96,117,128,80,62,18,65,13,49,114,127,134,119,73,22,37,25,98,8,2,87,23,68,81,94,122,39,17,133,111,120,75,72,19,82,36,104,52,70,28,51,21,84,129,115,9,4,61,121,125,46,101,132,88,69,95,10,11,16,44,85,110,60,100,89,99,20,79,12,1,35,58,6,135,86,97,103,116,67,0,54,31,118,32,29,126,15,40,77,83,92,38,14,53,7,66,33,47,42,5,78,55,131,112,64,3,43,24,124,93,26,113,71,34,30,123,102,41,76,105
3,4
126,32,12,86,67,94,66,119,112,60,39,45,122,77,83,28,9,44,2,85,111,38,48,116,124,42,81,49,95,50,101,41,64,109,69,105,98,128,99,58,22,43,57,6,76,133,29,54,23,21,51,15,34,82,13,46,114,93,59,118,89,102,135,1,3,107,53,104,75,52,129,7,5,84,110,131,33,68,24,90,61,47,40,11,97,72,78,4,26,55,18,79,17,30,80,35,103,25,132,96,120,88,37,91,87,73,0,121,106,65,92,113,108,74,56,117,127,70,16,8,14,63,130,19,27,100,62,36,71,134,31,123,10,20,125,115
1,6
52,47,119,51,59,30,74,101,49,14,35,53,98,2,13,50,21,88,112,18,116,111,89,5,113,115,96,104,135,9,122,90,117,60,72,85,3,64,107,43,0,103,54,77,32,123,7,63,92,132,134,20,109,37,31,22,45,28,91,55,42,76,133,80,94,93,38,102,99,125,36,57,114,46,95,84,41,19,86,79,105,68,58,110,26,78,33,62,40,126,24,131,65,8,6,17,70,97,121,118,67,12,34,82,48,71,73,1,87,100,39,10,4,108,129,25,120,11,75,81,29,56,61,16,15,44,83,127,23,27,124,66,69,128,130,106
5,5
16,95,107,24,76,123,84,10,77,131,21,26,104,73,135,120,32,28,99,8,29,63,48,36,27,64,100,34,22,127,39,5,117,103,12,115,60,14,19,0,112,98,81,91,114,90,41,45,35,52,116,113,58,40,94,30,46,109,133,33,125,110,31,122,20,17,43,6,62,56,134,66,2,79,15,38,102,89,4,71,3,111,126,128,55,108,105,18,57,67,88,23,7,96,50,72,47,80,49,101,70,92,97,83,54,118,37,129,9,42,121,82,74,93,124,1,25,59,130,51,85,119,106,78,65,75,11,86,53,87,69,13,68,132,44,61
1,3
64,25,114,118,108,69,127,48,23,28,101,68,119,6,55,93,107,85,5,32,33,132,94,42,89,124,21,22,9,112,134,84,76,92,110,129,74,102,40,120,26,24,106,37,100,65,16,62,99,98,4,109,126,14,122,104,41,20,54,117,31,87,111,71,11,1,53,59,38,36,18,12,10,123,75,131,7,72,13,15,45,79,80,66,60,56,8,47,51,130,128,83,82,34,125,61,97,30,52,46,57,58,95,70,113,0,116,19,17,29,27,78,135,77,105,35,3,63,50,103,44,39,73,90,91,2,133,43,121,49,67,96,86,115,88,81
5,3
0,118,94,10,122,34,79,98,82,14,46,83,11,78,64,36,60,6,19,125,28,86,33,43,134,59,51,42,13,24,93,105,115,52,38,27,75,65,96,124,90,73,99,126,74,69,123,17,88,133,89,21,103,56,50,31,26,80,85,12,84,45,129,4,8,127,37,29,131,53,70,61,104,58,77,128,119,3,114,20,67,107,95,49,55,132,68,30,39,48,32,25,91,2,112,44,120,54,57,35,66,22,106,97,116,5,92,62,108,130,1,23,76,109,113,9,15,63,81,117,7,102,87,111,71,72,100,16,135,40,18,47,110,121,41,101
5,5
39,40,124,54,53,116,105,89,76,69,104,23,114,1,73,11,128,9,65,96,4,27,46,115,106,84,95,7,122,36,131,15,20,31,57,134,125,98,107,13,28,43,135,37,127,33,90,110,48,0,82,118,30,78,45,123,38,17,99,5,68,49,67,74,112,94,10,132,61,113,103,21,126,52,71,60,81,29,91,70,88,58,75,42,3,47,6,55,121,92,26,102,59,63,12,129,108,72,2,44,111,93,83,77,97,34,35,101,51,85,24,120,22,50,14,56,130,133,8,32,19,80,25,100,41,62,117,109,119,18,87,16,79,66,64,86
6,3
110,69,123,71,65,118,103,97,34,35,78,73,3,13,18,91,134,22,119,38,129,10,68,56,133,74,63,77,99,1,130,114,54,82,92,85,2,55,20,39,116,121,15,79,117,37,5,41,107,40,132,111,24,9,59,52,42,84,135,80,124,12,50,46,32,126,108,4,19,48,75,112,113,100,95,21,72,43,36,11,67,62,8,53,106,86,51,81,125,102,0,17,105,57,88,29,101,94,45,104,14,47,33,120,131,98,23,31,93,83,96,61,44,76,30,27,89,109,70,60,6,7,16,66,115,26,122,128,127,28,90,87,49,25,64,58
3,5
108,87,55,33,95,88,91,99,78,18,77,52,39,130,58,6,104,54,120,117,10,83,50,57,4,65,93,112,1,13,48,71,11,133,105,35,8,43,64,101,92,36,89,82,134,100,129,19,24,116,60,47,98,66,114,37,125,84,38,63,119,3,72,49,15,0,40,123,90,109,21,106,97,25,20,26,74,111,51,102,81,75,61,110,28,23,79,70,12,80,5,7,131,46,126,2,69,96,56,9,17,16,86,31,76,27,115,73,29,34,67,103,41,68,132,44,45,135,59,127,94,53,122,14,42,62,118,30,107,85,124,113,128,22,121,32
6,5
14,21,104,83,94,128,89,46,29,27,15,97,115,23,69,95,53,20,90,67,91,13,26,52,1,68,44,43,58,28,113,33,132,74,79,24,72,38,55,64,92,5,100,81,103,77,48,12,82,36,31,22,18,101,129,125,66,106,45,117,99,86,78,9,135,2,127,110,35,130,25,71,6,56,73,10,134,54,34,131,41,57,42,63,108,70,126,4,118,96,85,50,105,61,65,123,8,112,87,0,32,11,116,51,7,16,80,75,102,19,111,109,47,60,98,37,88,84,59,3,40,107,93,114,120,124,119,122,17,30,133,49,76,121,62,39
3,1
0,135,1,115,70,89,122,21,8,78,17,96,56,83,48,14,59,42,116,44,53,120,40,101,95,84,66,39,54,126,22,87,82,119,13,30,92,74,107,33,108,3,110,109,26,134,90,49,99,15,112,25,104,2,31,46,20,80,76,50,45,18,88,55,98,71,102,128,35,60,106,68,113,16,67,4,73,72,47,24,62,85,125,81,124,38,86,7,97,77,63,43,32,23,57,12,111,123,11,118,29,121,10,27,41,37,52,69,58,114,133,65,61,100,79,51,9,127,64,19,75,28,34,93,6,36,94,130,131,5,91,103,132,105,117,129
1,6
58,111,109,91,118,125,16,53,43,85,23,67,128,86,38,50,34,26,54,24,92,124,119,27,132,60,5,130,35,127,33,29,108,135,116,89,88,64,61,39,66,70,129,3,101,76,31,1,63,59,30,120,82,80,134,68,126,57,47,22,105,52,13,106,62,117,11,49,113,12,15,131,102,87,44,18,95,46,40,96,41,78,71,114,107,28,55,81,90,14,99,25,93,9,104,121,42,110,51,48,7,17,112,83,115,122,2,0,123,6,36,20,37,103,19,72,75,45,8,74,4,65,100,98,32,10,97,94,56,21,133,77,69,73,84,79
6,3
98,61,9,100,40,8,94,125,33,122,123,10,81,127,58,132,96,21,46,53,54,103,43,64,41,104,85,67,70,38,116,49,0,24,60,112,57,126,111,124,19,110,131,72,83,44,50,92,27,39,108,35,91,78,118,28,36,25,65,97,134,45,29,128,22,89,23,76,80,115,68,121,32,113,51,31,86,129,75,20,77,13,18,79,5,30,11,101,34,7,42,63,102,48,87,26,6,88,12,15,71,114,3,17,47,2,82,4,133,106,52,99,37,119,69,117,59,55,56,105,109,14,130,66,62,90,73,16,84,135,95,120,74,93,107,1
5,3
93,6,13,108,8,73,81,120,97,70,19,129,82,132,27,16,50,41,83,63,128,17,2,124,133,48,60,98,62,127,134,53,37,131,111,104,30,59,119,43,61,112,122,11,100,121,71,33,135,77,40,9,85,52,113,90,4,28,55,35,38,95,126,79,34,22,0,39,76,46,47,110,118,58,26,10,42,109,32,72,115,116,44,3,117,23,18,78,66,51,106,99,25,84,68,24,67,65,1,89,92,20,45,105,49,96,29,21,74,56,57,75,80,15,87,69,123,107,31,54,91,94,125,88,101,130,103,14,114,5,102,36,86,7,12,64
5,5
127,95,31,35,110,118,56,81,6,131,94,16,39,17,30,67,120,34,101,71,96,92,36,128,64,70,98,77,107,129,116,48,15,104,79,59,8,28,55,89,82,68,52,91,93,130,87,1,46,33,125,86,117,74,22,105,76,97,83,40,18,19,73,13,20,14,90,43,133,41,49,88,24,23,85,12,100,0,113,26,134,44,58,123,63,47,112,51,4,3,119,132,60,25,66,103,84,32,27,102,2,42,7,108,115,80,126,50,111,9,29,10,54,57,114,75,37,69,65,109,106,61,122,99,5,135,53,121,124,45,62,38,72,78,11,21
5,2
115,30,55,32,76,116,53,125,20,17,126,24,133,109,3,98,13,88,70,26,87,71,124,27,22,48,75,59,97,117,28,130,41,43,77,108,134,57,46,135,93,92,51,52,21,42,31,101,67,50,64,78,61,66,96,103,69,4,132,80,84,119,110,40,82,11,63,1,34,39,68,8,45,23,19,56,12,79,25,113,123,106,9,62,10,121,83,111,107,120,33,74,5,36,44,29,7,54,105,122,37,85,2,49,94,112,129,104,128,91,89,35,81,0,16,99,15,102,60,100,95,131,114,118,14,86,90,65,58,38,18,73,6,127,47,72
1,3
77,24,50,47,97,83,108,107,29,70,85,1,121,79,76,101,42,35,113,111,106,95,20,116,44,78,56,68,126,90,5,74,134,55,125,32,99,9,69,4,10,54,16,25,86,124,53,46,131,119,21,122,17,73,49,103,117,33,115,61,84,94,98,19,11,15,60,2,45,105,40,22,123,41,30,109,135,59,43,62,38,72,100,57,66,112,75,14,67,89,39,129,92,26,120,8,118,7,65,63,71,130,12,3,132,6,23,133,80,104,52,31,51,28,0,37,36,81,64,82,48,87,91,128,27,110,127,114,58,96,18,88,34,102,93,13
6,1
92,50,100,110,13,105,91,29,70,104,116,30,20,133,5,46,121,93,25,22,97,49,95,38,77,17,98,64,120,21,123,45,103,6,107,15,11,108,127,88,78,35,53,101,39,81,47,128,27,73,4,72,87,122,76,109,69,41,31,40,75,9,85,19,28,51,14,106,10,44,61,126,80,67,115,34,52,83,56,118,96,119,48,0,1,43,63,135,99,68,66,112,7,114,134,131,12,57,82,42,16,113,55,58,18,8,124,117,89,33,86,59,111,79,62,37,54,26,3,125,23,65,90,74,32,94,132,24,36,60,130,2,84,129,102,71
5,5
33,23,25,135,58,90,116,30,127,42,45,95,59,96,43,68,35,132,28,1,109,70,89,0,82,66,27,100,112,32,55,81,102,17,20,36,6,85,114,77,34,119,14,129,110,91,107,21,26,86,108,105,118,98,73,46,65,8,7,63,64,125,76,18,49,62,4,111,9,2,3,101,50,79,92,24,44,16,130,29,22,19,80,69,72,126,120,40,31,88,60,115,67,38,10,123,97,128,5,74,41,61,121,57,124,71,37,51,131,117,83,48,99,93,78,134,87,56,104,103,39,54,113,75,47,133,11,52,53,84,12,15,13,122,94,106
6,4
132,17,120,28,1,16,100,69,89,112,122,84,95,21,39,30,14,22,80,23,105,42,63,36,38,64,126,115,73,45,87,46,48,67,88,72,78,86,125,104,15,20,5,118,12,3,34,102,24,92,19,130,110,57,2,51,60,121,56,109,134,76,68,101,70,32,114,106,8,65,43,27,83,74,31,85,7,41,111,128,82,66,58,29,108,113,0,81,55,135,61,25,47,49,52,59,127,37,71,107,35,91,79,11,4,44,123,9,33,93,62,77,75,131,26,13,99,18,54,103,50,94,6,90,10,98,129,117,116,40,119,96,124,133,53,97
3,5
