47,93,97,16,127,39,117,51,56,118,67,61,122,109,37,36,59,119,52,133,21,68,134,90,32,100,88,94,24,131,28,42,64,121,23,41,110,89,65,58,101,14,5,112,8,108,38,116,128,129,130,104,4,48,25,27,106,63,105,83,123,135,77,18,62,72,33,40,29,43,45,22,124,102,74,98,30,2,1,50,15,115,78,69,35,92,80,99,60,81,71,107,87,12,49,57,75,3,19,66,10,76,7,126,20,11,34,96,82,95,26,91,120,17,55,125,13,79,86,85,113,31,70,46,111,54,9,6,103,84,53,73,114,0,44,132
3,5
27,0,40,30,28,89,92,76,12,33,124,77,72,19,4,73,41,61,80,83,51,132,128,54,78,129,60,107,69,130,38,63,2,119,75,85,106,120,18,127,39,134,48,32,62,68,8,135,84,101,125,26,82,58,111,52,109,11,67,66,43,96,53,1,45,86,59,49,105,93,116,37,64,113,35,47,114,23,55,56,87,99,57,110,112,70,94,79,22,42,21,133,29,16,81,44,118,95,36,65,3,7,14,13,102,117,5,100,97,88,115,104,34,122,9,50,74,17,98,126,31,10,123,90,103,24,71,25,91,20,121,46,131,6,108,15
6,5
93,20,34,19,132,74,122,53,63,81,71,98,13,6,92,0,49,86,10,90,123,102,16,135,129,40,85,87,12,99,105,119,82,36,128,54,57,76,83,108,115,48,113,75,8,95,21,68,89,11,94,118,111,17,127,64,78,110,52,47,73,29,133,46,22,91,80,134,69,130,66,61,26,84,18,50,96,104,45,9,70,25,121,44,7,55,116,103,72,79,38,24,120,30,41,32,117,77,3,31,1,112,114,37,15,4,60,58,107,2,43,100,51,97,42,125,59,101,106,56,109,23,14,39,131,67,35,124,88,27,5,33,62,65,126,28
4,5
67,22,82,0,17,115,48,46,129,72,90,21,97,95,83,80,106,20,15,81,122,69,84,12,133,9,26,73,99,71,34,24,88,93,16,37,85,100,104,57,14,110,39,125,5,76,92,44,130,60,55,53,89,98,47,113,118,131,116,38,1,74,86,42,10,126,91,41,75,128,29,18,123,23,3,7,66,94,30,77,11,127,109,6,2,62,63,52,68,102,79,114,135,35,43,70,124,101,61,103,27,58,134,8,107,51,45,13,40,49,50,65,111,117,78,120,119,25,31,54,96,36,4,132,64,121,56,108,59,32,112,28,105,19,87,33
2,6
55,116,43,3,122,115,42,29,107,98,90,12,45,66,52,58,68,117,51,128,131,56,106,59,130,24,78,92,20,54,111,39,118,132,13,100,95,23,71,110,72,50,64,37,104,85,49,11,35,63,18,83,30,19,135,91,46,99,6,40,77,48,119,32,125,41,73,101,113,86,2,15,4,47,96,81,80,75,93,129,112,33,87,8,22,79,109,126,133,124,67,69,26,89,74,57,65,103,127,123,36,105,27,76,0,94,5,17,16,134,120,1,88,114,7,60,70,62,121,44,53,31,21,9,102,25,97,28,108,10,84,34,38,82,61,14
2,2
111,4,53,57,108,34,28,66,102,42,95,51,44,133,121,20,89,30,132,1,86,22,56,17,87,50,109,101,110,25,29,125,69,116,114,27,112,43,58,18,11,12,52,15,2,21,65,117,98,59,23,84,61,130,24,35,78,83,126,129,8,67,63,118,72,113,99,104,37,77,103,10,64,91,135,16,75,40,38,85,105,14,120,96,131,6,88,100,80,128,31,93,74,82,122,127,60,45,115,13,49,123,55,134,119,54,97,33,36,39,76,94,3,71,0,70,62,79,32,124,46,41,48,73,19,92,47,90,26,5,106,68,107,7,9,81
3,1
40,102,73,92,83,127,32,71,28,99,31,42,15,54,25,125,101,119,93,23,24,89,94,122,75,130,121,86,41,103,134,118,37,4,88,91,67,45,97,0,44,17,114,132,39,77,59,58,131,35,128,52,80,1,108,76,87,62,12,11,55,49,100,105,20,123,117,19,116,2,50,104,38,9,95,82,61,84,126,18,98,36,16,56,34,115,112,53,29,72,33,66,135,3,70,81,124,5,43,7,51,74,69,96,21,110,27,46,113,78,109,107,22,133,8,129,60,111,106,63,57,26,48,6,79,90,30,65,47,85,14,10,68,64,13,120
4,4
2,84,49,66,131,110,135,105,124,58,9,1,122,119,123,91,103,43,129,128,26,25,73,38,90,121,22,45,46,34,130,14,89,83,40,96,111,47,120,59,51,107,27,77,13,67,55,54,18,85,125,0,133,134,106,64,71,118,112,23,65,102,53,76,41,100,88,21,17,16,6,132,109,52,104,75,48,60,81,82,115,114,79,72,126,86,117,116,68,32,29,7,4,63,99,30,113,92,87,8,101,93,74,33,127,61,11,44,19,95,56,94,78,35,5,108,31,80,12,69,50,3,98,28,57,20,37,36,70,62,97,42,24,15,10,39
2,2
111,4,116,77,12,103,122,87,38,45,42,98,110,119,26,104,27,21,107,133,43,60,130,66,24,51,85,14,67,52,125,58,97,41,65,29,109,47,18,70,35,53,127,115,82,33,114,1,117,59,101,23,113,73,34,123,74,37,55,72,108,40,54,100,28,121,6,95,0,112,36,90,62,31,76,48,39,46,135,80,8,9,50,7,84,91,32,61,120,79,92,64,57,69,105,25,94,118,3,88,63,102,106,89,131,124,86,75,13,129,16,10,99,30,2,15,83,93,81,71,126,22,5,19,134,96,17,68,128,49,132,11,20,44,78,56
6,6
27,48,107,65,116,113,4,94,34,5,71,9,3,79,127,86,75,99,85,24,17,124,40,112,32,80,11,22,49,83,130,59,100,13,98,117,60,16,128,114,58,52,10,29,8,19,70,26,41,18,87,134,7,51,55,33,12,62,45,72,21,133,66,0,96,28,82,78,104,25,2,97,14,92,135,53,109,91,30,90,38,64,111,126,95,105,123,47,15,131,74,77,43,50,115,89,39,73,76,102,122,118,63,57,35,42,88,46,61,110,125,36,1,69,54,44,56,84,20,37,81,120,121,93,101,6,108,68,67,31,132,106,119,129,23,103
2,4
60,46,23,102,99,93,104,125,52,8,89,42,95,122,56,66,100,126,71,57,36,91,78,49,53,33,129,130,97,120,34,109,75,38,117,80,110,131,119,26,5,96,18,41,86,132,82,45,81,25,40,10,20,9,64,16,133,28,32,37,13,103,105,85,74,4,116,106,111,134,58,12,112,83,72,19,59,124,50,68,21,76,92,51,2,47,39,31,87,121,44,108,61,115,77,79,14,48,30,94,43,6,70,98,35,113,123,22,128,63,114,55,88,27,0,29,84,1,90,118,54,7,65,62,67,3,101,127,73,135,11,24,15,17,107,69
3,3
46,7,92,111,80,98,85,101,89,62,53,87,116,123,93,3,21,45,100,39,97,27,90,57,61,108,102,73,23,109,63,20,83,22,58,71,24,68,35,44,117,135,128,106,14,12,79,113,36,4,91,40,54,82,118,38,2,48,1,110,64,18,11,28,34,124,65,74,33,6,47,41,15,88,115,56,52,99,66,104,72,32,96,60,76,70,17,19,59,95,69,0,132,31,30,94,122,112,134,8,26,75,120,77,86,42,81,84,29,133,130,114,127,9,103,5,67,55,25,37,105,51,107,119,125,121,10,126,129,78,13,50,131,49,43,16
5,6
61,73,86,97,68,65,85,37,0,69,107,25,125,75,40,87,47,126,29,22,92,89,67,109,98,94,15,91,5,90,83,122,51,84,96,127,79,35,26,39,131,114,118,113,124,10,100,36,8,71,106,50,38,108,72,80,101,64,93,76,128,112,44,4,62,133,117,33,59,57,3,32,121,134,95,6,74,49,119,45,56,58,23,13,31,60,70,41,103,17,30,16,130,53,123,104,43,20,78,82,115,34,52,81,105,1,2,55,7,42,116,135,46,77,27,120,63,18,99,129,132,54,11,9,21,102,24,19,28,88,111,14,66,12,110,48
4,4
113,93,125,130,95,47,114,99,106,10,50,33,11,13,112,57,61,121,132,14,115,71,46,82,0,25,68,78,56,52,2,51,69,59,43,38,36,135,133,84,116,89,108,20,16,28,92,34,87,35,60,29,5,30,86,66,67,101,91,17,1,127,42,18,12,31,49,9,79,45,96,72,120,19,24,27,122,128,88,64,70,83,41,39,129,15,119,54,111,8,134,77,117,100,123,105,40,4,21,109,107,124,37,126,75,63,53,94,65,32,62,85,55,118,3,98,23,110,90,76,131,80,73,6,81,22,26,103,58,48,104,44,97,7,74,102
2,5
70,27,102,57,20,25,103,113,42,125,29,94,88,119,1,6,96,63,65,118,36,32,87,93,35,34,82,7,127,69,52,58,46,85,77,71,67,81,120,76,61,133,2,74,10,66,22,86,4,0,108,128,135,47,8,97,68,48,101,105,121,62,13,122,56,44,14,19,123,49,59,5,30,90,131,104,72,31,51,11,132,111,24,26,114,17,115,12,89,99,73,117,55,84,106,129,45,134,18,23,100,40,43,64,50,79,37,80,3,9,16,83,126,54,38,112,33,78,28,15,107,53,95,39,41,124,98,110,116,75,109,21,91,130,60,92
4,4
89,91,110,74,16,34,4,72,6,51,2,5,43,100,24,106,19,15,97,109,55,65,57,64,101,93,30,75,49,127,53,83,35,56,94,45,7,108,103,60,44,28,107,88,134,26,71,120,85,99,47,41,10,80,11,132,78,77,36,52,31,25,133,123,90,113,73,84,50,21,96,112,105,37,20,12,111,119,8,81,125,95,121,87,46,130,27,69,54,82,135,33,32,102,22,9,114,23,68,3,116,98,66,67,76,122,63,115,40,62,131,48,86,59,18,79,1,128,118,17,58,13,38,70,61,126,129,29,104,117,14,39,0,92,124,42
4,1
36,123,50,10,23,4,66,41,78,26,113,118,18,27,32,37,29,106,135,48,2,107,5,24,119,55,49,75,57,3,102,125,99,7,52,72,20,104,31,67,80,130,85,6,61,86,114,101,68,126,64,88,100,15,112,71,21,51,9,108,39,25,33,103,17,83,1,56,59,22,127,111,115,16,121,63,8,132,93,116,128,12,40,30,70,11,62,43,109,69,58,73,38,134,117,79,77,82,14,45,19,35,34,46,47,133,28,87,76,120,95,97,98,0,110,94,129,91,65,81,124,42,92,54,84,60,122,89,44,90,131,74,13,105,53,96
2,3
38,51,16,6,47,7,14,61,126,93,66,116,73,21,55,53,10,114,103,12,87,125,79,72,39,113,37,110,100,111,107,42,3,50,22,46,2,43,90,133,101,56,20,82,64,88,109,31,124,24,23,40,117,63,70,94,127,131,52,130,18,104,15,129,1,65,60,67,26,68,19,91,11,36,13,8,97,119,95,118,34,33,108,85,128,49,121,41,83,74,62,35,122,135,17,44,9,75,92,123,5,120,106,99,59,86,29,80,57,28,112,32,78,89,45,25,48,96,105,134,81,58,27,0,71,98,77,84,69,76,115,132,54,102,30,4
6,2
53,21,101,25,3,62,18,35,81,10,14,84,90,55,37,132,87,2,97,13,11,104,43,86,117,95,108,135,41,67,46,118,40,57,22,115,107,106,100,112,9,65,82,58,15,127,63,99,79,42,56,109,116,61,78,74,19,28,122,105,36,125,31,93,16,60,59,124,83,4,30,8,114,71,120,76,85,129,80,0,48,69,121,96,51,131,119,68,50,64,73,92,20,128,26,17,89,134,32,27,94,70,88,91,66,45,123,130,110,75,77,1,34,126,103,7,6,38,113,98,52,23,29,133,24,47,102,33,111,49,12,54,39,72,5,44
1,6
71,128,57,45,79,127,109,72,129,44,113,55,101,51,102,68,75,94,83,65,130,106,116,48,9,1,88,93,24,115,15,42,50,112,46,53,82,122,132,84,47,33,85,40,87,20,62,34,123,13,103,117,91,111,35,6,90,29,54,99,80,81,21,69,43,97,104,3,86,19,12,32,60,14,98,107,95,96,11,92,135,18,39,38,67,41,64,126,118,5,26,70,22,10,74,23,110,59,108,131,66,31,61,114,105,89,63,17,56,16,2,8,37,134,4,76,28,119,78,120,58,124,73,30,100,125,7,25,52,0,36,121,77,27,49,133
4,5
106,48,31,58,83,37,96,65,12,26,60,80,82,113,112,127,30,57,18,132,39,50,19,84,25,102,14,1,66,115,10,40,114,7,125,87,86,34,101,35,22,23,111,21,38,124,6,55,67,54,28,123,128,11,76,104,4,121,62,43,110,3,120,15,79,129,49,97,46,56,108,93,116,20,118,63,13,122,75,99,105,131,29,70,5,71,32,2,0,89,107,126,135,98,9,52,69,95,17,45,88,51,92,130,33,109,133,42,117,90,41,68,27,64,8,119,59,74,91,16,36,77,85,24,103,61,73,47,100,81,72,134,94,44,53,78
5,2
74,37,15,117,69,77,23,131,104,90,88,26,101,35,18,21,39,115,125,8,128,51,92,94,84,33,93,57,103,9,122,24,29,78,102,70,0,32,116,65,71,7,27,46,66,67,34,114,20,45,95,38,127,100,56,120,96,16,89,85,25,106,6,76,82,68,53,124,41,52,83,109,113,123,54,126,98,111,13,17,110,64,119,72,3,11,97,87,112,49,132,5,44,19,61,31,81,91,129,1,79,99,12,47,43,130,40,42,28,86,55,22,105,2,4,14,107,63,50,118,30,60,59,80,10,135,73,58,36,121,75,62,133,134,108,48
4,6
74,125,61,4,120,103,63,117,72,57,49,58,37,101,134,24,97,67,84,54,12,95,75,79,78,26,107,126,73,0,25,9,109,18,99,70,22,28,80,91,96,35,13,60,20,81,93,105,106,77,29,43,111,48,31,119,88,68,21,62,116,14,50,15,45,1,129,118,128,108,86,115,6,130,3,55,66,113,32,71,16,104,123,85,34,17,23,11,36,46,98,40,39,51,64,33,100,92,53,124,76,69,52,38,8,47,41,82,19,7,121,44,27,89,127,114,10,122,102,90,135,112,83,110,133,30,87,94,5,59,56,131,2,65,42,132
2,6
77,17,79,75,95,93,108,49,124,62,23,104,63,48,98,43,83,82,106,29,87,56,73,116,134,67,105,127,114,100,85,45,47,53,39,126,30,10,6,55,1,31,110,37,57,52,58,107,64,12,130,2,59,13,111,94,44,26,40,66,113,32,50,125,61,120,16,21,60,131,36,88,34,112,133,41,96,122,27,90,14,15,65,33,99,28,69,123,71,5,97,103,22,128,9,20,25,72,129,91,76,11,46,117,7,42,81,70,18,84,118,3,54,4,92,35,132,74,121,51,38,101,68,109,89,135,19,8,0,80,115,119,102,24,78,86
6,3
86,118,0,106,33,55,43,18,80,52,13,29,90,36,41,122,93,65,96,102,23,66,20,51,2,47,58,70,71,24,67,61,14,135,87,125,32,88,130,16,99,28,117,62,35,73,40,79,113,49,54,133,10,111,22,64,25,134,34,57,119,85,60,103,82,30,7,69,21,105,110,6,126,5,74,115,116,12,128,9,131,26,39,77,4,84,124,11,114,17,94,123,1,37,108,53,63,50,56,8,89,45,91,83,38,107,101,109,92,76,100,129,15,46,112,120,3,59,48,98,31,68,81,121,127,95,42,97,78,72,75,44,27,19,104,132
3,3
42,56,80,15,28,6,102,48,114,44,84,72,128,65,117,78,52,67,88,25,85,1,115,77,93,37,12,45,95,130,2,83,60,116,41,127,87,122,17,134,16,36,63,33,66,118,94,97,13,107,9,58,123,125,61,53,3,0,26,126,68,32,110,18,70,8,69,55,76,112,43,101,92,47,27,14,57,120,24,20,79,98,71,131,10,91,74,73,11,34,46,54,111,99,124,35,103,82,4,106,49,59,109,135,31,105,89,39,50,75,129,7,51,30,5,121,29,90,64,86,96,108,40,62,100,132,38,19,21,104,81,133,113,22,23,119
3,4
24,39,101,8,114,26,55,125,67,43,56,112,60,14,104,36,115,73,1,111,120,38,86,121,37,94,98,48,41,18,22,16,34,68,19,31,49,102,52,93,17,97,82,113,53,2,135,99,87,128,64,25,20,107,13,11,130,30,133,123,57,119,5,10,95,3,105,42,54,6,61,62,47,72,46,40,44,90,100,80,129,122,109,108,15,71,23,75,59,79,103,33,96,85,0,106,127,132,81,35,70,21,65,66,92,58,63,69,7,9,131,28,45,117,83,50,29,88,4,32,12,118,110,76,134,27,116,126,84,78,124,77,91,89,74,51
6,5
118,134,46,62,56,26,58,22,102,55,16,77,100,49,105,99,8,19,1,42,96,59,115,125,31,12,98,129,93,18,3,131,47,70,68,57,10,122,88,50,103,34,101,29,0,9,108,87,73,123,15,81,97,114,83,130,127,14,113,40,104,126,80,20,11,69,64,112,65,135,128,30,66,91,45,13,107,84,85,48,78,6,76,86,63,74,44,41,32,72,24,79,38,53,116,5,109,67,39,17,132,4,117,36,37,27,7,51,61,23,21,54,35,75,92,25,43,133,28,95,71,2,52,121,90,33,110,94,82,124,111,60,119,106,120,89
2,2
4,17,56,41,78,80,47,85,40,103,99,50,76,87,46,70,125,90,93,91,2,106,11,114,81,123,66,110,133,1,72,105,98,74,14,111,118,61,27,75,121,115,35,120,108,6,67,23,65,42,95,43,57,3,131,60,13,129,116,119,102,52,0,7,107,21,48,71,79,29,94,62,15,26,96,59,124,10,132,44,104,18,69,28,19,82,5,54,25,30,39,113,12,135,68,101,55,22,33,89,117,122,34,64,38,16,84,51,126,112,97,128,36,37,86,73,32,58,127,100,53,63,88,45,20,8,49,77,9,130,31,92,24,109,134,83
1,6
19,14,51,25,128,15,97,94,82,28,66,124,72,125,43,23,42,96,50,21,34,57,103,68,113,131,135,22,118,77,83,79,41,108,65,39,59,114,101,61,11,55,85,48,93,71,38,80,69,0,29,53,16,54,133,27,58,126,78,99,117,110,63,95,98,4,44,109,73,75,70,35,7,102,40,89,107,130,8,132,76,56,26,121,84,12,112,64,13,47,115,111,105,49,6,92,32,122,20,100,46,120,106,123,24,9,67,52,129,62,74,87,90,1,30,45,36,134,3,127,119,17,5,10,81,91,18,86,88,2,116,60,31,104,37,33
6,1
96,1,50,18,87,68,77,120,132,32,66,76,0,51,111,74,45,113,99,3,105,114,47,94,130,2,30,56,95,6,84,26,104,118,23,125,17,109,11,33,49,134,103,123,59,22,129,52,63,92,53,9,5,93,115,27,107,78,80,4,61,16,29,128,20,43,55,67,100,121,35,126,73,28,91,7,110,127,135,85,37,65,82,133,14,122,83,12,119,19,69,60,31,46,88,62,8,44,36,116,24,89,75,64,106,131,97,25,98,42,39,13,112,54,57,15,79,101,108,81,117,38,21,34,58,124,48,10,71,40,86,41,102,72,90,70
3,3
62,65,107,2,46,41,131,127,76,10,3,33,57,4,29,116,106,102,105,128,30,20,133,42,91,101,1,58,26,5,104,103,27,0,114,61,94,71,60,86,121,45,56,87,43,34,50,98,13,21,23,8,31,99,92,81,28,129,122,12,7,82,49,120,17,22,89,66,77,44,47,90,96,79,35,118,15,125,6,51,25,88,113,97,9,111,53,134,54,39,117,112,85,78,59,14,124,119,19,70,75,72,40,93,18,11,64,24,67,55,36,38,52,135,16,48,84,109,32,130,115,126,95,123,80,132,100,63,73,110,37,69,74,68,83,108
3,4
36,3,79,45,101,129,81,27,124,23,99,98,90,78,111,97,127,24,68,120,126,74,64,80,13,118,69,76,50,103,117,93,67,9,35,96,100,26,21,34,77,51,105,5,16,20,102,4,8,52,107,46,121,104,22,65,63,113,43,84,60,41,85,70,30,37,94,130,83,108,7,133,17,66,31,33,14,82,0,109,73,115,53,95,91,88,25,56,48,86,15,32,47,58,89,119,19,131,116,54,18,110,59,10,122,40,38,132,1,11,28,61,49,62,42,29,57,39,123,12,128,6,114,106,44,71,55,2,134,125,92,72,135,75,112,87
5,6
90,128,111,108,125,96,94,86,34,27,15,69,9,79,29,78,91,76,30,117,105,52,41,112,32,21,102,83,58,44,74,114,75,20,8,93,14,6,62,63,16,101,82,1,72,77,59,84,18,48,54,43,2,97,23,50,87,133,42,110,33,70,71,131,38,13,100,0,56,25,104,10,115,65,49,19,130,36,68,53,57,37,80,47,51,46,118,106,5,67,120,22,35,107,3,64,122,12,81,92,66,17,24,89,39,85,73,4,28,103,98,55,123,61,116,109,95,119,134,40,11,121,126,132,31,88,124,26,113,45,99,127,7,135,60,129
4,3
117,32,9,77,132,104,68,78,18,96,123,40,88,21,57,34,69,102,119,13,42,128,97,49,110,2,52,45,1,84,28,4,11,22,91,120,108,131,100,10,109,105,115,129,86,116,38,6,85,39,58,94,92,26,37,30,47,83,3,62,41,79,81,114,87,98,63,44,53,73,72,31,70,125,8,55,35,103,66,59,61,5,126,133,112,122,12,74,93,17,60,130,36,113,23,25,67,90,82,111,127,76,56,46,27,75,64,121,43,7,24,54,71,106,107,135,124,101,65,118,99,48,0,15,19,33,80,50,29,14,20,51,134,16,89,95
2,4
97,120,34,42,59,72,76,48,35,17,69,96,25,40,53,102,54,63,86,30,107,80,127,126,26,118,21,27,98,37,39,104,88,20,9,92,31,119,10,38,11,95,115,22,68,65,19,111,15,75,131,132,45,78,66,100,114,44,5,112,74,3,13,24,99,55,67,18,14,32,106,62,33,50,73,85,124,129,109,94,46,49,128,133,36,28,87,43,56,116,105,91,60,134,29,113,2,89,84,108,117,57,51,6,52,123,79,77,82,58,93,47,125,7,101,110,0,71,4,8,1,130,122,41,103,70,121,64,83,12,135,23,90,81,61,16
5,2
79,91,51,13,86,39,9,6,85,64,103,65,118,78,76,107,23,70,54,128,12,75,106,30,132,114,89,62,126,31,58,7,25,55,48,43,97,26,53,47,135,38,2,19,133,105,111,17,119,18,63,3,14,112,52,5,46,108,83,21,41,93,101,60,50,10,131,42,67,74,44,15,134,98,36,92,113,27,90,117,104,33,82,80,11,61,77,115,125,35,124,120,72,34,49,88,129,110,66,8,45,109,69,56,94,22,123,122,37,84,24,130,0,99,28,73,102,57,81,20,4,96,1,121,71,87,68,127,116,29,32,59,100,16,95,40
1,6
44,113,95,73,61,116,94,87,68,51,1,69,99,126,7,30,2,9,27,63,20,39,81,89,26,123,132,42,48,33,15,125,115,129,114,23,5,83,127,4,37,112,29,54,122,14,43,36,67,57,0,135,56,21,53,119,131,98,31,124,65,50,22,109,97,46,104,71,100,86,55,130,103,80,10,70,66,11,76,24,134,49,128,6,25,13,19,101,88,32,28,91,82,84,59,62,35,3,77,52,92,118,45,110,107,58,102,17,34,79,41,38,93,75,121,96,108,85,74,78,111,8,105,120,106,47,18,90,12,72,16,117,64,40,60,133
5,3
11,22,77,36,109,134,97,72,130,2,70,122,16,47,42,5,89,21,116,117,95,64,114,113,39,99,105,78,24,83,80,91,32,62,29,135,9,49,68,125,127,0,94,58,128,33,8,30,82,101,129,131,110,63,108,40,7,20,98,88,53,67,28,90,27,103,37,87,41,51,75,56,52,14,17,85,26,44,102,31,126,71,92,18,45,107,123,3,61,13,57,4,25,106,34,86,66,124,55,59,60,132,6,81,48,50,74,115,104,35,15,79,10,69,43,46,19,119,100,111,93,73,112,65,118,38,96,23,120,54,76,1,12,121,133,84
5,2
101,70,54,24,2,12,85,108,53,83,62,73,96,134,16,45,76,113,123,61,66,127,87,11,131,97,41,135,116,119,42,1,77,110,65,10,114,36,100,31,109,122,46,78,34,23,106,40,130,93,15,81,28,9,72,56,29,126,104,7,84,129,75,3,14,67,21,35,89,128,82,50,39,60,118,44,13,90,37,74,121,4,68,38,58,112,115,69,33,80,133,102,95,107,86,132,71,124,79,98,94,48,51,125,120,117,105,19,5,27,26,32,63,0,47,111,6,59,64,30,8,18,25,49,57,52,99,17,55,20,92,91,43,103,88,22
6,6
2,57,120,79,127,67,35,123,13,60,104,7,16,23,10,78,1,65,31,133,68,99,101,90,128,53,100,102,117,34,121,119,41,24,105,21,38,115,33,72,39,134,62,110,135,58,87,4,132,122,80,32,116,73,27,43,40,131,30,6,45,108,44,107,103,26,0,95,106,61,51,113,129,97,114,19,14,20,22,9,17,59,11,18,130,126,69,12,66,8,52,36,29,83,15,48,76,64,50,37,91,56,70,94,125,63,89,55,75,25,74,46,92,86,84,28,93,112,77,47,118,96,82,81,42,71,111,49,109,98,54,88,5,85,3,124
1,6
51,60,8,68,44,81,57,2,88,94,19,116,103,79,100,36,129,24,12,15,74,54,75,46,126,128,10,23,4,31,1,112,130,73,35,119,97,86,47,29,20,3,55,102,101,45,109,48,61,98,56,72,117,107,99,14,6,115,52,49,132,40,13,38,91,85,7,120,131,111,127,105,43,77,71,133,92,25,17,65,114,32,41,113,76,21,64,89,108,110,134,118,50,106,67,34,90,0,124,95,123,53,11,62,80,78,33,87,84,70,104,16,39,37,135,66,22,122,42,58,26,9,125,93,82,59,5,63,83,28,18,121,30,69,96,27
5,6
131,28,29,51,33,68,14,110,85,106,13,114,49,84,117,3,56,64,109,44,107,48,39,134,120,74,65,125,81,5,73,97,27,115,80,26,57,78,21,18,19,129,1,95,2,36,45,100,82,112,90,69,66,101,103,59,62,123,128,75,93,130,98,135,113,99,60,47,121,25,67,70,108,54,42,30,94,52,79,55,89,23,92,91,41,20,37,63,132,22,53,24,111,102,4,96,87,88,0,6,61,126,32,8,77,116,10,11,31,35,58,118,133,12,17,15,46,86,105,50,9,7,38,104,34,43,83,122,76,72,127,71,119,40,16,124
5,1
69,43,51,67,131,129,72,124,25,110,37,14,100,119,71,83,21,41,60,79,9,80,29,7,76,89,111,3,53,104,15,115,121,27,52,13,46,109,38,133,4,134,10,112,42,96,102,57,45,87,62,130,128,34,126,74,1,125,81,61,12,78,127,54,75,116,35,93,82,85,63,31,95,117,22,23,118,56,47,18,8,58,73,17,77,101,11,123,44,32,113,122,92,19,108,88,98,64,24,49,48,2,70,33,106,39,90,65,105,66,99,59,26,132,16,40,20,91,94,0,55,107,97,135,50,114,86,36,103,5,28,6,84,30,120,68
2,4
36,7,11,28,29,27,99,43,119,40,133,44,26,96,15,64,49,101,97,90,118,102,117,56,89,16,34,5,114,73,129,74,32,41,131,77,6,46,135,79,18,75,112,125,60,103,91,39,62,85,22,50,70,42,81,48,100,54,31,92,78,134,3,120,93,82,14,124,1,107,51,110,58,69,17,67,30,4,33,84,72,126,115,111,21,88,61,95,98,83,128,55,116,25,52,106,109,10,37,45,9,105,19,24,20,59,123,0,68,23,57,66,87,86,127,47,2,53,122,8,13,71,63,132,94,76,121,38,130,65,104,12,108,35,80,113
6,2
92,127,81,84,114,70,56,105,45,71,65,111,98,59,13,66,10,34,40,20,51,1,33,75,42,79,118,110,5,115,58,102,122,76,63,60,95,124,11,48,121,3,27,62,50,77,4,78,12,108,93,47,55,129,116,134,26,123,72,39,37,6,54,119,52,53,80,120,67,18,69,64,90,89,46,87,19,99,82,112,7,21,100,126,85,133,0,29,61,101,128,132,14,107,91,125,9,88,96,97,74,104,17,49,135,106,57,86,44,23,83,94,22,15,73,16,2,131,24,25,109,8,103,41,130,28,38,68,31,35,30,32,43,117,113,36
5,3
41,26,124,36,89,63,4,105,72,0,71,88,25,22,32,15,102,53,119,42,44,31,123,78,92,43,86,104,74,64,81,55,97,21,115,118,34,109,133,82,46,103,39,45,9,69,58,67,121,77,57,100,50,84,38,5,19,29,95,94,128,11,2,134,129,3,12,120,33,99,8,107,116,16,40,49,91,101,14,135,125,73,35,80,62,93,30,127,131,18,24,126,56,90,52,66,113,51,48,114,68,112,70,111,1,75,106,59,132,108,6,79,37,110,20,47,76,122,28,87,23,96,117,13,10,61,130,65,54,17,60,27,98,85,83,7
1,2
77,97,96,21,104,58,108,44,63,80,79,78,60,22,9,37,26,54,76,133,35,71,116,67,70,61,134,49,30,91,11,114,120,113,125,39,126,66,111,75,122,34,88,17,43,106,105,20,0,45,115,72,83,15,129,2,84,47,62,28,135,29,19,38,94,5,90,127,112,1,101,119,23,55,107,51,16,32,68,132,3,4,8,48,98,118,117,87,82,64,109,46,100,13,59,31,53,50,73,85,7,89,65,24,102,12,103,95,69,74,123,18,36,14,52,41,10,40,121,33,130,124,42,128,57,6,25,93,99,81,86,92,56,110,27,131
5,3
114,47,129,74,45,115,105,124,0,12,56,2,20,50,31,132,102,117,64,24,113,15,63,10,93,71,52,103,78,61,19,55,98,58,90,72,106,46,73,42,34,121,35,111,107,7,48,41,104,84,51,11,17,80,26,53,91,43,22,112,39,123,126,33,119,99,96,9,13,130,18,97,131,92,6,16,38,62,60,28,110,109,122,75,29,116,135,14,37,49,77,8,85,82,89,57,27,95,40,128,86,88,30,68,3,69,21,1,127,120,83,108,94,4,100,65,76,67,66,70,59,101,81,79,134,32,44,25,5,87,125,133,23,36,54,118
4,6
60,99,101,129,106,77,96,46,52,6,26,74,59,40,58,1,135,56,14,90,88,72,102,48,115,22,10,27,42,98,37,127,62,94,28,49,55,21,17,3,7,30,36,41,132,126,43,15,25,24,82,29,47,50,5,105,23,87,69,51,80,123,32,0,73,11,85,34,12,71,79,114,57,68,134,20,130,45,93,95,122,118,4,128,110,78,83,53,35,81,89,91,63,65,70,121,116,112,117,131,111,8,109,31,84,13,124,108,66,119,103,61,39,107,2,125,86,92,16,9,33,104,76,64,133,44,75,100,120,19,67,54,113,97,18,38
3,6
49,5,52,88,105,9,94,115,119,59,26,41,83,135,4,21,108,3,37,28,2,36,38,50,57,66,14,18,22,31,75,90,81,82,80,13,48,24,1,6,58,100,33,126,99,120,116,118,53,47,42,122,0,35,92,54,69,114,89,68,19,61,76,45,20,29,132,101,130,112,70,97,12,113,43,87,23,110,34,129,107,10,7,44,124,39,102,109,77,111,60,84,123,55,106,96,127,117,51,103,40,67,27,56,86,128,65,11,71,98,104,62,134,78,91,95,125,16,17,32,121,131,30,133,8,79,63,85,73,93,15,64,72,74,46,25
3,1
21,27,37,86,36,83,58,72,49,71,50,3,44,102,63,79,73,77,38,51,10,130,28,128,24,123,94,64,82,19,105,91,103,12,78,98,124,75,29,116,119,61,95,45,135,99,34,109,32,23,54,69,68,122,5,8,106,88,132,104,56,17,57,113,33,52,16,20,15,31,118,2,41,1,11,112,60,92,70,65,121,93,131,89,0,114,35,22,115,59,18,42,133,97,85,7,46,62,117,39,13,67,4,81,66,80,100,110,84,74,26,40,47,101,90,125,120,127,96,111,48,129,126,30,43,53,25,55,107,134,87,76,14,9,108,6
4,2
49,31,32,83,40,111,37,43,38,26,117,0,10,118,106,77,47,99,135,79,33,131,48,125,28,59,41,46,89,94,121,85,69,97,132,50,92,112,19,12,129,63,1,91,5,128,73,116,134,57,95,71,6,61,119,16,4,11,20,88,7,122,107,34,9,62,101,44,76,86,64,30,27,17,60,72,124,18,93,90,56,8,126,110,25,102,24,120,115,14,100,103,13,70,66,54,104,82,108,75,114,96,123,29,23,3,68,15,2,87,35,67,42,36,65,52,55,78,22,21,45,58,105,127,98,109,130,80,84,133,74,39,113,81,53,51
4,1
117,116,131,59,128,66,113,4,41,132,92,127,42,55,26,97,10,27,121,34,119,14,68,73,135,130,112,1,57,115,17,52,110,129,15,82,76,9,18,100,31,126,64,89,62,85,120,102,103,28,11,94,37,69,38,88,107,21,50,19,60,20,30,84,36,65,105,63,0,33,56,16,35,91,47,23,54,124,96,90,39,61,6,8,58,70,111,80,43,2,95,77,118,71,134,122,44,133,98,51,74,104,13,72,67,109,12,45,83,106,29,75,108,101,114,81,123,22,40,53,93,78,24,48,87,46,86,25,125,32,99,7,79,5,49,3
2,3
38,51,132,20,97,10,135,94,46,117,35,34,32,58,85,42,114,24,72,7,119,91,126,79,4,52,1,47,80,61,8,37,118,44,131,123,100,122,99,111,22,127,41,133,40,65,27,68,57,66,121,0,90,67,93,101,13,39,12,78,73,5,19,21,112,45,33,134,115,129,53,64,16,18,128,83,89,62,84,102,36,98,69,113,23,17,86,9,48,55,81,106,74,3,2,31,82,116,103,124,107,105,76,77,26,29,56,6,30,63,28,14,88,110,120,104,60,75,11,108,130,43,15,109,59,96,92,71,125,49,25,87,95,54,50,70
2,6
23,37,65,72,28,98,4,17,50,6,71,110,91,133,32,13,118,103,126,0,96,92,69,127,86,12,36,42,95,109,40,63,58,2,57,34,104,111,115,97,122,46,30,5,49,87,93,51,85,27,15,114,106,33,88,8,29,11,70,90,18,25,52,83,102,59,116,82,130,14,9,84,45,78,107,128,74,77,134,105,21,53,62,89,80,22,79,48,100,64,132,10,94,35,56,43,54,26,101,108,41,3,16,124,113,99,117,120,67,38,66,112,44,123,31,60,68,121,129,1,75,20,55,24,7,125,73,76,61,81,135,39,131,47,19,119
6,4
103,2,48,68,86,119,102,59,85,126,25,43,31,20,18,19,7,84,45,118,32,50,34,15,26,120,74,123,114,37,134,78,5,62,70,98,113,63,131,90,75,44,36,116,125,99,4,97,76,129,100,107,124,56,6,130,87,89,40,46,81,77,109,57,10,52,42,111,121,17,54,122,66,69,9,30,22,133,128,93,101,105,112,35,115,91,108,65,106,110,47,33,95,127,94,27,24,39,13,82,38,14,12,64,73,29,67,60,1,132,41,3,0,79,135,58,96,28,16,104,92,71,8,53,88,117,72,21,83,23,51,55,11,80,49,61
4,3
77,35,15,59,75,40,4,71,65,102,104,13,29,114,118,22,99,121,101,126,30,87,130,51,108,3,86,91,61,58,36,92,120,1,72,24,16,83,74,128,82,132,68,57,129,106,64,89,105,133,42,18,110,43,134,103,73,113,34,93,60,23,48,56,111,46,0,135,38,39,33,76,122,32,66,10,109,115,85,20,123,78,125,63,25,96,5,19,50,80,131,37,17,79,88,90,84,117,116,112,100,8,45,27,49,52,2,119,67,98,31,41,26,95,6,81,124,107,11,54,14,127,53,9,97,62,7,69,44,12,70,55,28,47,94,21
4,3
99,31,100,8,88,17,133,45,85,27,46,96,119,84,4,116,98,125,14,81,28,51,110,25,1,87,56,32,117,113,131,69,109,129,65,11,80,135,122,130,70,57,106,62,92,74,55,13,103,16,101,3,91,39,107,54,95,83,24,48,5,68,37,33,78,18,0,41,77,102,111,112,123,67,44,108,59,121,23,36,22,7,79,66,134,114,10,82,127,52,105,61,35,128,6,42,76,12,104,50,34,2,40,58,90,20,29,132,73,89,64,26,97,115,53,71,120,49,86,118,19,93,75,15,126,94,63,38,60,9,43,30,72,21,47,124
3,1
24,88,66,101,68,61,50,1,97,108,87,60,57,89,126,124,30,100,11,114,67,117,69,25,90,121,65,31,85,23,92,119,42,62,79,128,91,15,94,131,37,132,73,4,21,47,46,125,33,93,48,75,54,26,32,127,40,102,53,98,112,133,130,43,70,76,105,28,86,129,41,8,96,81,71,74,20,6,13,5,103,0,56,19,95,36,7,44,104,9,58,27,106,16,49,115,38,118,10,3,39,123,84,78,77,72,120,34,99,51,110,17,111,135,122,134,82,55,83,18,52,80,64,113,59,63,109,116,22,14,29,45,2,107,35,12
4,2
72,123,101,42,56,81,124,127,15,34,23,36,21,95,28,88,102,97,80,58,65,122,2,48,40,103,69,30,126,18,107,106,11,121,35,135,128,64,29,119,105,22,0,87,39,41,20,77,19,54,45,25,67,10,113,98,68,83,61,99,76,38,109,75,120,94,50,27,82,53,3,108,52,70,55,26,9,104,49,57,4,51,129,93,111,84,60,118,13,85,24,100,78,91,1,116,37,96,110,66,117,115,31,131,71,47,32,14,5,79,6,17,130,89,86,46,125,63,43,73,44,133,134,33,74,59,8,114,7,12,112,62,90,92,16,132
1,6
57,6,31,23,50,26,132,28,90,83,114,99,11,13,7,34,46,131,115,135,101,67,17,96,58,20,74,133,82,55,69,112,126,80,37,40,4,134,14,3,66,43,39,124,44,123,61,27,8,51,38,97,56,18,65,127,98,2,103,81,109,87,30,21,41,122,63,68,100,125,86,25,85,117,105,120,77,116,84,108,64,119,111,9,110,62,16,32,121,73,47,113,53,89,1,59,0,52,24,79,118,91,78,36,35,106,12,95,42,15,19,29,60,92,107,104,93,129,54,94,72,70,49,130,102,88,48,71,75,10,45,76,33,5,128,22
2,2
1,86,107,112,117,76,85,134,80,45,20,127,111,63,118,98,39,97,81,124,104,65,109,61,88,129,3,43,102,32,100,17,68,9,119,2,121,4,22,59,108,116,54,58,48,42,19,16,27,90,74,122,53,52,95,24,113,62,14,131,25,12,73,77,82,135,10,114,35,15,40,125,83,91,18,120,5,8,130,21,37,31,38,133,23,72,11,69,123,57,67,93,110,89,99,70,60,26,96,106,101,28,56,36,84,75,29,126,103,55,7,47,50,46,49,0,33,64,41,44,71,51,128,92,34,79,6,105,30,87,66,115,13,78,132,94
2,3
126,105,90,117,85,19,17,61,21,30,41,115,131,89,114,104,130,107,88,18,15,3,29,92,27,99,57,95,47,103,112,25,122,4,72,64,97,93,7,76,84,50,54,2,49,45,128,24,39,66,33,40,70,79,69,74,59,125,38,63,83,34,127,110,13,52,62,132,77,26,5,51,75,94,135,129,120,44,102,6,124,65,42,20,10,60,82,22,0,100,123,86,121,14,96,98,118,80,32,55,91,68,43,36,58,106,48,113,8,67,133,111,101,46,116,28,87,12,37,56,109,53,31,9,16,71,11,78,108,35,73,134,119,23,81,1
4,2
63,84,73,2,127,79,94,134,39,42,6,25,77,32,9,87,113,20,125,66,18,71,122,104,58,115,110,46,86,45,13,54,89,44,10,5,11,107,78,100,76,15,106,52,4,36,67,27,109,3,57,117,72,59,102,51,31,56,17,101,26,124,135,43,69,64,41,12,35,47,68,105,88,121,91,33,16,61,49,112,65,38,7,23,90,24,99,116,132,22,74,50,14,103,129,128,0,93,119,75,130,92,53,131,30,70,81,80,85,95,98,48,108,82,40,111,19,55,97,96,133,118,114,28,8,62,1,34,60,29,21,120,83,37,123,126
3,2
70,76,16,37,117,47,2,31,63,40,75,78,106,133,89,81,79,57,48,100,72,96,35,51,50,38,26,86,12,17,60,80,82,8,109,45,15,13,122,113,131,59,52,110,55,65,22,41,58,101,99,62,130,9,67,3,132,54,85,30,56,103,5,91,125,124,43,98,118,120,119,29,104,127,6,114,97,28,24,23,34,42,68,134,93,49,69,4,135,88,123,44,0,129,33,39,36,126,92,53,112,105,11,18,108,66,94,27,71,107,87,1,19,64,32,14,74,21,61,95,46,73,20,90,111,25,84,121,115,10,83,77,116,7,128,102
5,1
49,37,18,66,35,130,80,54,117,44,93,51,74,64,86,15,82,21,123,11,118,7,23,50,33,120,47,30,52,56,28,48,19,98,104,99,107,3,63,65,72,126,91,9,10,4,94,14,119,42,25,84,36,132,20,127,122,135,34,87,78,128,53,58,59,92,73,100,102,81,76,89,27,90,131,70,96,83,129,106,17,79,43,13,95,113,121,45,55,67,31,5,110,26,88,85,29,41,57,71,103,12,61,16,108,112,97,60,68,77,8,46,114,105,1,39,6,38,101,0,111,2,109,75,62,124,133,32,116,24,115,69,40,22,134,125
4,6
59,0,90,73,57,31,101,44,130,41,125,1,23,87,112,75,10,39,98,82,129,33,104,40,102,61,6,83,97,24,68,131,88,54,135,128,58,79,7,121,49,22,117,9,134,37,3,55,19,108,84,91,105,74,38,111,72,114,8,30,12,70,56,62,115,65,36,64,20,2,21,16,29,126,119,50,47,35,28,132,113,17,48,42,69,32,71,11,77,60,124,116,89,63,66,80,13,107,86,81,122,5,94,106,26,93,110,100,46,51,103,34,95,52,85,25,120,18,43,78,67,96,4,127,14,118,99,76,53,15,123,109,27,92,133,45
3,1
52,24,30,56,25,91,31,43,94,90,65,59,111,87,112,17,80,100,39,107,132,29,58,13,129,68,117,40,46,5,102,114,0,69,110,73,53,19,18,135,88,22,26,103,79,84,77,64,99,81,57,21,51,93,63,95,34,120,16,131,35,47,109,83,6,8,75,118,124,98,7,28,54,123,101,20,11,78,85,50,27,12,89,62,86,108,4,60,37,130,3,76,45,38,48,104,127,119,70,128,41,71,105,33,14,115,113,55,66,133,23,44,116,15,49,1,121,126,74,122,106,134,9,97,61,42,67,96,92,82,2,32,10,125,72,36
6,3
60,113,111,68,130,42,120,98,14,3,8,54,125,131,27,93,100,77,75,72,37,6,97,24,82,76,65,87,35,121,1,12,92,13,16,112,69,126,101,0,18,40,66,71,110,132,80,115,17,15,88,102,31,95,79,34,116,59,106,5,43,96,67,127,20,124,83,36,39,133,84,9,45,48,29,26,114,11,103,117,91,55,52,2,58,33,41,94,104,122,51,74,109,78,128,70,85,4,64,90,61,118,50,46,73,107,38,23,56,19,47,119,7,30,135,129,22,49,57,62,123,81,21,105,10,53,89,134,28,86,63,44,99,25,108,32
4,6
135,115,124,8,123,125,68,22,108,41,38,72,9,130,97,46,105,113,60,120,132,89,107,65,116,98,44,16,121,117,37,73,35,18,69,118,6,27,15,63,104,75,100,17,128,102,21,30,1,53,90,50,25,57,0,96,95,110,61,55,24,86,4,7,92,43,93,85,59,58,23,112,114,2,40,83,129,74,122,14,5,39,13,29,66,101,134,28,3,70,52,31,48,54,12,80,109,32,81,45,49,26,76,133,82,20,91,34,111,88,62,67,119,10,51,126,79,47,56,11,42,84,99,131,106,103,78,77,94,87,64,19,36,33,127,71
2,1
87,15,84,2,60,61,9,85,98,120,20,66,16,75,32,116,103,105,94,119,104,21,107,26,35,126,70,134,125,76,73,118,62,78,95,8,133,36,108,92,14,131,37,42,90,79,58,51,115,123,80,67,49,6,10,130,117,34,89,55,88,24,132,1,71,29,30,43,82,97,113,7,109,18,44,50,93,111,53,64,69,12,81,77,4,27,28,25,83,101,68,102,106,57,110,48,19,59,96,23,112,39,33,3,100,91,31,38,86,74,99,114,46,121,0,63,45,54,128,129,122,52,65,11,124,13,40,17,41,5,47,127,135,22,56,72
1,2
16,48,4,132,21,24,83,38,54,32,47,6,10,88,26,104,84,130,20,135,73,46,60,127,86,79,44,57,134,74,28,17,11,40,33,85,7,2,78,55,129,59,5,122,1,115,103,111,61,41,18,37,72,121,93,125,67,101,109,119,82,22,66,116,106,95,56,70,50,91,34,36,107,51,65,76,117,124,120,75,126,131,114,15,92,43,30,69,123,13,108,96,105,12,133,63,112,113,29,90,118,62,14,87,25,42,3,68,9,71,23,102,94,128,64,97,45,0,8,89,39,81,52,100,99,80,35,19,77,49,110,31,58,53,98,27
6,6
118,129,124,44,80,10,128,121,102,56,117,130,61,35,110,76,67,101,100,65,87,83,46,112,131,62,1,52,19,47,133,33,34,79,98,27,119,111,134,88,18,107,28,7,22,63,14,113,60,85,81,104,50,84,17,126,94,25,108,103,9,53,20,12,132,97,24,92,89,39,8,3,0,75,38,11,5,45,90,13,54,31,57,78,135,116,91,95,71,48,29,16,26,55,4,106,43,115,58,37,68,114,86,120,59,122,32,51,99,93,2,64,123,41,23,74,49,73,96,69,30,72,70,15,21,109,105,77,66,82,36,6,42,40,125,127
2,4
87,38,65,7,85,57,120,50,22,117,11,15,131,3,128,56,5,89,33,133,132,43,125,105,10,86,113,108,21,47,135,16,20,27,51,69,118,127,100,70,52,8,83,119,76,58,84,39,54,103,23,66,71,12,31,96,130,24,116,126,114,30,97,123,115,49,81,102,9,88,36,112,4,17,73,42,28,48,110,55,94,77,79,19,1,35,29,67,46,13,14,72,61,25,106,124,34,90,78,26,101,6,41,37,129,91,122,45,80,92,75,60,93,111,134,32,2,0,104,63,62,59,121,40,109,98,68,82,95,74,107,64,18,44,99,53
2,3
87,107,101,109,119,71,10,92,36,91,51,21,3,63,65,131,85,12,5,134,48,13,15,11,43,90,38,114,57,23,8,56,61,125,78,33,110,30,133,68,77,112,0,86,122,74,97,4,29,123,22,69,16,26,50,37,100,73,117,106,121,62,124,64,42,2,83,135,80,81,31,76,105,53,52,118,7,20,127,60,25,39,129,59,27,128,104,120,9,67,96,32,84,41,46,89,66,99,19,130,47,113,95,28,1,102,45,115,98,40,18,79,72,88,82,103,126,70,132,93,14,34,54,17,111,24,94,49,75,44,116,55,58,108,6,35
6,1
16,116,64,3,101,93,50,31,120,45,24,6,96,5,26,15,112,35,119,25,91,98,41,80,122,54,46,132,21,71,38,4,40,74,130,12,56,61,34,115,19,84,1,13,88,85,51,124,14,72,83,131,79,135,110,128,0,92,107,60,57,81,48,100,68,59,66,117,129,126,111,33,49,87,114,18,58,47,53,9,8,73,10,2,30,11,20,82,23,105,95,42,89,28,118,7,63,113,55,104,78,108,75,99,29,102,103,109,86,32,44,69,134,77,70,17,90,62,37,127,43,65,52,76,27,125,106,123,94,133,97,121,22,36,67,39
6,1
117,128,51,135,78,119,8,4,49,124,81,98,65,58,39,120,108,22,10,77,73,41,71,40,34,93,102,60,21,68,56,5,57,131,88,79,84,32,28,55,14,96,43,12,20,38,90,86,129,118,24,45,53,7,18,1,94,23,13,107,83,100,114,9,116,29,15,113,80,31,110,99,109,26,72,132,104,105,25,115,59,64,0,47,16,89,27,75,121,37,134,36,76,17,52,127,11,42,61,2,103,46,87,62,111,91,44,130,125,66,69,54,123,95,112,85,106,3,126,97,50,63,82,67,122,74,6,101,33,92,133,19,35,70,30,48
6,2
130,14,5,25,50,118,135,21,109,28,45,113,58,77,98,82,102,121,134,43,71,78,31,96,117,81,90,88,36,29,42,53,132,123,22,79,61,93,16,47,104,26,51,80,116,107,20,120,41,62,54,103,40,10,133,73,89,57,67,1,39,24,122,101,13,128,129,106,91,19,75,32,72,3,63,46,124,27,95,64,86,68,59,30,127,37,69,87,99,60,7,44,94,56,125,4,0,2,38,105,9,92,85,126,35,8,6,76,84,110,49,33,48,111,97,114,66,83,74,23,52,15,131,115,100,18,11,12,108,112,119,34,65,55,17,70
1,4
17,13,5,9,37,39,49,27,124,6,69,36,24,40,65,54,72,33,117,26,18,63,121,97,62,78,122,53,103,107,126,82,11,76,90,130,10,71,112,42,123,43,135,30,88,77,61,109,95,31,83,32,127,105,134,12,48,45,25,73,100,79,55,110,108,50,59,101,116,66,87,94,85,89,52,106,3,23,47,29,56,16,4,19,98,80,120,125,0,91,67,68,51,119,74,132,111,96,1,115,41,38,7,57,20,104,44,2,35,99,131,22,128,93,118,60,81,58,86,14,92,8,84,129,114,15,64,102,34,133,70,75,46,21,28,113
4,5
5,36,21,73,24,41,65,131,80,37,130,64,53,72,125,2,58,101,45,66,52,79,100,133,7,51,13,90,35,70,20,106,18,29,23,82,111,14,81,84,76,40,62,71,44,28,128,22,12,96,120,0,59,88,129,54,121,83,126,127,122,78,49,135,105,9,39,95,117,113,34,56,48,134,85,15,33,102,115,16,60,61,132,91,92,38,104,27,4,63,6,107,19,26,68,46,123,57,55,32,103,1,108,114,75,124,30,112,119,10,87,93,25,8,3,31,98,43,116,69,74,118,89,97,47,67,99,50,86,109,110,77,17,42,11,94
2,2
126,97,104,67,56,71,42,105,73,84,119,39,43,22,29,11,133,75,35,95,61,99,128,120,109,33,18,125,89,59,8,69,113,21,111,130,100,40,51,83,25,129,115,31,88,60,0,23,63,52,68,7,78,102,112,80,66,46,82,87,91,74,116,72,37,101,98,49,2,77,103,57,131,34,70,48,132,20,135,28,6,118,9,94,12,122,32,24,4,79,41,47,30,45,26,114,96,54,44,58,53,85,19,92,107,5,1,86,90,36,65,110,16,123,81,27,55,124,93,3,127,50,13,14,10,108,62,15,117,76,38,106,64,17,121,134
3,3
126,0,56,72,30,135,27,114,111,55,57,17,76,46,118,2,110,31,88,67,77,101,44,33,16,22,115,130,119,74,89,108,75,70,36,91,116,15,14,117,87,98,102,99,109,51,48,105,79,69,47,45,53,40,128,131,122,12,8,52,59,7,83,127,106,93,20,82,61,100,28,121,3,9,129,34,66,112,32,71,125,1,90,6,120,60,133,43,39,50,26,85,29,97,42,73,38,92,64,65,58,94,95,5,4,103,132,54,37,104,25,23,123,21,84,68,35,124,11,24,41,19,78,13,134,62,63,113,18,49,107,86,10,81,80,96
4,6
29,39,73,68,123,130,119,0,103,112,60,125,76,118,126,100,69,1,88,13,19,36,109,62,23,4,106,38,127,120,74,7,87,56,25,101,42,105,12,86,92,43,6,59,95,40,122,3,96,135,128,81,5,14,21,10,30,75,33,8,26,117,104,37,108,58,99,129,52,53,93,121,80,90,24,132,98,51,116,79,110,2,85,18,70,97,35,134,57,41,91,107,94,124,113,16,44,20,133,49,67,84,47,31,83,28,11,46,45,17,131,55,34,63,89,65,32,114,50,111,9,102,66,61,27,77,64,72,115,22,78,54,82,15,71,48
4,2
17,98,34,61,81,83,44,72,37,82,67,19,47,77,1,100,76,14,57,101,58,105,94,78,113,25,99,55,86,109,125,52,33,89,12,22,49,79,32,21,97,63,6,75,111,41,38,2,134,71,119,66,30,70,46,92,11,127,27,112,122,133,123,131,107,102,20,45,74,132,104,3,96,16,84,0,18,108,121,23,59,64,48,116,110,87,54,42,88,118,68,35,106,13,117,40,56,93,29,26,50,130,7,62,73,65,60,31,129,36,114,90,126,10,103,39,5,80,128,53,95,115,85,69,8,15,43,91,135,51,9,4,124,120,28,24
2,1
26,57,87,13,84,41,106,77,123,78,2,65,118,102,133,135,91,113,43,117,15,73,74,130,98,49,33,3,48,68,14,83,4,132,134,69,126,28,88,24,129,18,60,125,72,27,51,109,58,32,99,45,90,47,86,95,80,11,6,7,97,64,82,101,54,107,75,71,67,16,39,76,35,55,85,79,50,61,53,92,20,25,56,93,19,119,103,59,111,46,115,38,127,42,62,63,37,105,120,128,40,94,112,108,100,110,44,17,66,52,21,12,81,89,131,34,122,114,104,23,70,10,8,116,31,9,30,36,22,121,0,124,1,29,5,96
4,3
110,107,73,129,49,19,33,47,34,101,114,26,38,22,64,90,35,50,77,59,119,27,83,76,115,28,44,78,25,18,82,120,69,103,55,15,70,61,41,105,17,97,122,31,67,7,104,36,117,81,80,3,108,68,32,10,94,57,45,52,111,112,6,66,72,98,4,12,11,74,65,8,130,93,51,39,21,125,126,71,92,85,46,100,88,96,106,131,62,79,40,91,0,1,60,87,128,95,14,16,56,99,102,89,86,132,124,30,133,13,109,135,58,118,84,2,116,127,63,54,42,20,5,24,121,23,9,113,48,29,53,123,134,37,43,75
2,2
27,104,91,92,123,129,75,119,2,84,4,101,39,111,78,26,56,37,105,112,99,89,47,43,121,29,6,70,95,86,34,80,55,97,51,68,38,20,30,31,115,107,79,24,94,74,71,96,114,17,76,134,132,33,135,11,10,9,48,106,22,93,19,77,36,12,128,44,103,0,90,62,125,3,57,120,28,98,88,60,45,25,66,21,42,35,50,63,41,14,65,69,64,54,59,82,7,16,67,58,40,1,81,100,72,85,109,116,127,117,13,46,53,110,126,124,113,15,73,49,87,122,118,108,102,5,83,130,131,61,32,133,8,52,23,18
3,1
29,16,42,134,31,25,117,18,99,112,55,32,68,8,76,35,88,116,78,60,0,27,87,114,1,67,105,94,75,49,26,72,101,119,4,89,81,39,121,65,14,123,95,52,108,130,91,111,128,15,61,102,33,97,56,73,86,131,44,79,3,30,21,37,127,20,98,54,43,84,2,9,82,122,24,110,107,22,53,83,23,125,129,74,34,109,7,66,115,132,120,41,133,6,50,19,70,118,10,77,47,96,71,17,5,59,85,57,103,64,126,51,48,90,36,113,46,12,63,11,40,92,13,93,62,124,100,38,58,28,80,135,69,104,45,106
5,4
95,127,104,133,27,89,94,44,123,114,36,135,129,60,108,4,52,73,106,68,124,42,110,79,22,14,10,66,37,40,126,115,26,58,48,30,62,7,53,117,39,74,93,21,122,67,125,51,109,9,23,8,6,16,130,25,3,90,1,131,119,128,13,64,45,43,18,88,28,84,82,134,59,116,0,65,31,47,83,20,76,50,69,86,100,34,105,81,57,33,97,15,103,5,54,19,24,78,77,38,85,113,32,118,35,49,29,98,99,11,87,71,56,120,2,96,112,46,121,70,75,92,91,41,111,80,107,72,55,61,102,17,12,101,63,132
4,1
68,120,71,133,9,125,102,4,77,131,29,123,111,36,66,41,45,98,76,64,13,115,129,126,18,108,27,109,46,122,56,43,79,82,88,103,8,124,38,114,33,97,106,32,40,6,117,99,55,44,74,3,11,42,35,0,112,60,61,51,20,135,16,104,22,26,134,90,5,23,110,84,92,121,48,132,52,50,39,127,19,37,73,87,49,100,91,118,75,17,25,21,80,116,34,101,65,86,94,58,107,14,72,2,70,7,24,54,15,28,30,78,31,83,89,81,12,67,105,85,130,69,128,47,62,63,10,53,57,59,113,95,119,1,93,96
5,4
91,121,113,45,83,62,73,116,89,108,6,107,104,23,134,100,55,49,110,20,128,119,19,58,46,70,97,7,131,11,76,47,129,14,133,48,9,93,99,27,79,88,77,67,53,98,21,28,51,114,36,106,71,24,101,60,42,80,52,30,50,109,84,32,81,95,117,68,122,10,123,61,37,64,41,26,69,3,38,92,135,33,29,86,12,59,78,63,56,1,105,17,4,39,90,96,16,34,8,13,31,132,2,66,75,15,57,120,124,35,40,43,44,82,22,127,25,112,65,126,74,103,18,5,130,125,118,94,111,115,85,54,87,72,102,0
2,3
104,82,33,39,75,135,133,31,87,119,85,67,108,23,107,38,14,22,96,59,18,27,70,121,40,30,122,91,2,52,43,11,7,89,86,56,10,53,125,109,63,46,6,131,115,110,76,80,8,132,12,64,105,4,55,58,35,126,26,84,0,118,98,21,81,19,72,130,57,49,114,73,41,13,123,36,1,112,93,74,101,17,15,3,79,69,47,127,129,102,51,83,16,32,9,61,48,62,120,90,65,37,117,92,111,68,66,71,42,77,97,34,44,134,124,99,106,60,95,54,5,28,88,103,78,25,29,128,24,100,116,45,50,94,20,113
1,3
76,67,9,109,69,60,73,28,77,3,40,133,122,111,114,119,16,131,5,53,89,92,58,23,11,102,124,95,8,101,26,134,104,117,108,2,96,49,13,70,15,41,64,6,30,52,38,87,20,27,74,132,90,98,22,107,78,4,66,14,32,126,120,129,45,72,75,94,112,125,35,42,80,121,54,55,79,123,99,36,63,127,110,113,10,68,39,19,83,56,46,82,135,100,43,84,7,106,24,65,85,44,50,12,34,118,17,115,33,105,86,88,116,91,57,103,51,47,59,61,31,97,37,71,25,21,1,48,81,93,130,62,29,128,0,18
3,2
131,44,74,58,13,49,85,92,17,108,29,53,115,40,105,93,26,75,65,34,35,104,126,14,1,52,66,42,100,0,78,76,70,112,80,20,91,113,22,130,123,37,111,72,47,48,31,67,21,11,125,63,81,124,101,64,109,46,82,71,61,56,99,135,2,114,88,127,54,43,107,121,27,133,129,38,10,59,18,119,122,96,51,117,60,24,7,19,15,3,39,77,33,57,134,30,69,50,68,86,12,87,5,8,23,95,62,116,94,84,118,89,90,45,106,4,98,110,16,6,36,128,41,132,103,83,55,9,25,120,102,97,73,79,28,32
2,2
98,47,70,71,97,35,55,20,59,43,86,22,90,94,30,0,65,46,42,41,8,67,56,123,25,120,27,104,14,2,12,88,32,33,69,40,134,78,126,77,133,83,129,93,17,131,16,112,127,114,52,51,76,21,31,110,58,68,57,44,118,109,79,82,125,28,115,91,108,26,105,119,106,101,64,18,3,113,9,15,100,50,54,103,29,132,121,63,48,102,89,10,11,62,60,7,53,81,135,34,124,73,92,1,72,19,85,117,99,75,122,4,61,36,45,84,23,111,6,107,130,80,116,5,39,74,66,87,38,128,49,96,24,95,37,13
1,3
70,53,94,16,42,59,25,5,27,54,21,33,130,86,44,97,47,131,26,129,24,89,34,50,125,65,73,78,126,62,106,45,29,79,41,93,121,19,87,8,75,116,72,112,123,74,22,57,13,51,80,15,100,38,71,35,84,85,95,113,108,132,83,28,122,6,55,69,48,64,111,124,90,68,91,96,60,39,1,52,119,99,135,10,92,0,63,67,20,118,101,104,81,98,49,3,36,18,88,11,40,4,115,66,76,82,37,46,17,30,56,7,127,2,32,114,109,133,14,102,43,128,134,103,9,77,110,105,117,12,107,120,58,61,23,31
1,5
30,116,128,58,113,120,76,131,15,78,118,47,33,107,36,46,34,126,119,62,12,17,49,86,125,95,103,70,11,124,53,10,91,67,82,85,55,130,87,51,43,14,2,9,134,106,127,64,66,35,114,31,61,101,68,92,108,52,98,73,111,60,20,117,110,102,5,1,4,41,135,65,18,32,0,99,28,105,72,19,13,109,96,54,71,44,63,77,24,48,23,112,8,129,7,104,121,3,123,69,29,22,100,38,97,81,40,42,88,25,122,75,115,6,90,74,84,27,132,56,133,50,37,59,83,39,80,57,45,89,93,26,94,79,21,16
3,1
108,113,5,117,6,114,124,61,51,109,29,100,134,135,93,111,59,75,107,14,115,132,131,82,133,15,60,116,43,76,125,35,72,47,110,11,17,56,1,25,83,79,92,32,130,101,106,74,45,33,77,96,28,97,85,21,120,119,86,24,90,103,70,9,55,129,89,18,39,31,16,91,12,48,58,65,94,27,102,87,98,128,49,66,8,46,10,63,40,84,19,81,121,38,0,57,42,69,112,99,64,53,20,50,30,122,68,13,127,26,73,41,105,52,123,88,4,71,67,118,22,126,44,62,78,95,80,23,7,104,2,54,37,36,34,3
2,4
80,55,18,44,110,25,59,67,112,53,30,124,84,22,88,41,105,31,35,116,90,76,48,2,126,127,78,4,19,56,47,123,43,11,74,16,113,132,66,45,82,60,134,101,85,98,83,7,1,17,39,9,29,34,94,111,50,8,100,0,27,115,36,73,99,75,49,135,46,14,63,118,125,86,107,5,133,119,28,57,13,79,37,81,106,62,114,52,68,24,131,104,21,96,120,3,38,129,64,70,71,23,15,26,42,95,65,87,92,130,54,91,51,89,6,93,32,10,40,97,121,102,58,72,117,12,103,33,128,69,20,77,109,108,61,122
6,1
