119,84,93,7,58,42,34,46,85,26,111,113,108,78,25,15,87,53,61,35,89,55,57,102,81,90,130,115,51,132,114,31,4,109,72,117,21,112,30,121,16,135,44,45,101,49,96,80,105,18,82,14,43,69,67,60,47,118,11,23,79,97,59,29,103,36,88,6,12,123,104,0,32,24,76,99,38,10,8,20,64,9,83,19,128,110,71,75,65,48,94,77,126,98,107,122,39,120,13,52,3,134,100,17,37,68,95,1,127,73,106,129,131,74,56,28,63,62,50,133,66,41,27,70,86,116,92,91,2,5,54,22,124,40,125,33
5,4
118,52,103,12,129,34,111,119,69,38,53,86,17,10,99,41,28,84,4,80,106,62,123,15,115,37,126,132,66,26,113,54,94,11,43,95,18,67,131,85,7,36,108,24,65,79,122,60,42,64,83,78,55,128,57,30,88,33,76,91,49,8,71,68,59,32,44,29,23,105,56,121,117,112,31,16,100,73,120,74,35,47,51,6,89,0,107,102,125,20,46,97,72,114,75,104,96,135,116,110,45,134,81,58,25,5,50,70,133,109,13,63,93,92,2,14,27,3,82,87,130,22,48,101,77,98,124,61,21,39,127,90,9,40,19,1
5,6
45,51,37,109,3,92,115,106,79,130,67,102,9,5,103,52,42,44,97,0,108,127,113,132,131,38,47,122,91,18,100,36,75,98,21,77,6,99,24,32,120,112,124,110,54,22,60,49,95,29,129,1,40,20,53,134,59,10,101,31,2,69,13,105,118,55,63,11,61,116,27,76,128,7,68,72,126,123,89,85,43,117,66,62,125,30,17,104,34,71,41,35,16,86,111,80,23,114,94,58,82,73,28,56,135,57,87,84,90,12,107,65,25,121,15,78,8,50,133,93,88,83,4,64,48,19,74,39,33,70,81,14,96,119,46,26
2,4
24,94,37,126,115,50,118,14,123,102,34,109,130,1,16,75,35,41,7,26,124,56,77,87,88,39,31,97,6,100,51,80,2,20,10,105,79,45,58,135,0,47,106,74,48,91,81,23,19,38,60,113,68,43,44,85,18,55,36,131,11,71,83,53,9,63,96,66,121,28,59,127,116,72,92,99,69,67,15,73,32,49,52,25,33,108,22,104,42,117,95,101,62,120,54,125,90,46,128,114,132,134,98,110,8,122,84,27,40,129,29,61,89,57,21,111,30,3,107,86,13,93,17,4,119,78,12,76,82,65,70,64,5,103,112,133
4,6
94,64,99,86,40,123,134,114,10,112,7,26,119,11,76,104,131,69,133,43,127,34,8,21,61,130,6,81,92,41,4,9,47,128,68,50,60,25,98,132,17,126,116,23,31,80,32,77,97,59,135,57,30,16,90,122,39,35,82,24,36,115,101,28,102,38,105,113,100,27,18,89,121,66,73,15,29,53,12,107,85,13,2,22,19,5,125,52,33,63,87,0,95,111,65,83,44,91,46,120,88,79,93,42,74,48,124,51,106,56,3,71,84,62,54,117,55,78,103,1,96,49,20,75,110,58,67,109,70,14,129,118,72,37,108,45
4,1
100,91,117,45,18,9,40,1,12,61,75,44,119,103,108,110,78,28,74,17,121,130,60,134,80,58,53,49,98,35,85,106,16,32,96,39,90,24,15,21,132,86,92,31,128,14,123,19,126,118,76,67,133,97,29,2,34,122,104,46,3,64,112,115,57,81,66,79,26,88,109,59,73,7,95,89,41,63,127,23,47,36,68,55,4,107,124,0,27,62,69,120,51,48,52,94,131,114,77,65,8,25,111,56,116,101,5,30,87,42,113,43,37,38,22,93,102,10,11,129,82,50,6,71,105,125,33,54,13,72,135,20,83,70,99,84
1,1
86,112,23,118,87,9,38,10,69,95,18,71,135,51,101,79,63,103,30,33,110,129,134,74,60,26,78,62,68,16,27,50,34,58,37,52,67,65,127,90,98,124,96,28,6,97,81,93,19,25,91,94,92,47,131,35,121,132,117,41,130,59,11,82,113,3,40,17,126,84,85,64,13,123,44,24,4,104,15,83,115,61,125,119,108,48,89,21,57,54,133,122,43,31,111,56,12,49,80,29,99,107,75,32,39,100,14,7,66,45,88,20,102,1,53,109,128,105,70,8,55,77,114,116,46,2,72,76,73,5,22,36,106,0,120,42
1,3
97,31,49,48,66,103,41,130,77,93,51,70,1,85,64,62,69,99,20,114,122,4,65,5,21,109,88,76,106,118,92,115,24,56,126,36,101,14,74,33,80,16,81,131,53,113,79,8,50,63,71,15,9,68,38,95,54,84,23,94,107,18,111,98,128,19,135,46,73,120,2,55,123,44,125,22,86,32,112,78,75,96,47,133,132,104,60,28,27,3,116,29,10,30,34,52,45,57,25,43,124,102,91,121,13,89,119,17,129,87,37,90,108,7,105,110,0,67,127,59,117,72,82,6,11,40,42,39,58,83,134,12,35,26,61,100
5,1
41,75,36,19,10,5,94,93,89,50,14,47,121,120,110,38,67,96,118,78,108,97,129,64,123,32,113,57,28,21,58,87,117,125,26,1,85,128,15,127,56,82,0,55,90,99,101,77,16,11,104,22,31,72,24,4,81,114,12,48,18,119,98,73,52,51,6,29,100,116,71,130,124,30,109,59,105,53,20,132,46,66,69,92,44,70,126,63,84,42,7,135,39,37,25,88,35,61,80,103,23,17,91,76,112,2,60,74,65,8,133,106,54,134,115,40,45,83,95,34,107,131,68,9,62,13,102,111,33,3,79,49,86,43,122,27
3,5
29,82,112,107,48,8,63,99,116,46,95,5,30,133,118,47,33,58,17,111,24,105,2,4,26,108,104,126,59,60,76,70,41,121,49,97,23,44,74,0,123,32,79,14,114,77,93,90,55,78,71,27,80,50,81,98,110,9,6,96,134,75,91,101,11,16,52,56,34,13,66,87,37,36,39,7,43,20,125,28,3,69,129,12,21,124,57,84,122,135,42,1,92,86,15,120,35,25,67,115,128,103,89,61,132,119,40,64,85,38,45,19,65,54,113,18,73,53,10,109,83,31,131,62,88,22,106,72,68,100,117,51,94,130,102,127
3,1
88,75,77,81,91,115,36,49,122,17,39,48,57,106,64,102,72,128,24,87,41,25,109,58,11,92,100,119,10,63,67,52,35,16,97,42,135,37,29,30,101,86,14,51,82,103,19,71,129,123,126,69,84,132,94,62,134,110,70,47,1,125,133,68,112,127,8,18,6,50,40,130,89,114,98,116,74,22,56,46,121,45,27,4,43,108,31,120,7,38,66,65,33,2,113,83,28,15,53,9,54,26,20,5,0,78,85,59,13,21,80,105,111,99,131,124,61,96,76,3,93,44,23,118,32,73,104,55,34,90,79,60,107,117,95,12
6,6
25,6,78,76,43,130,131,60,87,52,59,67,65,113,92,49,116,71,85,99,23,115,104,100,73,128,66,1,57,70,94,61,132,41,126,77,22,50,31,55,97,10,46,68,27,12,111,134,24,114,5,121,91,0,13,81,37,7,26,64,118,120,51,122,38,28,119,18,16,19,3,101,129,2,82,117,17,20,39,109,127,69,103,9,11,21,34,90,93,33,135,88,105,47,79,53,123,4,84,48,30,62,112,63,89,72,108,133,45,58,75,80,14,40,106,95,107,96,74,15,54,56,125,98,124,32,8,42,102,44,29,35,110,36,86,83
2,6
65,52,29,88,48,89,73,85,90,40,34,51,128,135,27,41,71,66,0,124,23,5,87,2,9,15,115,49,122,19,134,58,28,112,107,63,33,7,103,108,17,104,76,21,98,125,79,16,38,77,42,117,72,74,114,81,43,26,78,11,133,131,3,46,12,106,44,110,31,95,25,1,6,118,57,86,116,127,22,120,64,126,132,105,75,99,129,97,36,18,83,101,13,109,130,61,50,8,80,56,14,20,53,35,111,32,91,60,102,10,54,94,113,100,47,69,93,121,82,62,59,30,123,45,84,119,67,70,37,4,39,68,92,96,55,24
4,1
86,112,19,46,95,1,111,90,93,20,130,94,100,45,5,66,121,122,85,115,131,50,108,61,83,91,13,116,17,110,31,81,73,34,7,79,63,92,42,106,69,16,11,118,74,67,9,33,55,4,129,127,25,62,117,35,6,30,3,71,105,135,23,56,12,125,21,39,80,133,14,102,87,15,126,65,123,109,132,89,27,120,44,28,101,96,58,82,103,10,47,124,60,26,24,104,8,49,70,29,32,128,119,2,68,107,113,98,22,114,40,43,18,36,53,41,84,37,0,57,97,88,52,134,59,72,76,51,75,38,99,78,54,48,64,77
4,6
79,104,70,135,128,71,6,7,54,33,85,118,13,4,120,27,43,69,78,51,15,40,38,98,74,60,8,66,9,109,19,24,47,86,77,112,36,41,39,134,97,75,28,133,101,95,126,111,35,16,80,123,127,84,94,32,20,1,57,63,3,30,21,99,46,122,73,42,93,59,76,52,106,81,103,48,34,10,45,62,11,129,49,91,37,14,58,96,18,5,44,132,105,102,67,124,31,114,100,125,2,23,119,110,117,53,115,107,108,22,113,26,116,82,87,131,89,0,83,50,17,64,68,92,29,121,61,55,130,90,56,65,25,88,12,72
4,5
65,112,73,72,23,71,97,44,19,132,76,39,60,58,100,111,119,133,32,134,50,16,130,56,78,110,89,95,29,31,86,66,79,131,67,108,52,8,94,10,109,15,121,122,96,5,83,68,102,104,11,36,27,90,63,80,46,87,59,107,6,127,115,20,4,35,105,118,62,30,37,120,74,48,70,55,135,38,88,106,75,24,69,26,12,0,14,117,47,7,103,64,81,49,113,91,33,125,25,17,92,98,82,54,9,123,43,2,1,61,18,93,114,116,22,21,85,53,3,99,41,126,77,40,13,84,45,51,34,28,101,124,128,57,129,42
3,6
118,104,64,122,70,133,108,127,81,43,54,17,105,57,131,124,62,78,20,49,132,61,109,110,92,128,94,98,96,58,50,117,112,114,45,35,28,36,4,42,33,87,1,99,126,10,0,125,111,40,19,9,26,72,121,59,24,39,116,63,55,95,53,32,69,52,13,22,103,106,74,46,37,100,88,56,135,113,76,91,60,8,2,47,21,123,107,25,11,80,77,79,15,119,67,12,30,66,48,6,71,51,84,73,5,75,86,3,65,134,34,82,83,130,101,31,18,27,23,102,115,29,93,41,97,85,14,68,120,44,16,7,38,90,89,129
4,5
6,114,100,22,113,27,102,13,98,19,84,86,111,51,39,4,48,0,60,110,88,20,66,54,87,14,21,59,78,118,37,82,50,38,28,89,16,109,61,49,9,125,117,101,62,71,64,83,119,106,1,80,135,18,130,41,104,55,97,128,124,134,7,74,69,112,121,108,68,116,57,131,120,79,85,90,72,133,105,93,129,92,65,23,43,94,91,70,40,56,35,75,44,123,25,12,47,76,53,11,67,73,26,126,95,46,81,15,34,115,2,52,45,96,77,33,42,103,29,3,63,127,31,122,36,24,99,32,10,58,107,132,5,30,8,17
1,4
46,42,105,32,52,41,107,87,112,20,88,122,108,34,38,45,7,119,129,57,61,111,103,35,39,0,78,135,80,128,101,6,84,23,9,83,10,127,36,117,8,55,113,123,77,54,30,22,131,64,81,126,102,49,26,66,109,19,74,104,65,121,130,2,75,100,28,13,11,92,106,132,68,89,134,58,94,86,21,51,29,25,76,124,18,118,73,125,44,63,24,48,71,43,99,69,82,59,47,110,50,85,31,60,70,114,56,27,96,95,116,62,5,98,53,12,91,1,133,79,37,15,97,93,17,33,40,72,16,115,4,3,120,67,90,14
4,6
121,92,31,25,86,111,81,130,82,43,24,105,109,99,13,55,50,87,64,77,62,48,102,107,125,5,51,38,41,52,42,29,46,30,12,10,100,17,103,33,56,15,101,19,4,120,65,114,116,129,117,16,21,131,11,54,110,1,32,75,70,104,47,23,93,119,90,6,96,88,95,0,59,112,22,26,36,44,66,18,132,53,94,89,80,37,91,73,97,135,106,123,14,71,74,8,58,98,67,69,76,134,60,79,49,78,20,128,122,124,63,35,84,27,126,127,7,34,9,72,57,118,115,68,133,2,45,83,113,85,39,28,3,108,40,61
6,3
111,80,108,87,110,103,23,25,86,76,8,56,59,115,26,102,49,62,105,131,44,112,57,61,32,82,91,0,18,92,107,43,16,135,79,116,77,88,95,99,71,28,89,125,73,66,14,33,58,22,65,29,90,63,94,38,96,2,128,50,24,53,130,118,19,15,67,7,93,69,48,124,40,114,133,98,106,27,123,126,42,45,55,11,70,36,52,84,85,122,68,20,37,132,72,17,78,117,81,51,41,64,12,60,127,31,9,3,97,101,54,75,47,120,10,100,30,109,1,113,4,74,121,34,5,21,104,13,129,6,83,119,35,39,134,46
4,2
36,61,124,40,90,107,0,86,68,132,18,44,10,85,3,1,8,30,56,112,79,134,59,118,94,13,72,28,55,104,14,64,120,25,97,51,114,98,80,116,78,117,60,9,17,84,92,77,89,33,122,38,127,65,102,31,20,46,99,110,48,130,91,23,54,66,53,29,135,74,121,103,45,96,19,35,115,58,93,131,128,47,71,43,119,83,106,82,108,126,109,70,2,100,62,87,113,129,11,67,6,111,133,95,15,125,57,26,7,81,88,76,21,49,75,24,32,105,34,22,5,101,39,123,4,52,50,41,12,42,37,27,63,16,73,69
3,3
75,133,125,1,135,11,84,62,86,61,131,38,124,78,46,91,90,132,31,77,41,129,98,63,116,120,118,83,121,45,99,126,53,108,130,100,111,122,81,19,48,60,56,44,110,49,12,25,24,22,7,8,94,34,95,59,68,20,57,117,79,29,66,115,3,40,105,87,27,73,109,4,21,17,55,72,97,39,76,33,23,0,92,96,32,42,102,30,54,5,127,15,50,74,113,2,69,26,89,134,13,107,106,65,85,88,6,51,114,35,10,14,28,18,67,82,64,9,80,104,16,52,70,112,103,37,47,123,43,58,128,36,93,101,71,119
3,5
23,31,48,24,135,114,56,123,33,0,96,40,130,32,52,87,72,106,70,11,121,91,46,53,28,79,39,61,119,29,59,89,54,68,127,57,97,118,131,107,88,50,116,109,102,126,13,35,111,20,86,12,66,73,42,82,133,55,74,5,41,125,67,128,62,63,81,104,77,78,71,19,2,84,18,93,7,27,134,25,1,105,22,8,95,38,49,113,69,14,112,94,34,76,120,9,83,110,90,47,122,26,132,60,45,3,15,44,115,64,101,99,6,92,80,37,21,65,117,4,17,10,51,100,98,36,30,75,43,129,16,124,58,85,108,103
3,3
40,14,90,83,92,54,131,115,51,63,58,9,104,42,94,7,105,72,37,86,56,124,32,64,49,61,74,45,20,130,103,11,47,2,123,129,76,134,95,3,5,30,117,114,73,116,18,109,12,6,70,112,52,87,23,28,13,57,102,50,60,22,82,98,97,19,16,96,46,108,132,85,110,36,29,26,89,113,106,91,31,88,126,48,99,35,101,4,67,78,118,34,39,33,80,15,79,66,55,93,10,69,71,38,53,127,17,68,0,119,25,135,44,65,27,62,75,77,84,121,8,59,128,21,100,122,24,1,107,125,120,133,41,43,111,81
3,4
62,112,8,121,65,53,18,56,89,103,41,49,1,33,27,106,55,82,125,29,38,104,6,3,21,130,45,79,102,11,54,47,116,39,135,126,63,96,95,64,30,81,107,108,88,66,115,93,133,28,58,0,42,7,14,17,68,40,69,123,83,110,57,59,23,75,87,86,90,70,109,77,48,111,74,37,51,105,4,26,60,72,73,97,46,24,67,5,113,132,134,31,12,122,16,20,19,9,101,118,124,120,22,94,36,15,32,76,35,119,10,117,127,129,2,131,78,71,98,43,61,13,34,84,52,85,25,99,128,92,91,80,44,100,50,114
2,2
26,66,113,10,92,109,75,72,124,125,22,101,60,44,115,133,126,64,112,105,62,3,54,4,110,69,131,127,114,58,24,49,30,34,70,96,119,103,94,87,27,89,86,120,76,37,65,19,61,29,7,122,31,123,108,18,63,82,95,42,17,14,9,55,90,83,85,68,117,78,52,5,74,38,97,41,104,107,50,45,129,106,40,16,56,43,99,116,111,0,134,79,98,32,12,77,25,20,48,33,23,57,130,100,51,84,21,81,1,118,15,132,47,73,28,102,53,59,13,135,39,121,11,91,71,128,93,46,6,35,67,8,80,2,88,36
2,5
104,130,45,42,76,47,51,48,105,92,36,95,40,13,10,114,41,9,113,129,7,106,117,93,56,11,12,71,107,83,127,103,91,61,54,63,29,55,8,88,31,18,37,39,79,60,0,64,74,34,112,58,120,101,128,4,122,2,43,21,123,89,82,99,23,19,72,121,59,131,52,119,70,3,38,32,28,108,133,73,125,115,15,87,49,124,69,77,66,135,46,26,22,27,62,30,50,78,68,86,1,98,134,100,5,65,16,126,118,35,33,14,84,85,6,53,75,111,44,17,96,80,25,81,90,97,132,102,116,20,110,57,94,67,24,109
3,4
32,82,24,83,95,14,19,94,70,80,132,105,75,55,29,100,65,112,134,127,59,68,27,6,17,102,88,69,107,26,128,10,67,126,8,43,33,120,110,93,114,90,62,133,101,9,85,20,97,124,130,73,25,81,78,38,54,39,71,86,84,122,123,4,117,30,15,113,7,98,51,99,129,72,42,44,31,106,13,125,50,58,118,104,40,48,119,23,52,53,64,116,115,47,41,3,96,87,63,49,131,66,60,28,5,21,35,11,46,111,22,92,36,76,0,103,2,57,61,56,74,108,18,1,45,77,135,37,16,121,89,12,34,109,79,91
2,4
31,133,112,135,117,26,108,48,15,38,7,16,103,72,119,104,76,18,13,45,85,53,105,96,50,101,42,34,27,47,10,2,9,20,60,69,14,132,100,37,77,84,54,30,131,80,29,134,75,130,62,93,11,128,126,58,35,5,33,46,95,65,40,99,86,82,91,24,63,67,49,102,56,28,17,8,25,36,3,57,79,118,122,61,81,109,66,39,78,51,124,4,43,125,12,94,44,32,120,90,52,106,1,41,19,6,87,111,98,73,89,59,23,129,21,88,121,110,71,114,0,113,92,74,70,123,64,116,127,115,97,83,22,107,55,68
2,2
109,96,127,69,93,5,35,8,68,38,121,82,51,16,43,34,12,39,22,15,66,7,18,37,107,50,84,110,129,48,117,25,100,79,92,132,112,95,32,30,75,20,98,73,130,88,10,80,105,111,114,29,41,45,27,14,26,106,133,72,118,86,62,21,42,53,54,58,23,28,1,74,47,85,70,115,134,119,104,124,94,60,89,4,24,113,83,99,120,56,6,81,64,13,57,101,116,131,31,9,125,61,76,36,44,2,49,17,0,59,97,126,78,67,46,135,103,3,91,63,123,65,19,40,122,108,102,90,87,77,52,11,71,128,33,55
5,2
82,61,40,76,36,101,85,114,135,6,113,1,121,64,16,12,93,55,26,94,25,130,128,126,72,4,10,0,47,109,68,108,5,116,31,38,3,8,57,75,115,33,95,131,86,13,119,123,34,120,32,67,125,127,41,110,118,111,78,44,54,52,69,70,134,99,7,15,28,58,9,50,18,21,2,19,53,42,90,133,104,105,81,96,45,83,24,80,51,65,27,66,62,103,48,79,20,60,88,63,56,106,73,14,84,132,122,71,124,59,87,35,102,37,29,11,39,22,97,23,129,30,17,43,49,46,74,92,77,98,100,89,117,107,112,91
6,5
101,44,84,4,122,90,79,42,6,29,1,91,87,117,108,43,124,98,12,40,21,32,121,47,129,8,112,39,107,53,104,68,86,92,111,76,74,10,69,80,95,60,71,50,62,94,2,134,105,85,41,130,83,11,52,106,45,125,3,17,19,119,126,35,127,23,135,78,7,58,33,14,72,116,20,46,34,30,22,55,66,118,65,63,16,96,54,61,51,26,115,64,88,15,97,9,103,36,70,100,73,38,24,81,27,37,99,93,113,59,102,0,57,128,13,132,109,89,18,48,120,67,31,114,25,49,110,123,56,133,5,131,28,82,75,77
6,4
88,26,86,124,45,32,116,125,96,34,90,123,10,18,64,40,2,102,17,37,109,20,12,112,53,50,61,119,104,73,9,76,87,89,39,91,22,16,1,25,120,21,135,62,132,31,106,115,36,3,59,42,11,105,6,129,23,93,108,80,30,134,38,85,94,79,95,48,131,99,126,117,65,122,97,51,13,60,24,92,69,128,57,118,27,100,77,82,63,74,29,58,68,4,5,8,49,127,46,83,14,107,56,66,35,44,28,33,113,78,81,114,130,19,98,7,71,111,15,41,84,0,72,103,70,67,55,47,110,54,75,101,43,121,133,52
5,5
44,122,83,107,5,42,95,47,46,128,32,17,13,57,27,87,40,0,51,89,54,129,55,118,100,21,99,59,91,50,36,9,67,16,131,31,37,124,73,12,126,110,90,56,8,43,38,86,62,85,103,114,80,49,116,105,101,68,112,11,58,45,2,94,123,120,77,104,135,30,61,7,64,133,20,53,25,70,24,39,18,48,22,98,52,88,97,130,76,29,41,127,113,78,102,33,119,65,111,79,69,14,28,117,74,109,125,84,10,71,132,63,35,72,92,3,60,75,93,82,121,66,34,1,106,23,81,115,19,6,108,26,134,96,15,4
2,4
102,105,124,2,30,51,130,104,134,18,35,22,56,41,83,28,118,64,85,96,126,33,23,19,91,40,76,99,86,59,66,72,20,24,73,133,4,109,36,1,3,88,27,48,10,111,79,62,121,84,82,65,47,37,42,77,69,131,127,26,125,89,107,61,49,110,67,46,16,108,0,25,75,95,129,21,100,53,70,132,97,103,78,60,44,87,9,39,114,54,101,116,55,32,6,43,31,11,8,50,123,115,63,68,120,34,112,52,15,93,106,94,29,81,80,38,71,58,5,119,17,92,13,90,117,45,113,122,74,128,98,14,7,57,12,135
5,6
95,49,47,67,37,28,33,126,39,29,121,70,78,105,35,66,61,27,34,80,73,64,75,90,129,57,30,93,17,2,62,98,40,77,81,124,82,20,31,109,8,91,128,103,102,6,54,0,92,85,96,46,119,41,21,12,118,130,7,94,133,100,26,107,32,55,106,10,110,59,131,71,23,113,53,9,117,4,134,19,45,44,11,88,14,101,15,38,5,79,114,116,60,84,25,83,74,89,125,135,115,123,16,48,36,108,52,72,112,86,99,76,69,50,68,3,18,13,56,65,24,127,22,111,132,120,51,58,42,97,122,104,87,43,1,63
4,1
64,1,81,31,42,25,109,126,131,135,96,111,124,55,13,74,91,63,94,122,120,37,76,54,51,69,29,116,11,73,119,101,130,2,88,15,9,58,121,68,93,23,21,40,17,113,24,97,75,84,66,14,100,90,20,33,133,108,134,41,125,53,36,59,72,99,4,129,28,89,50,60,67,83,12,43,18,10,85,105,103,26,32,102,62,3,70,7,107,19,118,114,87,39,30,112,86,56,46,27,95,0,115,34,47,57,132,22,48,8,38,80,98,106,82,117,65,110,44,127,49,5,77,16,128,61,123,71,45,35,79,104,92,6,52,78
6,6
110,29,129,88,43,135,6,101,9,46,36,10,133,131,95,73,65,8,31,69,93,75,64,57,104,105,128,84,50,113,0,22,56,98,20,14,40,24,60,83,81,15,122,132,49,52,100,74,45,53,79,111,107,85,66,19,126,4,25,99,80,124,130,37,23,32,51,108,48,30,18,26,103,59,16,34,102,87,127,90,94,2,118,62,114,92,38,125,112,42,5,70,121,39,13,117,63,41,61,123,55,116,68,86,91,12,72,47,76,28,58,67,77,54,35,89,21,1,44,109,33,27,119,82,17,7,11,78,3,97,96,120,115,134,71,106
4,1
99,129,33,53,133,61,74,135,116,80,32,69,102,6,95,134,27,125,70,112,117,21,25,126,62,66,14,127,59,88,64,38,101,79,56,19,11,34,128,105,73,30,40,72,22,58,71,16,35,31,76,51,3,7,29,86,91,94,48,130,52,46,75,55,115,109,36,107,111,132,12,131,10,123,78,106,110,37,77,8,65,45,50,83,103,85,122,0,124,39,13,98,1,43,89,63,104,4,67,82,9,23,81,49,84,42,90,2,47,121,17,97,87,120,93,100,108,5,96,15,118,44,20,57,68,41,113,24,28,26,54,18,60,114,119,92
3,3
51,32,93,118,41,17,115,80,116,112,65,89,58,14,47,101,106,135,9,74,84,3,109,113,111,56,95,34,15,21,131,92,26,50,69,91,78,98,19,72,11,100,44,86,27,4,104,110,24,123,124,8,90,67,60,102,10,119,18,28,40,59,114,73,64,88,103,1,57,35,46,128,81,68,22,94,87,31,33,5,99,77,129,2,43,63,108,75,97,30,66,55,12,132,120,0,105,61,13,117,45,16,42,70,76,20,85,52,39,71,48,49,25,82,53,37,62,54,29,6,127,96,7,134,83,126,130,79,107,122,125,133,38,121,23,36
4,5
12,38,40,16,14,108,114,86,36,130,37,43,80,64,112,100,46,28,81,126,118,1,70,67,22,44,11,69,111,113,25,60,123,0,59,55,106,34,27,74,83,7,117,128,68,87,105,30,71,50,121,107,65,48,39,73,6,33,57,45,94,85,82,10,56,8,5,32,92,120,35,135,51,76,49,23,4,101,2,78,75,63,119,110,15,62,125,95,77,124,19,9,103,115,91,17,79,72,129,116,18,29,99,42,24,53,31,61,3,102,52,66,20,89,41,54,90,58,93,88,98,26,133,13,132,131,84,109,104,97,47,96,21,127,122,134
4,1
78,110,103,132,29,14,72,26,41,58,134,22,17,74,123,95,126,57,37,81,1,135,105,5,49,12,48,130,104,52,59,25,60,116,71,18,11,69,109,93,67,39,33,91,107,66,75,6,90,16,79,27,101,3,87,23,83,43,124,115,64,34,46,117,112,129,65,108,94,133,13,40,2,86,24,4,82,125,106,56,38,89,70,61,111,21,114,80,131,44,28,100,31,96,92,45,30,102,120,55,84,122,9,51,97,20,121,128,0,88,118,98,73,32,8,54,36,53,68,85,76,47,35,19,10,7,99,62,42,119,77,15,127,113,50,63
6,6
85,7,42,20,66,35,121,13,51,40,52,74,122,104,0,36,96,72,50,47,23,17,33,132,107,117,125,12,3,37,59,73,55,130,22,16,133,83,32,114,95,64,81,75,113,24,105,14,79,119,28,38,115,131,109,82,41,10,77,93,31,71,86,49,46,78,19,94,108,44,26,27,88,68,8,56,101,58,21,103,39,48,15,128,53,65,2,30,84,120,80,9,60,111,118,34,91,100,106,25,63,110,6,127,129,92,67,70,126,45,89,18,11,43,62,5,57,116,1,124,135,76,29,87,123,99,112,97,98,61,134,69,102,4,90,54
1,3
68,76,31,60,98,18,133,107,54,17,30,42,45,70,118,113,24,75,83,100,101,40,36,71,121,21,77,135,38,116,74,114,86,104,11,112,109,8,3,20,10,15,49,126,89,35,58,73,14,55,53,64,124,88,102,84,13,33,99,7,106,105,123,90,103,63,32,16,127,27,117,52,44,48,23,57,131,110,108,119,91,132,22,95,19,66,96,129,67,0,115,29,128,26,92,37,111,97,12,82,69,46,2,93,4,72,79,51,81,87,59,65,34,134,61,62,78,5,125,39,85,130,120,43,47,9,80,50,25,94,6,56,1,28,41,122
1,5
101,8,63,105,131,97,48,87,37,129,47,9,84,65,6,13,79,39,58,2,22,19,70,76,54,119,31,64,7,71,16,14,51,53,118,108,35,33,133,102,75,5,26,126,134,114,132,36,90,27,98,94,23,93,57,74,0,95,128,45,123,122,32,110,130,86,34,73,135,69,20,121,124,117,96,68,116,61,125,112,106,17,115,15,59,55,103,40,107,92,11,127,82,83,100,50,42,77,91,24,30,52,43,28,60,49,25,62,29,12,99,111,4,67,56,46,109,38,104,18,89,120,10,85,1,3,66,81,78,72,21,80,88,113,41,44
4,3
71,109,91,121,107,29,99,108,103,114,115,64,111,67,57,75,36,2,68,39,66,24,95,27,23,42,125,130,16,106,110,56,65,78,77,5,122,34,70,52,133,92,43,120,126,37,113,50,73,38,62,40,28,101,33,123,104,124,14,83,128,132,22,88,72,44,116,63,80,26,94,81,98,60,89,7,41,4,69,131,8,117,0,85,3,100,118,10,79,59,15,25,19,61,96,31,51,74,12,20,21,127,97,87,135,18,45,119,35,54,17,55,48,13,11,82,47,32,1,53,9,112,76,6,86,102,90,30,49,46,58,105,84,93,134,129
5,3
116,2,92,87,55,133,46,74,64,63,73,17,26,61,22,126,60,75,128,40,5,104,125,50,27,30,3,101,62,43,93,68,38,102,69,8,134,97,83,119,28,103,130,94,32,39,48,81,23,19,70,54,59,72,135,115,12,16,9,121,67,10,18,79,114,131,7,90,113,99,88,52,98,49,15,127,100,82,37,80,53,77,117,11,47,65,91,84,20,21,29,105,14,57,123,58,118,36,95,13,4,6,132,78,71,45,108,66,51,24,129,124,106,42,56,120,86,109,44,107,96,85,33,122,41,0,111,112,35,110,31,1,89,76,25,34
1,5
63,76,25,78,30,28,91,14,109,128,115,19,110,97,42,22,1,61,116,59,95,60,75,29,112,114,127,67,55,50,47,11,51,111,0,53,118,107,101,17,74,37,33,36,133,125,12,2,49,66,117,9,43,105,6,4,104,68,120,80,124,121,132,24,38,18,108,87,92,54,106,85,129,93,65,83,79,48,46,64,77,15,32,45,3,58,34,62,82,99,41,103,84,13,57,40,35,20,71,52,21,113,131,119,89,88,8,123,90,44,31,26,102,27,135,73,81,5,23,98,134,94,10,39,126,86,130,7,96,72,56,69,100,70,16,122
2,5
85,37,31,119,98,72,21,19,10,58,18,135,86,133,59,25,63,55,41,113,121,112,15,128,33,30,76,40,3,26,38,130,7,22,73,14,126,79,42,87,60,111,27,24,9,129,93,39,94,45,52,67,115,12,88,120,101,84,103,104,29,127,123,56,13,69,78,6,62,20,105,77,95,54,70,106,96,36,80,71,91,68,16,75,89,64,83,1,28,110,32,124,47,122,61,100,131,43,134,90,11,53,8,46,116,50,81,92,125,66,107,99,108,5,118,34,109,132,17,102,49,44,23,97,57,35,4,51,65,2,48,114,117,74,0,82
2,6
113,80,131,6,34,67,11,110,125,88,118,74,13,32,15,53,29,36,68,38,37,63,105,16,25,24,112,81,61,99,130,39,116,17,46,78,126,133,60,100,8,48,90,82,40,70,77,101,28,14,5,79,117,7,134,64,1,42,120,123,129,35,128,75,54,3,103,85,104,121,22,119,93,107,62,10,111,30,92,20,33,26,51,27,114,47,94,19,86,31,0,89,58,2,71,21,122,73,135,45,23,18,49,72,55,124,127,95,97,109,44,106,9,69,98,76,59,41,43,115,87,52,12,57,56,4,84,96,65,83,91,66,108,102,132,50
4,4
109,27,107,22,64,69,5,95,47,12,77,37,15,85,25,49,132,65,92,127,100,48,60,33,59,116,101,16,39,10,120,106,55,46,1,83,133,105,20,75,119,40,82,32,58,6,123,130,17,63,72,118,54,67,103,94,31,84,62,42,88,114,126,38,125,35,4,56,96,57,129,14,74,13,86,44,115,102,110,11,91,28,134,21,26,81,121,3,66,19,117,30,97,53,73,111,128,80,122,45,18,70,7,90,29,87,23,34,68,41,78,99,124,43,104,52,0,131,71,108,93,51,24,50,113,61,112,76,89,2,36,98,8,79,135,9
1,3
50,78,122,44,76,125,6,97,45,38,34,87,101,46,116,94,128,28,86,57,11,109,3,65,85,82,104,51,62,1,27,130,64,69,108,103,84,132,83,70,81,71,20,133,114,107,105,89,111,40,113,29,73,21,127,131,55,134,31,61,16,126,5,59,118,135,10,25,77,120,123,32,39,18,49,88,17,96,75,14,119,22,80,35,72,90,115,117,33,60,106,47,0,66,41,67,102,79,95,43,7,56,52,23,30,24,8,91,110,121,98,99,92,13,48,26,63,68,129,37,112,54,124,36,58,53,4,19,2,100,12,74,15,42,9,93
3,6
135,35,6,118,109,28,92,8,60,78,70,30,116,0,128,32,98,21,99,103,55,71,77,93,89,100,3,18,52,12,68,74,112,131,104,122,39,33,119,49,11,85,51,16,76,14,125,4,88,102,7,27,17,83,66,37,15,134,46,96,73,59,26,19,43,82,53,20,124,95,13,9,91,29,63,106,127,61,57,40,23,81,113,133,80,45,25,42,114,108,115,129,10,86,107,41,111,110,48,56,123,84,58,97,132,31,1,105,117,50,36,34,65,130,79,69,72,67,5,47,2,24,44,94,126,101,22,90,38,87,75,120,121,54,62,64
4,2
133,88,56,130,33,3,38,44,31,57,128,102,84,119,32,70,47,39,131,132,1,120,58,113,82,66,86,48,95,124,126,2,41,73,40,67,122,91,93,34,114,20,110,14,127,78,53,77,99,23,103,101,61,24,26,118,27,5,10,80,108,121,46,89,97,71,92,60,96,112,25,117,134,68,43,0,52,18,21,9,13,109,65,45,90,16,54,123,51,111,59,37,85,106,30,19,4,79,64,83,94,28,22,55,135,107,11,104,7,6,75,87,129,50,42,63,81,76,36,105,15,100,116,29,62,125,98,17,8,49,74,115,72,35,69,12
2,2
73,60,29,66,25,77,103,51,110,36,94,75,113,33,106,8,98,57,4,131,124,128,20,65,119,26,82,67,7,125,121,19,96,95,28,52,59,105,79,18,78,118,111,11,102,21,27,30,74,31,135,48,71,116,104,107,122,64,55,108,112,87,53,50,37,123,44,3,81,117,70,54,22,130,17,133,39,62,63,5,72,1,93,100,40,24,32,9,10,84,68,45,69,56,126,129,6,80,86,99,34,12,13,132,97,114,42,88,61,101,2,90,83,35,38,92,14,41,16,23,47,76,115,0,127,89,46,109,15,91,120,85,134,43,49,58
4,5
2,31,29,114,118,119,10,40,81,25,30,108,43,107,90,91,89,122,110,67,51,50,124,47,75,135,131,79,44,68,53,109,57,83,73,106,46,127,72,66,134,62,22,52,54,85,92,39,93,121,71,59,34,103,132,23,86,117,69,99,18,6,77,100,45,36,35,4,41,7,11,101,38,55,26,126,133,0,115,96,125,98,58,21,49,116,33,70,74,28,5,129,20,13,63,19,105,97,84,60,16,61,48,64,111,80,112,104,65,128,102,123,12,78,1,9,14,88,94,37,130,24,15,87,95,17,27,3,82,76,42,56,8,113,120,32
4,1
70,59,35,88,96,93,83,51,115,106,15,109,120,127,38,75,113,66,128,73,91,57,9,76,13,27,72,84,104,44,21,90,54,77,62,45,97,61,19,102,23,132,67,103,40,47,1,117,17,2,110,131,130,78,108,29,85,89,122,82,16,20,100,79,31,124,25,87,95,86,43,111,28,46,58,126,94,65,125,18,14,55,60,24,32,36,0,81,92,4,99,112,7,8,5,34,68,56,80,3,26,105,53,48,121,10,133,98,52,33,116,30,69,41,6,74,135,123,37,118,22,119,63,49,129,107,11,42,12,64,50,101,134,114,71,39
4,5
117,86,125,82,101,20,92,74,18,123,45,60,88,120,39,41,58,102,122,51,55,129,90,79,78,69,57,30,23,61,34,9,119,28,124,62,130,5,37,96,134,16,73,14,3,47,91,89,43,99,35,116,109,36,4,38,115,40,87,25,77,10,76,27,126,49,106,42,111,2,127,71,70,104,22,15,98,0,133,29,97,33,128,72,7,59,66,54,12,103,121,32,112,114,95,105,93,1,110,135,80,64,107,68,48,94,21,84,24,52,85,50,131,13,67,118,26,100,63,46,56,81,75,65,17,108,83,132,6,31,44,11,53,8,113,19
6,5
17,76,33,109,132,70,28,23,87,15,121,29,26,9,73,106,64,72,41,80,102,67,113,133,20,98,55,39,42,2,44,75,111,62,0,103,134,54,36,51,38,119,57,12,53,114,78,5,21,74,60,101,68,77,91,52,122,35,92,123,93,131,65,10,116,7,105,47,81,112,11,118,46,85,90,31,6,49,94,50,117,115,3,30,13,63,18,43,56,32,107,104,99,4,83,129,22,27,8,86,95,61,127,37,40,34,66,126,88,19,45,16,108,110,25,128,135,48,82,79,24,120,96,130,58,124,59,1,14,125,100,84,69,97,71,89
5,4
22,100,83,89,90,42,105,59,0,16,53,23,45,121,81,132,25,102,122,135,29,82,38,77,6,56,11,129,68,109,26,126,79,72,60,75,61,14,52,31,57,58,3,73,125,131,112,123,133,67,95,51,13,98,117,21,24,91,55,17,47,1,30,18,33,28,63,118,48,114,124,93,74,66,113,115,99,128,134,106,71,5,2,44,54,107,40,70,104,130,64,87,34,101,10,86,50,46,49,4,94,12,32,116,127,88,62,96,7,27,103,84,19,110,20,92,85,76,97,65,15,35,39,108,69,9,78,36,41,119,43,80,37,111,120,8
4,5
80,21,51,12,39,90,114,36,46,60,69,83,118,58,128,85,98,28,61,109,18,122,72,6,111,66,82,2,78,22,97,117,11,129,4,55,37,95,32,110,68,27,8,16,38,59,56,17,86,119,94,23,81,1,33,134,103,34,65,5,45,30,44,96,113,100,130,75,73,20,107,99,31,126,87,74,25,112,102,47,64,10,135,123,93,50,0,71,24,89,105,14,7,48,54,53,70,127,67,42,76,77,62,115,52,131,29,133,101,49,106,92,124,57,121,26,88,91,132,63,125,84,79,120,40,43,116,15,41,3,108,9,13,19,104,35
1,4
132,33,4,3,92,90,102,39,32,55,78,19,36,124,23,12,0,121,10,100,133,74,67,83,17,127,123,53,57,130,125,2,72,106,66,20,15,109,54,122,87,14,71,61,9,97,45,64,76,28,37,46,1,134,105,119,42,70,25,34,104,13,101,69,35,31,52,21,41,110,99,30,22,68,6,126,77,24,103,60,95,115,84,96,85,128,82,120,7,65,98,38,117,114,49,118,11,18,47,113,129,59,135,108,27,63,112,111,107,48,131,29,80,116,86,62,8,16,40,81,88,58,79,51,73,50,43,5,75,89,56,44,91,93,94,26
2,6
27,29,106,129,31,59,8,72,115,118,9,116,64,78,79,46,57,110,41,134,75,128,3,62,21,28,17,124,92,1,89,7,10,125,130,71,61,96,42,101,103,65,70,34,52,107,39,76,36,111,109,14,25,47,123,51,84,2,37,35,49,11,67,122,55,121,104,5,74,127,85,98,133,54,13,99,38,53,33,26,45,68,66,56,12,32,23,132,43,95,94,22,19,119,0,63,40,48,83,108,77,44,97,82,18,135,16,117,30,4,90,100,73,80,87,24,81,91,20,58,102,50,126,114,15,105,113,69,120,112,131,86,88,60,93,6
2,4
134,64,98,29,78,107,124,57,56,82,101,6,132,25,28,114,60,90,15,115,88,67,126,135,89,80,24,16,130,7,54,41,99,108,26,102,33,92,85,110,23,73,69,125,84,59,50,72,71,10,127,117,122,38,53,95,106,2,1,32,22,96,66,105,30,76,112,111,11,52,55,9,21,58,103,36,65,75,79,5,68,100,18,0,93,48,20,4,3,12,131,31,113,44,17,123,34,97,61,19,129,94,46,40,133,86,119,8,120,77,45,104,118,121,87,49,128,81,70,43,51,83,42,47,39,63,91,116,109,14,35,27,13,62,74,37
4,6
82,8,72,75,50,87,60,20,19,90,69,121,44,3,6,40,105,37,35,58,56,7,12,70,25,54,126,103,106,31,26,62,114,33,110,24,78,5,27,4,68,74,15,96,63,117,98,39,129,123,94,13,84,21,93,32,104,99,118,108,80,115,55,9,29,34,67,132,130,23,127,49,10,46,30,91,124,100,14,131,113,92,102,66,125,73,11,85,28,81,71,111,41,135,128,45,43,86,18,0,119,109,76,116,36,134,95,64,107,89,42,112,59,53,38,77,1,122,61,52,65,22,2,88,57,17,101,133,97,83,16,120,51,48,47,79
1,6
116,60,5,134,56,114,100,38,105,88,89,16,24,41,91,102,29,64,76,8,129,121,87,123,66,80,7,127,109,26,106,61,9,17,28,77,83,112,53,21,57,13,50,6,33,85,51,94,74,40,117,132,45,90,43,52,15,30,98,96,0,97,23,113,128,135,86,130,37,107,103,44,70,42,65,36,81,25,72,131,10,11,69,47,27,95,133,62,35,46,32,125,19,99,12,55,75,92,119,2,126,110,67,18,34,82,104,101,118,93,58,68,73,31,120,14,63,48,20,115,79,78,4,111,108,3,1,71,54,59,124,84,22,39,122,49
2,6
38,70,91,7,46,97,26,128,24,104,108,112,60,13,131,39,14,5,82,84,51,122,71,130,99,132,29,110,118,49,55,16,30,86,113,67,83,126,10,77,21,88,52,105,20,115,42,120,17,114,87,58,107,36,62,109,94,92,73,59,68,31,111,61,76,27,78,133,11,63,56,134,80,41,64,106,18,47,72,45,25,57,79,19,125,96,66,119,81,50,53,34,6,129,65,33,121,124,12,22,37,103,117,1,93,74,90,54,23,2,75,35,123,44,40,89,43,116,3,8,95,28,0,69,4,85,9,98,48,15,102,101,32,127,100,135
3,5
76,93,4,133,27,125,120,25,123,95,20,88,101,89,15,56,49,2,7,92,16,99,0,80,5,10,61,70,103,114,39,1,96,113,60,71,67,112,91,28,107,18,77,57,59,106,43,12,108,115,79,83,47,126,124,109,50,82,33,130,54,110,36,121,98,104,29,8,62,87,78,11,131,21,34,63,45,42,117,44,14,22,3,38,41,51,111,65,69,72,48,132,134,84,97,75,128,102,24,46,122,129,85,64,94,19,118,30,26,127,135,90,35,13,31,81,32,53,100,52,105,40,74,55,116,66,68,73,86,58,17,23,37,9,6,119
3,3
10,28,47,119,57,94,19,53,115,123,87,37,16,82,73,30,72,76,121,120,66,65,59,69,44,74,130,96,35,39,95,41,13,134,88,27,63,67,9,92,6,24,93,85,55,91,70,127,4,56,111,114,12,80,5,34,1,38,60,108,77,133,89,104,124,131,7,0,75,64,84,15,79,86,48,25,110,118,68,45,97,71,105,100,43,61,109,128,11,106,83,99,50,31,125,98,58,129,20,3,22,29,54,36,122,132,116,21,14,90,78,46,42,40,101,62,17,112,33,117,103,49,32,23,8,107,81,18,51,102,126,2,52,135,113,26
4,4
76,39,10,114,1,126,60,128,110,65,99,9,69,27,71,104,95,98,42,81,91,11,58,67,23,135,40,83,17,116,109,66,16,111,38,61,103,108,113,130,15,70,50,54,44,73,22,86,25,89,92,46,45,82,133,63,57,53,14,134,85,105,62,77,127,28,64,55,36,79,56,112,8,33,124,68,4,0,122,117,72,30,90,131,100,107,94,12,132,24,3,49,51,129,119,21,78,120,13,41,84,2,20,31,47,18,29,52,34,6,97,102,87,88,37,35,118,106,123,43,19,93,59,48,75,121,115,32,26,5,96,101,7,74,80,125
6,6
28,101,128,112,96,57,70,0,13,67,120,131,37,58,43,35,105,125,79,40,56,51,55,64,68,92,22,47,123,111,76,2,124,31,61,11,130,27,87,82,69,9,106,1,65,30,103,84,109,54,41,32,48,24,17,33,98,15,10,60,78,102,115,121,8,26,21,5,75,99,108,34,81,94,80,129,90,14,20,107,89,127,97,36,23,86,116,29,44,95,53,126,12,118,66,3,18,122,91,63,52,7,132,113,59,114,45,133,42,117,119,62,93,83,88,46,110,25,74,6,77,50,39,100,19,134,16,4,73,71,104,85,38,49,72,135
5,2
47,41,60,22,110,127,134,55,122,107,114,92,98,49,17,56,79,50,2,121,77,42,81,37,30,53,18,116,112,10,26,36,85,16,86,25,71,52,13,57,54,133,40,48,76,14,82,62,43,27,8,97,100,0,23,115,128,93,51,106,84,5,32,96,126,44,108,88,120,38,111,39,29,123,129,83,118,11,130,135,61,6,78,12,132,91,28,119,80,7,34,21,124,101,33,4,73,125,113,67,104,70,15,59,87,35,65,45,75,1,72,74,94,105,66,109,46,68,31,63,20,131,99,69,3,102,58,117,95,64,103,9,89,19,90,24
5,4
24,23,60,36,97,107,116,52,62,73,121,87,86,27,40,129,102,111,16,54,88,25,75,131,11,49,34,74,123,2,81,55,84,119,39,8,44,89,83,124,31,67,120,99,117,4,51,63,32,71,1,53,13,59,76,30,108,105,122,128,46,61,103,17,118,130,7,26,0,110,134,77,56,42,98,91,72,78,92,66,38,12,10,85,95,100,104,14,28,115,3,33,37,127,112,101,20,29,35,126,19,90,50,15,82,43,6,57,94,133,48,79,9,68,96,65,22,69,41,106,58,21,114,18,113,135,93,64,5,47,80,45,125,132,70,109
6,4
91,73,112,132,38,69,5,104,64,70,16,129,54,56,44,133,122,41,17,130,124,28,14,74,45,99,49,29,79,46,87,109,86,121,22,75,131,117,89,30,33,1,120,55,6,61,60,102,39,4,58,135,57,31,80,84,92,94,50,15,72,90,119,85,118,40,108,19,76,8,11,34,110,7,47,134,95,123,25,116,82,98,32,115,83,77,9,100,20,23,63,103,13,105,43,0,21,71,113,27,48,26,101,53,2,106,114,128,52,36,42,78,62,18,65,81,96,24,3,111,68,127,51,35,126,12,37,66,97,67,88,107,125,59,93,10
3,4
91,11,134,37,108,76,102,57,114,48,112,26,30,85,92,83,58,65,13,9,8,44,54,27,113,47,73,82,46,97,10,104,110,3,51,77,31,123,29,88,53,62,24,17,93,133,106,132,38,14,23,98,6,45,19,66,1,122,43,100,71,4,107,75,84,128,124,55,80,118,7,40,22,18,96,34,12,35,60,89,90,0,111,41,25,20,120,39,121,79,126,16,101,94,129,59,28,21,130,125,32,64,56,87,36,42,5,109,33,50,61,15,131,127,81,72,69,117,119,49,95,67,78,99,68,105,116,115,86,2,103,70,135,52,74,63
1,5
105,73,98,22,108,59,124,61,116,14,20,45,10,0,107,11,44,17,67,76,7,16,38,63,88,69,129,94,126,106,55,75,77,13,40,92,26,100,123,127,36,85,24,133,62,52,78,60,48,49,80,83,70,131,101,103,115,90,91,89,23,71,47,37,109,8,79,121,114,95,56,51,19,32,43,125,41,3,111,21,2,110,130,33,53,25,119,87,1,104,15,120,42,99,117,28,31,30,134,58,135,72,128,9,74,81,68,64,34,82,39,4,118,86,65,84,122,18,57,35,102,6,12,27,93,112,46,96,66,132,97,29,54,5,113,50
2,5
2,62,127,59,38,66,10,16,116,107,131,57,87,82,34,95,0,33,84,104,76,17,19,6,12,9,35,126,129,96,69,101,121,98,5,117,54,112,3,120,56,30,110,64,86,58,68,18,45,4,65,102,94,135,71,42,55,122,24,113,75,28,124,52,108,105,115,63,61,23,89,47,81,50,97,72,20,79,80,1,8,22,73,40,43,7,51,37,130,31,49,41,27,133,32,125,118,74,48,83,78,29,93,100,119,36,67,128,109,90,91,92,134,21,13,111,77,25,39,99,53,15,114,106,123,85,46,44,11,14,70,26,60,103,132,88
2,3
86,124,29,100,96,43,19,92,81,28,79,16,73,15,75,64,8,113,45,117,103,84,89,116,107,71,55,119,85,38,74,7,126,40,20,60,120,49,33,59,82,94,46,17,129,78,130,67,54,106,135,10,24,47,44,109,88,128,125,5,134,102,48,65,108,51,63,50,91,27,99,122,111,34,105,31,12,9,30,98,53,61,115,72,133,41,93,121,3,77,37,58,68,70,90,0,22,66,36,76,26,114,97,132,123,39,35,21,110,101,11,87,42,83,104,13,131,25,14,6,57,4,80,127,32,56,18,95,1,62,112,2,52,118,69,23
2,6
82,53,0,48,132,119,97,59,30,54,107,73,112,4,60,33,26,94,37,55,130,13,16,41,22,71,72,88,85,115,40,83,95,29,64,108,77,80,6,7,23,19,98,113,52,18,126,109,129,100,104,50,43,11,116,99,121,10,74,103,51,89,63,61,67,68,93,45,122,106,15,25,127,47,124,17,75,78,56,87,12,131,117,123,21,105,134,9,20,135,90,91,101,24,62,34,14,46,39,118,44,84,3,35,86,70,120,76,79,110,81,8,92,42,69,32,114,28,58,38,128,1,2,111,36,31,102,96,49,27,125,133,66,65,57,5
5,4
61,9,45,51,105,12,107,3,108,90,87,4,7,94,89,24,49,122,104,54,130,18,47,16,132,52,109,114,76,26,67,0,60,27,95,2,98,111,53,117,78,83,58,77,124,17,29,97,106,14,48,68,1,39,38,81,31,123,22,71,88,30,126,72,80,120,127,113,21,93,101,25,69,116,85,125,6,15,57,8,70,56,75,86,84,134,121,92,74,32,59,135,5,82,23,62,34,63,46,99,96,33,131,43,103,119,36,28,100,129,66,64,10,20,42,19,115,118,13,40,11,41,55,79,102,128,133,35,112,44,73,91,37,110,65,50
5,1
126,4,23,105,50,123,73,81,96,38,122,76,117,93,86,10,134,33,119,70,39,8,107,103,48,114,65,112,56,108,110,46,30,100,60,80,63,51,106,115,13,55,89,97,120,36,17,24,41,40,111,109,54,22,5,71,132,133,25,14,90,7,64,124,9,35,118,1,67,121,91,92,29,0,43,28,82,16,58,78,42,135,113,15,102,85,19,95,127,18,34,99,74,32,125,88,72,84,69,45,75,116,83,61,44,37,57,59,98,131,12,101,31,21,79,53,68,77,87,2,62,20,27,129,94,6,128,26,66,104,3,11,49,52,47,130
4,4
28,38,44,77,41,128,87,35,39,117,82,99,33,48,92,15,2,59,50,135,24,131,91,25,73,65,42,70,86,22,96,97,95,85,47,124,60,100,43,12,129,112,84,30,57,68,26,64,14,123,45,31,56,62,109,122,7,1,102,130,23,72,3,126,10,78,4,11,114,120,69,93,63,103,8,104,58,16,80,55,29,51,133,36,127,113,105,54,125,0,71,61,134,121,66,132,94,52,79,98,108,13,83,74,21,116,40,81,9,76,46,101,115,20,111,119,5,89,75,118,53,37,49,32,106,6,19,90,27,18,110,88,67,17,107,34
5,5
52,117,46,40,15,102,118,132,12,127,128,110,76,56,31,73,18,21,94,93,80,58,71,9,122,22,27,123,91,14,43,64,104,19,112,55,134,133,2,28,125,82,61,114,116,36,67,17,34,126,8,66,105,121,50,89,23,7,98,68,45,107,41,113,84,86,38,108,0,13,32,111,59,75,124,83,47,33,97,48,109,103,35,1,60,90,99,88,5,65,96,4,135,29,16,77,26,57,131,63,54,24,115,69,44,37,130,106,70,79,87,11,120,10,30,119,78,85,49,25,74,101,39,62,42,100,129,3,92,81,6,20,51,72,53,95
2,4
20,133,27,88,115,65,117,50,61,34,33,37,55,111,28,129,12,18,127,131,122,79,19,9,73,39,36,68,52,32,87,62,66,35,135,14,43,40,29,15,97,70,0,128,90,74,113,58,56,84,104,31,94,25,119,30,107,38,106,48,81,102,47,89,64,124,5,8,67,42,51,91,118,120,110,85,108,105,76,72,126,83,103,78,92,69,109,86,16,22,80,7,95,98,96,54,41,1,75,59,13,53,60,112,21,99,132,125,3,10,134,100,4,77,82,101,44,23,116,26,49,121,24,17,6,123,130,93,2,57,71,45,63,46,11,114
6,5
128,37,74,18,11,88,41,6,4,2,50,34,40,21,26,65,27,113,94,55,105,12,129,28,15,49,109,45,73,60,31,14,85,102,100,108,95,56,114,120,67,110,54,81,127,77,44,92,86,97,124,42,22,24,17,89,66,59,64,93,8,3,121,9,125,13,0,118,87,75,7,69,53,78,68,71,23,79,82,76,70,38,52,99,115,133,131,10,117,80,132,32,51,33,90,123,30,111,96,106,48,36,35,63,112,58,57,62,39,19,84,83,119,25,43,91,46,101,16,126,98,1,122,47,135,103,116,20,130,104,61,72,134,107,5,29
4,2
72,15,91,129,127,87,13,134,38,84,132,11,20,118,88,3,101,18,114,61,44,45,95,104,29,25,68,5,103,112,113,124,116,32,67,97,4,1,102,66,77,122,133,21,79,82,106,52,33,7,110,121,111,34,107,125,130,99,100,62,16,105,46,22,75,115,31,71,51,6,24,23,76,98,108,119,56,70,53,73,41,42,27,94,126,10,78,43,131,57,2,135,59,0,64,37,120,86,109,19,50,74,48,93,85,54,63,123,81,65,28,60,12,92,14,89,55,90,117,49,9,8,83,58,96,40,128,35,26,30,39,47,17,36,80,69
2,4
73,8,15,11,45,134,38,51,57,52,71,31,49,91,109,34,47,67,74,72,23,103,32,114,132,119,94,129,100,24,2,70,6,27,99,80,16,118,10,125,121,90,30,112,66,5,54,43,77,7,21,105,84,113,68,26,59,111,96,128,93,92,55,69,17,75,62,19,89,20,135,130,9,108,25,1,61,53,63,60,115,79,18,126,48,58,82,41,87,102,122,13,76,65,127,56,4,86,120,83,95,81,101,98,3,116,33,106,131,64,28,124,50,14,78,97,110,40,12,29,0,133,85,123,104,37,107,22,44,35,36,39,117,42,88,46
3,2
28,116,78,71,86,38,35,12,124,27,92,133,42,64,127,79,89,50,57,44,102,48,74,121,55,13,101,26,109,96,21,1,3,52,45,88,103,111,65,106,49,120,115,125,2,98,85,82,20,30,80,73,54,63,51,99,47,19,77,84,70,61,36,17,7,4,46,131,81,29,25,129,53,32,5,9,132,104,107,68,90,39,41,134,24,95,15,18,58,118,123,110,67,37,34,23,108,72,94,87,119,33,43,83,112,40,56,59,6,16,76,62,10,117,31,113,93,75,100,8,11,130,0,60,126,97,66,91,114,128,122,105,69,135,22,14
3,5
82,129,58,109,38,100,126,68,12,119,8,16,29,10,35,24,120,36,48,69,43,117,78,108,90,7,74,21,61,83,42,52,135,105,22,67,0,46,26,128,28,20,11,121,96,79,110,91,97,6,19,80,66,9,4,64,81,94,40,65,124,55,72,60,33,131,125,17,41,5,86,99,49,57,98,84,47,114,70,50,115,71,73,77,122,89,32,18,1,127,134,75,123,106,118,54,23,34,132,3,130,112,37,63,87,76,104,30,2,62,51,13,56,103,88,93,15,95,59,111,31,25,113,102,101,116,53,107,27,133,92,44,39,14,85,45
4,2
15,130,21,84,93,76,75,59,42,103,113,61,27,47,28,134,83,119,9,26,60,127,123,73,122,48,19,82,55,104,131,65,35,78,89,24,36,126,2,25,52,106,100,32,118,96,68,72,40,128,30,69,12,88,120,43,4,0,114,112,51,18,38,66,67,49,125,74,23,77,102,37,135,107,71,46,110,86,5,57,3,132,87,99,29,97,117,63,11,80,44,56,17,90,92,101,91,53,85,14,111,124,79,81,33,109,70,13,1,7,41,58,133,8,22,50,129,54,95,34,94,108,45,20,10,116,6,31,115,16,121,64,39,105,62,98
3,4
85,104,129,48,1,36,109,3,49,45,35,15,47,46,132,13,62,108,18,59,44,61,97,112,19,8,6,4,52,133,80,76,38,102,94,122,92,131,87,99,101,9,126,60,83,30,110,71,117,135,31,98,0,72,55,24,77,91,79,54,100,134,70,86,33,65,74,128,57,11,22,119,81,51,130,63,16,88,127,75,28,64,78,66,67,103,89,29,37,115,84,121,12,90,50,125,96,23,40,21,26,25,69,82,2,118,68,113,39,17,93,14,5,123,32,58,105,95,116,20,53,107,106,56,27,114,120,41,124,43,111,34,73,7,10,42
1,1
28,30,72,59,34,87,57,104,70,105,2,5,37,79,97,98,53,54,29,3,4,93,122,61,6,16,125,45,17,106,101,103,132,89,47,67,62,110,50,121,115,32,15,49,111,51,113,41,134,13,55,90,117,116,56,48,73,1,40,127,119,77,102,76,135,86,71,133,100,118,107,11,58,94,20,124,78,9,18,114,7,14,23,126,129,33,35,123,21,44,85,10,19,128,69,26,84,130,96,74,39,42,24,36,25,92,64,112,12,131,109,108,65,60,83,81,63,27,99,68,91,75,120,43,38,95,88,66,46,82,31,8,0,52,80,22
2,6
68,97,50,89,52,0,13,87,82,7,17,86,1,64,34,15,109,118,24,9,79,69,134,74,133,21,47,55,33,40,119,75,107,123,84,83,27,20,2,12,104,60,122,116,114,49,103,48,106,5,19,76,129,39,14,28,58,88,41,100,120,92,108,85,101,127,80,18,81,112,37,38,26,22,131,94,6,72,117,25,62,3,4,130,36,63,31,57,16,110,59,46,65,96,29,32,90,66,35,125,102,95,30,51,73,53,10,124,135,43,91,23,121,70,111,132,113,67,128,78,61,56,115,126,11,105,54,99,44,71,45,93,8,77,42,98
3,3
33,10,14,48,53,19,6,104,120,40,97,107,130,36,11,24,58,105,4,60,111,17,28,134,133,89,74,110,8,23,21,121,30,118,109,83,103,76,106,94,64,32,102,93,50,124,66,68,95,31,1,61,85,5,22,119,43,62,29,39,16,96,44,101,81,59,86,84,108,73,65,52,9,98,78,115,63,128,55,46,90,88,56,42,2,79,114,25,0,67,71,116,92,70,125,75,54,122,34,35,132,80,57,13,129,12,37,77,15,45,72,69,51,38,127,7,113,3,100,123,99,91,112,41,49,27,87,117,47,82,131,20,126,18,26,135
1,6
134,79,42,100,12,103,72,33,3,125,128,64,108,37,115,94,60,52,101,54,83,92,10,81,88,59,30,19,131,118,96,46,57,6,133,98,71,69,49,58,4,18,89,21,80,22,102,39,85,67,123,27,121,106,95,11,15,38,26,50,117,111,8,14,73,122,104,34,13,40,63,20,86,17,23,41,129,2,28,105,116,87,78,32,84,45,99,120,25,110,135,77,9,109,130,51,70,91,65,90,35,68,126,97,93,16,36,124,5,119,7,55,113,112,61,82,56,47,62,107,66,1,127,74,43,114,132,44,29,48,0,75,53,24,76,31
4,5
123,19,69,94,38,85,108,7,99,32,65,87,116,45,51,68,30,79,89,8,29,11,135,66,122,74,72,50,20,47,98,59,95,111,117,118,5,49,107,17,109,70,132,27,105,21,130,3,34,60,1,82,129,2,64,131,31,53,73,119,55,120,83,15,76,81,97,26,48,56,75,134,18,71,57,102,90,40,86,25,100,9,12,43,104,0,35,128,54,126,91,61,77,52,106,6,10,127,115,63,92,88,80,23,96,121,14,42,67,113,41,37,101,62,13,4,22,124,114,125,84,36,24,44,39,16,133,28,112,46,110,58,78,103,93,33
3,6
37,6,29,61,7,81,68,79,95,34,56,63,112,18,25,76,104,16,114,50,135,48,108,117,40,31,57,14,88,89,10,83,24,113,128,43,121,33,72,119,91,78,75,90,66,47,122,71,131,94,87,86,96,12,84,35,107,123,2,126,21,120,27,28,134,133,45,73,42,106,70,60,111,44,17,38,100,64,93,65,102,101,59,58,110,77,26,69,32,82,1,132,51,39,3,5,49,52,22,15,115,85,125,127,130,129,36,80,92,30,62,4,23,55,103,41,74,13,53,19,54,124,97,0,8,116,46,98,109,118,67,99,11,9,20,105
6,1
14,122,110,40,35,53,95,80,55,93,19,2,126,69,9,4,38,114,0,67,47,117,29,30,56,120,15,77,101,12,7,108,28,49,65,107,79,6,17,98,21,5,66,8,123,73,82,131,111,74,44,132,39,119,97,3,62,121,37,81,87,103,52,118,129,76,71,92,113,1,90,50,11,125,45,24,99,84,59,63,58,60,109,72,42,33,23,88,31,25,102,85,116,134,112,70,27,75,133,57,22,86,124,128,89,105,94,130,68,78,54,115,83,43,64,32,26,61,51,34,106,36,96,91,16,18,100,104,46,135,10,41,127,13,20,48
4,2
88,59,12,60,115,72,83,6,68,71,96,87,129,105,51,64,130,121,127,73,10,81,75,28,49,128,56,131,37,110,34,41,112,98,108,100,107,99,118,94,2,24,40,46,27,21,23,67,74,82,109,113,84,22,79,102,86,14,90,70,55,29,104,101,62,133,117,48,135,8,85,66,47,5,111,120,124,39,91,106,20,4,123,11,30,125,15,114,54,36,80,103,1,126,69,92,38,53,25,9,32,35,65,0,63,119,95,57,76,97,116,18,42,7,33,52,61,77,13,122,78,134,50,132,26,89,93,19,44,58,31,16,3,17,43,45
3,3
