106,63,126,46,117,112,95,123,113,40,11,133,99,36,86,111,81,71,73,104,75,72,88,64,129,74,8,33,44,69,124,22,110,118,58,53,27,9,0,59,135,119,132,60,35,25,37,97,45,89,91,50,21,94,43,15,38,77,115,83,23,29,101,92,65,105,127,116,109,134,49,122,18,6,10,28,85,68,51,96,131,14,47,107,84,78,54,87,100,41,108,20,102,66,125,80,70,24,103,32,121,39,1,128,61,5,93,114,4,3,90,31,98,82,57,56,7,13,76,2,67,42,130,120,26,12,30,55,52,79,62,17,34,19,16,48
3,3
93,16,39,129,59,69,103,80,21,34,104,12,123,90,102,8,28,91,41,113,74,66,0,40,112,109,131,118,31,71,57,67,18,53,23,84,88,44,55,128,92,70,101,120,78,94,61,35,133,2,64,11,51,79,126,33,1,30,106,63,4,108,60,29,7,19,121,10,105,135,58,119,124,54,45,5,107,27,130,97,99,114,37,125,48,13,6,96,75,72,82,134,76,116,110,86,132,81,24,17,47,111,98,32,15,117,89,26,77,127,115,73,9,42,43,52,14,56,3,22,68,20,87,85,100,95,83,46,25,50,49,62,65,38,36,122
4,2
134,26,89,123,8,67,19,53,80,5,61,73,7,32,38,100,93,118,125,24,131,107,16,11,109,71,129,39,40,117,92,98,132,47,77,2,51,127,17,112,84,72,0,128,96,33,37,90,23,97,57,94,102,20,103,81,27,113,95,108,86,59,25,29,104,120,54,111,106,116,30,1,41,3,75,130,22,105,85,21,56,10,76,68,91,44,42,46,79,70,69,15,124,119,63,14,9,12,45,18,49,28,74,52,43,135,133,60,88,55,83,101,78,50,122,6,58,4,62,35,36,87,66,99,82,126,34,13,121,115,64,31,48,114,65,110
1,3
62,86,16,105,116,28,23,85,22,87,117,92,133,123,96,64,0,51,52,134,35,43,72,79,14,109,38,33,127,104,54,37,103,113,7,24,46,93,13,9,59,65,69,48,60,3,56,83,6,80,47,12,94,95,61,111,110,78,36,74,45,84,129,49,31,126,99,39,124,102,42,114,132,81,98,125,131,19,89,34,128,26,32,4,27,41,115,18,122,97,75,88,8,25,120,73,66,118,5,68,121,130,76,71,30,40,107,1,15,20,57,119,67,100,63,58,17,90,10,21,53,91,55,44,29,112,50,2,77,106,70,108,82,11,135,101
1,3
62,23,57,44,11,73,127,89,31,103,50,106,38,123,27,92,76,25,82,67,8,99,95,75,3,113,66,110,58,48,118,2,79,21,129,126,49,20,61,19,40,122,34,39,121,71,55,132,114,105,63,107,98,101,135,14,80,93,35,134,91,28,90,86,5,85,10,1,26,97,0,16,124,64,65,117,130,18,13,131,9,94,42,72,33,70,52,51,59,83,109,88,54,77,12,22,29,6,41,112,133,56,4,102,32,100,30,104,36,125,74,68,115,15,53,60,87,78,116,37,7,43,47,120,119,84,81,17,45,111,69,108,46,24,96,128
4,2
62,64,12,44,2,60,132,100,130,96,112,92,51,10,36,18,53,117,111,120,79,41,68,109,57,83,84,127,123,47,33,90,24,73,98,37,133,108,107,8,103,86,69,7,75,119,80,65,125,38,26,134,32,88,50,66,46,116,56,70,76,35,113,0,6,99,85,135,39,14,54,58,5,52,77,82,101,28,17,16,110,34,42,1,31,81,74,61,59,115,131,13,122,40,22,106,20,124,11,15,91,128,89,27,126,129,48,55,97,72,71,25,118,78,30,23,121,67,45,114,19,104,49,21,93,4,3,29,63,102,43,94,105,95,87,9
4,4
57,123,126,92,99,72,53,55,15,1,49,66,20,29,112,65,26,110,48,115,128,74,18,67,45,9,35,85,64,93,134,121,39,135,10,0,76,51,122,54,127,78,44,37,69,91,14,36,19,23,98,102,125,133,58,6,96,75,16,61,106,8,109,95,77,111,131,107,38,84,63,12,94,88,79,132,43,100,108,22,82,113,59,62,120,3,34,47,60,11,4,50,130,30,103,104,101,90,86,24,25,68,27,31,89,17,40,83,116,129,119,7,118,13,71,33,2,73,87,80,21,105,41,52,46,81,32,5,56,97,124,70,28,114,42,117
4,2
10,111,56,28,64,4,132,120,42,55,39,122,101,47,53,66,31,7,86,79,32,114,93,34,13,5,40,77,46,90,80,52,37,121,112,33,125,100,71,24,123,113,25,36,8,30,6,59,81,130,74,124,62,95,1,23,9,107,115,75,61,117,22,68,43,15,29,73,135,128,96,12,129,126,134,82,51,69,72,20,60,108,50,106,127,35,103,98,87,119,97,102,63,105,58,48,116,14,89,54,44,3,83,110,118,49,18,65,0,21,70,104,133,85,17,92,84,67,99,76,19,91,45,27,38,16,26,41,11,2,57,94,109,131,78,88
5,1
29,9,0,49,124,99,106,56,113,80,68,44,53,108,128,32,66,125,118,65,20,84,6,115,109,15,91,41,10,60,105,57,34,3,67,116,85,95,13,70,54,114,133,43,112,63,72,27,69,121,24,76,28,4,100,92,50,102,120,83,78,126,58,117,104,96,30,23,90,45,134,75,17,5,79,73,37,48,2,42,88,35,87,107,82,74,110,47,103,71,93,98,39,52,94,122,97,64,11,119,123,127,16,101,18,62,130,111,1,8,26,38,33,135,51,131,59,14,89,129,21,81,7,40,22,25,31,12,86,77,55,19,46,36,132,61
2,5
32,96,99,122,42,101,45,116,59,51,82,105,97,14,7,129,107,10,56,5,55,58,109,3,113,41,25,12,43,88,34,47,132,110,130,134,133,17,38,124,39,46,24,65,67,85,68,79,78,94,111,26,57,66,119,128,76,71,16,84,77,40,72,20,36,104,118,115,62,83,54,108,37,13,125,52,95,33,22,15,103,31,89,90,19,48,74,35,53,18,98,86,91,121,11,131,126,81,23,64,28,106,120,49,114,63,123,61,44,92,1,69,102,2,60,30,87,75,8,135,4,73,100,21,80,9,27,0,6,117,70,112,50,127,93,29
4,5
85,120,82,125,99,6,45,33,51,132,93,118,131,34,39,15,28,53,81,87,115,124,60,80,100,113,17,106,49,96,127,102,31,122,26,98,12,129,0,46,65,91,63,25,76,29,83,18,79,35,48,92,70,20,69,2,88,21,66,84,112,117,130,5,22,24,133,126,86,111,101,14,134,27,38,1,50,123,41,52,71,89,116,23,57,114,74,58,110,32,67,68,128,47,135,30,97,10,43,121,103,44,94,37,7,9,8,54,59,13,61,19,108,55,75,73,56,62,109,42,16,4,78,95,36,40,77,119,72,90,104,64,11,105,107,3
2,5
21,109,1,92,46,135,116,90,55,59,67,74,39,25,83,73,105,91,133,63,70,26,7,27,36,40,97,104,84,17,64,66,49,93,50,45,57,10,33,101,75,2,78,44,110,98,86,47,100,35,34,31,130,6,5,129,119,4,62,48,51,23,132,19,81,22,121,28,76,58,77,82,37,32,18,29,61,85,41,102,54,114,60,95,9,0,96,118,65,134,69,125,72,103,88,122,11,112,99,15,106,115,120,20,107,94,14,3,68,80,43,24,42,8,52,128,16,30,108,113,126,127,13,117,79,12,38,53,111,56,124,89,123,131,71,87
3,2
114,19,120,104,99,7,115,100,10,31,47,77,32,27,48,135,90,106,134,64,125,86,56,8,42,4,88,117,59,66,2,12,132,1,80,58,84,40,68,21,16,38,33,111,110,129,6,107,122,51,105,127,57,126,87,62,60,14,18,29,119,97,43,116,123,20,63,131,93,92,22,41,44,5,39,103,124,70,55,112,71,82,53,46,49,109,28,17,81,36,52,128,50,96,54,25,108,113,74,85,65,30,91,121,45,34,11,83,35,72,98,94,130,37,102,101,118,69,13,76,133,67,24,79,78,26,23,95,75,61,89,3,15,0,73,9
4,1
44,15,116,68,25,19,52,49,79,11,63,113,57,86,115,20,33,84,64,60,62,83,94,59,24,133,110,35,81,29,85,100,118,23,40,93,103,70,5,65,58,95,27,12,98,117,36,99,71,38,89,16,22,72,1,105,75,31,56,3,69,120,127,125,76,104,128,108,42,73,47,78,135,88,111,134,34,0,13,39,97,55,54,74,77,92,45,90,32,28,61,119,67,122,109,7,132,46,102,114,18,130,9,131,129,53,123,41,4,21,50,101,96,43,2,87,51,26,124,126,8,17,30,112,37,80,107,91,66,106,14,121,82,6,10,48
5,1
84,125,96,81,58,52,71,99,104,53,116,112,69,124,106,15,100,0,60,72,48,102,82,78,5,64,23,123,50,115,54,35,26,76,37,46,29,56,128,86,133,8,16,89,32,39,108,40,93,51,67,101,2,57,122,85,70,119,114,107,19,127,62,131,132,1,88,65,134,120,75,103,49,90,6,61,126,95,59,42,121,68,113,20,80,92,79,31,109,91,55,9,97,135,36,44,17,38,94,111,110,74,21,11,47,30,63,45,117,7,13,83,24,4,3,18,77,41,25,12,130,28,22,10,66,43,33,34,105,14,27,73,118,129,87,98
4,2
25,49,40,16,35,71,67,70,128,32,23,78,59,105,87,5,133,43,134,3,126,97,62,19,42,61,102,107,98,57,122,24,115,65,30,52,81,7,13,131,121,2,69,90,75,132,68,125,130,53,64,103,55,54,113,104,31,106,89,76,14,63,29,88,73,77,22,84,108,95,94,9,83,74,36,17,111,26,91,21,4,100,116,20,27,99,56,38,37,85,33,123,109,66,44,124,114,50,18,79,135,51,0,41,46,8,92,86,45,39,12,72,127,6,110,15,48,47,1,119,82,118,96,11,28,117,60,58,120,10,112,34,93,80,101,129
4,2
104,119,44,57,65,32,25,111,42,81,116,3,20,120,10,125,98,103,131,101,33,130,66,55,5,84,89,90,134,61,19,54,24,126,100,79,109,45,133,60,35,115,78,14,30,118,93,15,70,96,28,105,12,22,62,86,59,83,26,91,76,68,49,82,48,56,102,77,113,121,34,51,21,47,23,75,8,97,67,2,36,4,64,122,117,46,71,18,135,94,73,132,72,129,112,50,106,108,0,43,87,1,74,6,85,58,63,16,17,92,95,31,40,127,124,38,13,88,39,128,37,29,110,69,123,27,99,80,114,53,107,9,7,52,41,11
6,4
7,90,56,101,122,72,71,58,108,84,3,114,22,6,128,116,91,20,115,47,50,135,28,67,77,15,110,27,89,60,118,4,66,40,68,10,131,42,123,30,102,18,120,59,45,97,134,92,54,119,25,64,14,106,132,99,36,13,62,65,85,94,34,48,41,81,111,74,75,107,93,51,130,82,105,49,125,0,44,24,121,83,133,19,129,126,8,79,113,76,69,5,17,53,35,63,32,57,112,73,1,124,52,11,55,88,61,103,87,26,104,70,86,38,96,2,9,95,100,80,46,37,12,78,33,23,21,117,98,31,29,16,127,43,109,39
3,2
83,6,121,95,71,65,122,48,68,33,105,108,58,35,36,53,11,119,117,124,115,29,110,66,67,97,126,118,57,17,70,42,8,4,120,9,59,44,107,130,47,113,123,51,34,134,10,32,40,84,101,103,114,54,79,92,116,109,15,60,20,69,87,72,1,73,135,86,5,43,64,61,56,62,112,88,50,127,12,3,94,52,133,21,37,125,7,131,13,2,81,93,96,38,76,28,129,18,26,102,16,104,85,77,23,45,0,89,14,99,55,46,39,30,82,24,27,31,106,63,49,100,75,128,111,80,78,22,74,25,91,41,90,98,19,132
3,5
88,4,48,55,98,97,103,121,56,20,42,16,52,38,92,59,10,115,54,17,90,62,129,28,96,66,19,85,1,119,130,84,50,132,128,106,37,80,12,89,76,43,105,21,67,41,124,23,99,2,13,91,86,78,33,57,25,31,53,69,79,34,77,100,68,83,82,32,101,110,114,95,102,71,104,44,111,108,109,117,5,60,45,135,122,75,0,7,87,116,3,40,133,24,94,81,63,107,49,35,73,93,127,9,74,29,26,123,18,58,30,47,6,61,65,72,112,14,120,22,51,113,125,134,131,118,11,36,126,70,27,39,15,46,64,8
5,3
94,129,80,88,34,4,17,65,114,44,112,14,36,104,54,102,89,127,51,49,86,73,75,83,106,48,26,131,87,35,61,39,116,31,128,43,3,8,25,71,23,63,85,13,37,58,98,77,30,124,72,56,47,59,122,11,41,81,110,1,45,95,111,105,20,24,135,119,42,113,99,40,123,5,78,125,91,15,97,69,33,50,107,64,6,55,16,0,93,115,27,121,2,134,100,133,132,103,38,21,130,9,109,84,70,57,67,22,66,12,19,62,46,53,92,68,117,101,82,90,74,52,10,32,96,28,60,18,7,79,120,29,76,126,108,118
6,3
78,83,129,22,63,33,79,127,64,87,14,8,28,32,29,96,74,48,134,117,27,40,93,10,30,45,77,15,125,34,82,55,36,61,103,109,92,25,73,5,54,106,20,116,126,11,31,62,19,123,101,17,67,130,7,9,97,120,107,75,37,88,53,89,57,35,59,4,21,3,80,76,49,112,52,51,66,104,98,26,68,132,124,81,94,95,60,71,114,18,70,91,6,0,69,133,115,84,122,119,113,118,2,1,110,90,13,131,86,38,105,56,39,65,50,108,72,99,85,111,43,128,44,12,47,135,42,24,58,23,16,46,100,102,121,41
6,6
54,108,60,36,96,123,21,63,129,125,69,122,120,88,124,14,105,52,4,67,58,38,93,77,98,133,23,39,65,84,34,79,121,91,92,86,51,55,83,5,50,132,13,118,107,114,59,134,26,72,48,56,32,25,2,75,11,53,81,24,22,78,103,117,111,76,119,19,109,10,68,3,126,0,46,35,30,45,9,20,131,42,18,31,57,71,116,113,85,135,70,29,127,37,99,95,74,1,66,49,62,33,128,64,130,40,73,27,41,82,110,28,12,89,43,7,100,94,15,101,102,106,44,61,6,8,115,90,112,80,16,47,87,104,17,97
6,2
81,74,92,42,70,66,44,15,77,123,56,27,8,65,83,30,82,125,103,6,17,90,28,72,68,16,39,120,122,84,58,71,2,35,53,25,97,99,114,107,61,98,116,32,12,134,111,29,43,93,100,110,69,112,47,94,104,102,23,95,108,109,7,4,31,55,88,45,52,126,129,34,101,54,135,115,130,60,119,18,1,41,13,33,14,38,9,96,20,75,128,36,76,117,50,79,48,49,85,57,132,87,63,51,46,19,78,86,37,91,0,118,24,80,89,73,22,5,21,59,124,121,106,64,105,127,10,11,40,26,62,3,131,67,133,113
6,4
70,105,28,48,128,17,23,78,16,103,123,29,37,42,129,64,73,61,10,99,57,2,101,41,89,40,81,30,114,91,34,68,32,124,15,5,97,50,13,8,100,24,131,72,65,53,58,19,104,109,4,49,130,111,9,3,77,45,122,6,75,90,107,84,60,95,127,25,121,71,22,55,80,47,14,113,36,69,106,44,132,92,63,62,87,98,118,96,39,117,83,12,43,11,21,82,66,76,85,1,133,79,94,26,86,18,31,112,27,134,38,88,54,35,52,120,51,20,102,93,125,74,115,110,59,56,119,135,0,116,67,7,126,33,46,108
3,2
64,76,77,80,99,132,106,35,94,111,36,70,75,6,109,120,31,65,113,58,53,68,13,62,32,117,107,8,50,57,29,67,78,23,14,130,45,55,46,133,19,73,96,16,100,7,52,10,118,20,116,104,74,25,59,42,115,24,38,27,40,101,86,89,122,84,110,26,135,41,131,92,18,91,114,90,97,129,95,102,33,127,121,37,125,63,30,28,3,39,93,11,87,5,119,71,81,51,1,69,108,0,12,105,123,17,44,82,128,49,88,56,85,54,126,15,9,4,34,98,103,22,47,79,134,83,72,43,61,21,66,124,112,48,2,60
1,6
134,27,90,119,97,55,22,94,92,4,42,11,95,105,24,98,87,37,60,2,108,102,70,34,19,72,12,10,20,115,63,75,91,51,133,78,25,113,86,106,58,77,110,35,3,107,41,114,112,135,57,52,79,74,93,56,14,99,103,13,81,80,50,131,36,6,65,40,96,67,130,100,85,8,122,84,66,28,30,118,125,88,17,26,0,83,59,44,124,31,53,15,5,89,123,45,7,23,69,111,127,71,49,62,128,116,1,64,18,126,32,29,109,117,43,16,47,38,48,39,68,121,73,101,82,46,76,120,104,132,33,129,9,61,54,21
6,2
36,17,123,78,3,114,37,18,0,106,43,34,93,86,84,16,10,104,127,51,100,112,40,28,71,6,91,87,101,48,109,42,95,68,32,45,33,81,108,125,94,25,38,57,90,52,1,65,31,75,39,67,117,120,74,55,77,132,27,96,103,64,80,69,89,122,124,111,85,131,62,30,13,7,4,8,46,20,70,107,19,49,113,129,116,130,22,121,61,133,47,53,41,134,11,12,115,15,82,128,44,9,2,92,24,58,126,66,21,5,59,73,26,63,72,83,60,118,56,102,23,105,50,99,135,54,29,110,76,14,79,97,35,119,98,88
4,1
123,72,50,19,11,51,53,108,17,116,82,117,83,60,8,110,133,88,46,47,124,100,48,113,95,73,76,41,122,2,89,71,69,120,67,30,26,7,94,16,64,9,96,31,6,129,59,5,109,57,74,93,112,102,18,62,39,103,63,45,84,21,42,66,134,130,1,37,119,14,92,61,36,111,32,77,114,15,68,49,127,12,87,107,35,85,75,34,118,125,131,0,23,91,25,28,135,115,78,58,3,98,22,20,99,70,13,24,106,105,126,38,132,90,128,27,33,29,65,44,121,86,80,40,4,54,104,101,56,97,81,55,79,43,10,52
2,4
107,82,55,16,50,59,94,1,11,18,92,135,124,69,0,119,2,89,83,133,104,57,58,79,40,4,88,32,125,15,106,123,117,67,76,46,70,39,103,111,54,34,23,98,33,8,109,49,86,25,73,93,20,72,19,24,134,60,96,6,112,127,12,74,26,56,65,91,126,108,71,99,3,87,129,37,95,7,64,21,22,81,63,43,35,115,36,48,85,53,97,38,17,78,131,51,120,41,114,29,68,102,27,121,122,77,128,62,132,130,14,44,84,13,75,47,110,61,45,90,52,113,30,31,80,28,9,116,5,10,100,101,118,105,42,66
2,2
63,6,38,115,81,27,117,50,68,84,83,14,52,4,45,103,5,76,111,56,0,69,118,121,33,41,127,8,97,9,129,134,88,58,82,90,110,61,43,104,35,96,65,132,99,101,53,131,93,79,95,66,133,108,89,102,60,31,22,135,74,64,125,105,80,124,30,91,42,128,54,119,72,44,49,2,92,24,106,3,47,77,48,18,17,98,120,1,46,29,19,26,39,70,116,28,112,62,12,85,86,94,130,20,113,75,40,36,32,123,107,25,55,78,16,67,87,21,34,37,23,71,10,57,126,100,59,51,73,114,15,109,7,13,11,122
4,5
72,100,38,49,64,129,99,58,120,15,19,77,57,75,76,91,105,130,97,22,16,65,63,24,94,119,41,2,106,18,126,101,6,95,56,11,4,134,127,90,54,42,82,128,30,81,83,78,44,132,28,39,32,122,36,109,74,135,21,50,113,10,26,79,87,104,114,69,13,14,107,59,25,93,125,47,84,66,37,73,68,0,110,8,12,43,108,112,133,45,33,7,111,121,53,88,103,70,117,124,62,3,20,5,52,35,51,85,67,55,61,29,96,71,116,123,17,60,115,89,34,1,48,131,27,92,118,9,40,46,86,98,102,31,23,80
1,6
118,55,22,83,20,57,117,11,35,47,73,115,96,0,78,60,124,127,76,9,68,38,32,40,19,87,75,49,74,110,95,21,69,131,46,70,93,3,126,64,54,10,41,62,134,107,88,130,128,7,111,14,56,97,17,6,36,15,86,67,43,45,105,129,90,66,106,51,85,34,92,5,119,72,114,27,82,59,52,116,103,109,99,98,112,91,44,108,77,26,16,58,121,23,71,37,84,89,65,125,39,29,30,8,63,50,25,100,18,113,104,12,2,42,135,48,94,13,24,1,61,132,122,28,33,133,80,123,101,120,53,31,102,4,81,79
1,3
13,71,75,14,19,44,21,97,52,93,125,18,134,90,88,77,33,66,111,129,29,102,81,20,23,124,47,109,42,59,82,114,40,119,79,38,24,122,0,9,74,130,120,63,15,72,78,104,6,45,92,53,27,12,108,113,123,51,105,116,132,49,107,115,103,91,37,7,69,5,100,34,94,85,80,50,96,112,8,56,32,26,10,54,61,131,55,3,83,2,126,35,65,135,87,76,28,128,30,121,70,58,64,67,25,16,22,117,89,98,1,99,127,4,39,73,62,133,95,60,31,17,86,46,43,68,57,101,110,84,41,106,11,48,118,36
1,5
84,77,12,44,65,48,53,92,8,96,4,6,108,67,114,29,111,135,39,23,63,90,20,38,27,103,45,99,59,33,16,117,56,61,47,72,130,122,30,134,1,50,87,76,71,26,124,5,116,42,34,68,118,107,104,19,120,110,17,93,52,119,46,15,22,127,0,95,109,13,89,126,128,57,31,60,40,2,64,75,28,69,9,41,133,105,14,18,94,125,21,11,58,98,3,82,24,113,74,86,32,10,100,115,35,81,73,43,97,129,7,70,36,80,55,49,25,62,106,91,37,51,54,121,83,79,102,66,123,88,78,85,112,132,101,131
4,6
106,41,113,61,107,75,133,49,89,21,94,111,99,90,100,50,79,129,64,2,135,115,130,10,67,53,47,73,83,46,80,102,30,88,0,25,56,38,29,36,117,91,27,8,7,32,59,12,17,114,44,103,119,97,122,5,105,87,28,77,62,66,3,58,65,60,48,131,116,101,43,128,13,4,70,85,19,76,52,51,31,40,112,81,86,15,45,11,14,72,78,132,110,34,92,109,71,26,74,35,68,118,82,123,126,42,96,23,6,9,24,104,98,1,39,16,125,22,57,69,124,134,108,84,33,121,63,120,93,37,95,18,55,20,54,127
1,6
120,108,123,126,122,56,103,125,26,87,115,67,51,88,83,25,55,64,129,80,79,13,128,77,15,91,114,82,96,131,132,29,73,9,66,2,130,53,134,63,22,111,113,49,23,4,118,31,119,6,102,1,89,121,12,48,19,41,74,43,17,44,34,100,27,135,61,18,8,60,38,97,84,47,104,69,98,62,76,0,28,11,101,109,90,45,75,33,40,16,30,95,37,116,7,39,21,107,20,133,52,54,59,127,99,46,14,32,78,36,35,86,124,117,58,10,81,93,94,70,65,24,112,68,72,50,42,92,57,71,110,5,106,3,85,105
3,4
87,72,73,131,17,106,107,60,26,1,98,83,34,84,109,133,31,86,37,44,20,27,40,111,78,36,38,16,58,9,75,112,134,110,94,18,12,120,35,126,24,13,81,23,77,129,118,101,51,125,39,29,19,85,102,11,97,74,117,21,100,93,65,33,7,130,57,59,41,67,53,116,45,104,64,96,56,42,15,70,115,99,54,28,6,8,135,132,88,25,63,108,92,122,113,128,2,82,43,79,91,22,89,119,103,52,3,10,61,49,66,4,47,50,32,55,68,71,124,114,127,95,123,90,48,80,121,76,5,105,30,46,14,69,62,0
2,1
87,65,58,37,66,111,28,8,82,55,31,17,70,92,50,35,10,29,2,22,61,12,4,83,116,109,71,133,45,91,69,57,15,18,16,41,11,9,96,59,108,95,3,0,107,19,5,85,97,126,114,56,24,6,79,76,26,131,135,34,94,106,89,117,120,84,80,110,129,112,119,81,67,72,43,93,86,1,21,124,88,30,103,64,125,40,99,73,14,38,44,39,62,102,127,121,52,47,20,36,7,68,25,115,51,54,98,13,130,33,90,105,113,27,104,75,132,101,60,74,123,46,23,77,32,122,78,49,53,100,63,48,42,134,118,128
2,3
15,44,3,106,74,117,38,108,23,31,81,58,129,59,89,32,114,93,13,57,82,26,16,53,30,2,92,134,123,20,80,91,8,48,98,68,54,56,45,0,9,49,115,6,71,116,125,87,112,67,121,27,110,133,76,40,94,85,37,64,78,95,47,100,10,22,102,126,29,5,19,17,88,107,55,39,66,62,96,46,132,86,25,43,51,73,130,103,101,33,14,90,113,120,131,124,42,83,11,12,36,21,127,118,72,109,35,99,60,79,77,75,61,7,105,135,122,4,18,34,41,104,24,50,52,70,119,97,28,128,111,63,1,84,65,69
4,2
20,9,131,114,56,8,107,72,76,105,134,103,120,99,38,2,64,14,22,113,92,95,28,59,85,30,39,58,94,80,37,78,63,127,87,19,73,106,31,123,50,32,110,17,65,44,66,41,86,3,77,129,79,112,132,104,117,109,4,122,126,25,116,43,18,91,128,1,55,67,133,130,40,121,5,135,7,81,96,13,71,36,89,97,62,83,10,88,34,15,42,33,124,46,84,0,49,21,11,57,98,125,24,35,69,48,61,74,51,100,16,68,47,26,6,118,111,53,27,54,119,101,108,23,29,12,45,52,60,75,90,115,82,102,93,70
3,3
9,125,12,7,83,28,99,81,93,123,82,48,111,69,113,64,107,35,33,87,6,130,18,65,114,21,60,115,39,70,44,66,37,59,32,50,41,2,121,14,131,129,40,79,46,30,97,57,58,54,104,86,77,106,34,61,52,100,4,17,94,1,112,22,127,117,0,119,102,27,132,76,135,23,62,88,85,16,103,26,89,36,96,68,25,51,101,75,11,134,116,63,74,110,38,80,13,55,45,47,91,105,56,71,124,72,15,29,90,8,73,78,128,10,92,31,5,49,43,42,118,108,126,20,98,3,133,19,95,109,67,84,24,122,53,120
2,1
117,18,35,59,102,4,17,14,82,50,40,15,8,19,67,86,90,130,64,7,24,28,26,85,97,56,60,98,13,112,109,101,110,21,42,103,81,129,58,69,118,133,46,41,5,55,94,77,131,87,30,36,70,2,0,128,79,11,57,127,114,39,68,108,88,34,91,111,31,45,66,135,84,125,38,106,52,37,51,63,78,75,92,3,120,80,62,25,93,116,96,122,95,74,123,134,9,115,49,32,44,100,126,65,107,53,61,10,124,104,27,23,43,20,83,119,132,6,99,73,47,89,72,71,76,113,1,121,54,22,33,29,12,48,105,16
1,5
72,4,119,45,105,100,132,24,59,3,77,39,94,46,126,18,0,103,104,54,113,27,92,64,122,109,84,99,9,57,58,127,96,71,81,120,1,13,43,36,74,106,33,75,21,52,124,121,68,118,79,16,14,26,91,31,76,83,8,35,61,65,11,44,15,66,60,85,131,38,117,69,41,7,2,30,20,135,130,115,86,82,93,5,55,50,89,73,133,67,128,107,95,6,53,37,49,97,110,129,56,111,63,78,29,114,62,88,116,22,90,108,102,23,28,48,19,40,51,47,17,87,98,12,32,34,25,101,123,70,80,112,134,10,42,125
4,5
16,24,30,115,133,7,59,77,126,93,29,90,89,121,91,35,129,14,118,123,50,15,8,86,70,51,63,57,9,6,1,48,85,74,12,107,11,122,47,66,105,65,61,100,114,124,37,128,20,3,96,0,53,103,76,110,2,71,42,54,111,83,64,4,43,98,19,40,131,94,38,125,45,73,55,13,33,68,46,134,22,31,36,32,117,99,81,56,112,34,52,116,25,101,41,67,58,39,17,130,21,28,106,44,102,108,97,23,80,75,26,79,84,78,87,120,104,60,119,109,82,113,62,95,49,10,72,18,88,127,135,92,5,27,132,69
3,6
127,56,99,112,129,13,116,12,16,101,85,38,47,52,39,30,120,15,132,11,93,44,7,20,24,34,126,31,64,65,62,106,89,33,95,77,26,18,51,124,4,90,55,83,115,80,92,43,84,14,57,76,59,97,8,94,5,40,74,86,105,63,29,37,131,36,108,71,1,72,0,28,123,104,58,79,98,46,60,88,49,103,119,67,121,22,35,117,25,73,102,130,50,68,81,134,122,48,91,6,21,66,41,100,27,111,61,125,69,113,109,70,45,110,118,17,135,32,42,2,107,87,23,78,19,128,114,10,82,54,75,3,96,133,9,53
5,4
53,106,71,100,24,15,2,21,0,73,132,35,94,75,32,79,76,96,78,133,116,101,16,50,12,72,113,39,47,95,37,77,66,23,111,131,103,130,22,126,57,102,81,90,74,112,122,134,55,60,26,104,59,128,3,8,92,135,85,118,86,52,109,5,42,51,121,36,124,83,88,44,62,93,41,28,54,40,84,25,119,34,98,67,49,11,46,63,7,31,70,1,123,115,97,38,80,69,18,91,30,13,17,4,43,19,20,6,65,29,56,89,105,64,48,82,10,27,45,120,110,61,127,129,87,33,68,99,117,9,14,107,58,114,125,108
6,2
36,16,128,33,10,121,123,58,102,14,47,28,17,15,42,5,115,23,94,3,12,98,20,61,97,59,84,92,79,55,41,91,118,76,31,0,82,135,85,68,73,103,93,104,27,6,37,46,122,34,125,35,26,89,108,43,110,127,49,53,87,71,32,30,129,56,57,64,132,107,40,70,90,38,39,2,99,13,4,60,101,116,133,66,21,106,7,29,50,86,100,44,8,63,62,78,88,25,54,1,112,9,117,96,19,109,83,131,18,45,22,130,81,72,67,120,74,69,105,119,24,113,11,126,134,51,52,75,48,114,111,77,65,124,80,95
1,6
96,117,35,128,21,14,44,85,27,82,8,123,72,57,109,33,41,108,84,102,99,34,22,32,100,93,116,13,60,67,18,36,73,62,74,4,135,106,95,70,42,107,64,124,86,2,69,40,52,125,1,132,20,87,97,47,23,68,105,119,130,121,78,127,131,63,28,126,29,120,15,9,103,92,112,61,19,43,55,45,54,24,88,17,104,38,25,111,3,114,0,75,30,6,37,80,39,79,26,113,31,58,53,7,118,83,65,101,56,10,115,94,12,46,71,5,133,89,76,81,98,110,48,129,59,134,90,51,50,66,11,16,122,91,77,49
5,6
133,18,51,112,52,9,62,19,77,124,94,56,84,123,73,72,16,26,3,111,35,105,15,92,97,45,115,57,110,70,135,42,32,75,40,30,54,46,78,14,2,49,83,103,22,102,60,114,127,37,13,80,31,11,130,21,125,20,47,0,71,109,90,113,120,55,87,50,91,28,104,122,82,66,6,29,69,12,7,38,96,58,1,119,43,81,48,95,88,132,4,36,118,98,106,65,64,121,5,134,8,89,131,108,79,68,39,44,74,107,93,101,33,67,24,100,85,116,129,76,128,117,23,99,27,53,41,34,61,59,63,25,86,10,126,17
5,5
52,27,56,74,30,117,60,101,82,28,35,133,72,38,5,51,22,83,12,86,24,115,68,76,66,88,132,100,129,114,98,59,62,127,122,41,124,104,110,50,112,75,40,106,44,42,9,67,31,3,78,39,17,63,118,95,94,131,54,89,61,116,102,125,43,29,33,13,58,73,34,8,20,19,6,65,134,126,90,0,1,46,23,87,130,53,14,18,99,16,119,36,85,109,2,81,10,49,7,113,108,92,15,79,26,69,121,57,77,107,45,91,105,25,123,135,11,70,96,97,111,80,103,71,55,84,64,128,21,93,47,4,48,120,37,32
6,4
90,22,118,11,24,7,13,35,97,124,129,34,102,66,117,101,68,58,61,44,95,5,54,28,99,9,70,85,42,77,36,2,16,128,123,3,86,32,37,26,105,80,31,67,122,81,17,94,78,108,62,107,55,106,53,56,4,38,0,39,87,50,23,65,57,133,75,119,1,110,27,126,18,132,8,98,12,25,48,40,92,29,96,49,33,116,72,30,84,73,59,10,15,113,14,114,71,134,109,115,103,46,112,47,130,82,89,43,21,135,111,41,63,127,100,6,121,76,91,120,60,131,20,45,125,88,83,52,69,74,79,64,19,51,93,104
6,2
93,5,16,36,45,132,46,59,55,109,134,89,65,75,27,110,48,38,13,39,97,51,128,0,118,67,83,10,94,105,96,133,31,80,43,22,54,19,114,72,64,21,95,124,82,119,52,63,4,8,91,116,70,111,53,79,87,126,37,69,28,17,41,112,131,56,33,30,6,120,130,18,47,125,129,100,14,60,12,81,85,61,40,106,115,135,2,32,73,58,24,84,86,77,29,44,68,121,42,102,122,117,11,26,15,1,62,99,108,34,127,9,107,7,35,76,92,74,71,101,78,104,25,98,50,20,66,3,88,103,23,49,57,90,113,123
4,3
48,98,43,127,92,29,58,23,77,34,27,21,9,87,47,110,126,71,121,49,8,72,35,10,20,112,105,22,90,0,91,74,17,7,54,52,104,118,123,63,135,69,122,134,75,131,70,93,56,99,115,116,103,95,73,44,3,5,16,114,82,40,36,94,86,68,117,4,11,14,51,85,6,113,50,76,133,18,125,60,55,65,25,28,19,102,128,53,109,61,83,81,97,101,132,15,31,42,30,33,64,2,1,24,59,119,78,88,12,45,84,106,129,111,79,80,41,26,89,62,46,124,38,13,108,100,39,66,107,57,67,32,120,37,96,130
3,6
48,83,62,134,112,118,40,9,43,97,84,74,32,61,42,26,31,121,113,68,5,101,86,15,22,72,34,95,129,12,57,88,24,110,94,102,28,77,127,66,33,1,128,14,109,116,53,79,29,36,92,69,39,7,21,120,70,3,19,82,18,125,50,108,107,58,41,75,133,0,124,6,89,8,106,76,117,45,119,64,114,35,103,30,4,49,16,63,105,52,80,123,71,81,59,54,25,2,100,56,104,122,91,98,96,23,93,17,111,20,135,126,55,11,10,78,65,37,132,85,38,47,27,73,87,130,60,46,90,99,131,44,13,115,51,67
1,4
28,84,65,95,87,77,33,134,132,130,120,76,89,11,43,78,75,126,67,22,99,19,119,107,25,116,32,57,97,1,80,34,103,30,35,13,10,20,66,15,127,14,125,128,110,31,98,2,101,5,102,85,18,36,24,21,27,114,117,3,23,96,56,47,62,42,0,53,111,9,113,129,131,133,60,17,70,39,7,46,88,51,115,12,79,71,109,41,64,50,4,81,105,122,52,63,61,73,40,26,58,68,38,94,29,8,72,6,59,124,118,55,44,91,93,90,82,74,112,45,106,100,92,135,83,37,16,69,108,54,123,49,48,104,121,86
4,6
34,1,71,41,12,101,102,30,126,103,79,25,82,72,113,31,124,46,107,117,112,35,90,78,111,132,47,87,74,40,86,69,6,63,49,33,42,93,43,97,134,52,18,83,9,123,120,91,55,105,64,56,13,27,114,115,95,119,116,21,0,16,19,14,3,60,85,61,88,5,80,4,50,108,65,76,118,59,100,32,133,48,77,68,17,10,104,45,130,15,73,109,129,20,58,128,39,54,37,84,44,2,22,8,7,23,28,106,125,99,51,67,62,121,75,66,92,11,24,110,36,53,122,94,38,89,135,81,70,98,96,57,131,26,29,127
2,2
130,21,16,35,50,117,62,38,90,36,99,84,75,61,135,134,68,132,116,57,28,56,49,73,83,79,20,72,12,112,29,54,76,104,63,118,106,5,27,98,51,114,101,7,91,31,32,34,19,6,44,113,13,8,2,43,48,127,121,39,33,96,92,40,95,125,1,22,119,3,131,47,103,108,129,24,122,124,102,85,10,23,126,15,65,67,97,52,123,71,107,45,80,25,53,41,70,94,87,59,4,46,17,64,11,89,14,86,69,58,74,42,109,60,128,93,133,82,26,78,77,110,88,120,9,115,0,30,105,37,55,100,66,18,81,111
3,6
118,64,128,45,107,92,88,35,4,23,68,91,46,81,32,90,40,5,122,123,124,61,117,131,26,133,48,120,109,41,6,49,12,50,29,70,73,55,0,22,59,75,87,127,43,89,36,119,135,28,7,110,104,95,132,72,85,106,134,18,116,20,126,86,42,111,76,84,100,98,24,15,96,121,97,62,27,11,9,103,21,71,33,52,114,115,74,79,83,10,53,3,108,38,34,67,63,112,31,14,80,54,99,37,129,60,16,2,51,44,30,47,13,102,130,19,125,17,105,93,66,101,65,94,56,39,1,57,82,69,113,77,25,78,58,8
1,4
48,127,30,37,17,50,11,86,60,0,89,102,122,65,52,78,14,44,18,3,68,22,19,97,119,125,84,40,20,2,75,133,41,101,59,120,74,103,54,63,129,4,92,117,24,126,130,7,16,67,91,57,10,96,33,123,116,31,15,39,35,25,28,69,72,58,27,66,109,76,128,131,87,61,55,12,124,9,108,1,83,29,73,80,36,62,71,100,98,64,49,112,53,51,23,93,6,132,105,115,42,95,135,114,45,104,134,90,32,79,47,99,81,46,110,106,82,21,107,13,94,8,34,77,26,70,5,38,111,121,113,118,88,43,85,56
4,4
67,118,125,28,53,44,47,88,72,18,58,13,11,37,99,61,33,117,36,48,42,87,76,111,75,113,23,60,43,83,9,25,74,114,26,95,123,126,128,50,84,134,24,70,14,45,92,19,135,57,49,7,93,6,110,115,120,91,35,15,107,77,101,78,81,16,22,38,27,21,98,31,100,96,68,65,2,54,73,46,86,55,108,20,82,10,0,52,132,5,29,51,102,62,103,59,94,121,119,8,30,1,41,12,133,63,97,127,89,56,39,122,4,40,64,34,109,131,79,105,71,106,130,3,32,90,17,124,69,80,104,116,112,129,85,66
6,6
78,112,28,92,125,103,3,100,95,44,123,126,11,16,122,74,84,60,111,115,41,113,85,79,76,93,49,27,1,96,40,117,53,61,73,63,26,68,10,116,56,80,17,118,128,31,12,124,132,110,129,7,20,22,82,130,72,69,19,102,65,15,66,134,62,105,98,32,36,106,120,101,81,51,46,37,67,9,2,89,6,5,54,108,14,4,70,59,114,87,97,131,58,133,29,90,24,25,121,30,109,94,34,18,86,91,107,21,48,47,88,104,35,43,57,77,42,45,83,0,64,50,99,33,135,39,13,55,23,75,38,8,71,127,52,119
2,2
19,102,23,42,119,118,44,33,34,45,5,49,31,106,103,48,87,29,7,82,62,97,15,92,107,10,58,70,132,30,73,75,124,41,135,26,126,60,131,27,101,72,6,111,83,95,53,96,18,117,99,3,55,12,108,57,59,21,114,38,61,46,109,37,56,105,13,112,91,84,90,25,121,116,47,24,52,9,8,69,63,32,89,65,88,123,133,115,110,80,79,17,2,54,14,127,43,125,71,130,1,85,20,0,11,4,76,78,68,67,81,86,100,129,94,113,64,50,28,51,16,120,77,98,22,104,35,36,128,66,74,134,93,39,122,40
3,6
58,124,108,65,16,118,63,8,135,79,87,30,35,70,1,100,61,105,97,60,98,24,94,34,117,84,123,6,86,96,132,48,66,23,82,111,101,53,114,73,113,49,74,91,75,110,54,39,85,109,104,28,119,52,95,83,15,40,112,21,33,80,31,22,116,115,72,25,59,13,10,32,4,121,107,51,93,14,78,69,2,17,57,20,42,134,76,71,99,129,43,133,55,122,50,37,125,92,27,5,102,130,56,126,41,64,128,47,7,36,18,77,89,81,103,44,62,29,90,131,46,38,9,45,88,26,67,3,19,0,106,12,127,68,120,11
6,5
100,30,120,99,122,135,25,114,38,55,43,4,10,105,47,112,127,7,60,68,0,8,75,107,66,110,69,88,6,130,46,26,98,73,51,16,45,61,134,64,57,41,79,17,94,125,9,90,131,83,63,115,81,84,116,78,13,85,35,128,33,111,5,42,15,123,18,11,124,56,54,89,58,20,121,132,36,67,80,106,117,76,31,103,27,71,82,53,34,39,113,59,44,24,104,109,37,95,72,62,74,119,1,92,48,19,12,49,96,14,126,28,101,77,50,108,29,40,22,93,97,52,65,102,91,70,87,3,129,32,133,21,23,2,86,118
1,5
87,59,84,66,69,27,23,121,1,50,48,82,36,129,68,25,16,114,11,12,88,98,42,43,133,111,2,125,122,72,96,119,34,29,116,19,44,0,28,106,15,57,130,3,120,14,107,33,126,127,45,85,13,93,77,9,81,31,131,89,55,8,105,7,47,90,32,80,94,63,92,124,62,39,46,75,102,86,10,76,64,61,37,4,134,123,70,95,58,113,108,17,117,74,135,22,104,103,53,24,110,100,5,115,97,112,118,71,132,73,65,21,52,51,91,30,83,35,60,20,26,99,79,101,78,67,109,128,40,56,49,54,18,6,38,41
6,3
70,25,133,27,14,106,130,57,3,64,123,95,45,83,69,78,10,39,16,19,101,59,31,92,11,37,52,35,17,88,111,97,0,50,12,41,46,28,43,103,96,102,74,8,4,81,119,116,110,126,9,18,109,79,13,6,132,49,134,58,114,71,44,26,122,128,15,2,113,68,84,51,60,29,22,5,107,54,53,61,42,62,7,24,94,72,104,93,76,121,99,77,135,112,131,98,63,47,75,125,85,66,108,129,38,21,34,90,91,89,80,73,65,36,67,86,82,33,40,115,124,30,120,117,20,118,105,32,87,55,56,1,23,100,127,48
3,5
46,36,123,77,125,130,52,61,102,18,39,62,110,22,20,37,50,48,89,47,45,122,83,100,69,78,49,118,27,73,124,119,1,59,63,12,40,114,4,93,38,14,67,96,109,72,5,116,2,65,84,44,91,134,112,117,31,21,55,88,107,10,70,53,92,66,99,129,71,98,81,68,113,128,16,19,111,17,120,90,103,97,13,115,35,6,28,121,29,56,131,51,26,104,9,94,135,43,34,85,32,7,64,33,127,30,8,54,79,60,82,42,108,15,74,0,126,86,101,25,87,3,24,57,133,75,105,23,132,58,95,11,106,80,41,76
3,6
75,11,12,63,79,8,92,23,34,74,135,0,57,37,121,78,19,83,73,101,47,42,129,104,110,9,55,76,41,21,126,62,46,122,99,36,114,120,112,97,106,130,87,111,134,29,5,124,64,89,85,88,94,116,45,125,100,50,30,69,102,53,93,15,71,10,4,3,82,32,28,27,20,90,119,67,48,18,44,14,128,51,118,117,80,6,72,95,105,115,96,38,2,59,65,24,107,52,33,132,49,86,113,84,22,127,91,123,43,40,16,109,54,108,25,131,81,13,39,70,56,35,60,1,68,66,77,58,103,133,17,26,61,31,98,7
5,2
60,67,66,116,31,75,79,30,29,22,25,16,72,102,20,11,35,17,73,123,119,50,92,109,113,7,78,51,53,14,87,37,86,70,125,12,88,108,128,59,131,120,98,43,8,6,83,85,28,101,1,33,21,61,107,110,62,94,127,91,82,111,129,23,76,65,52,104,56,96,41,38,54,69,3,126,74,114,80,122,115,106,77,45,105,13,84,49,24,121,95,9,18,97,44,130,2,112,47,89,118,90,99,63,27,68,42,48,100,46,40,34,93,117,71,133,134,0,15,58,81,39,36,10,4,55,26,64,103,57,132,32,5,124,19,135
3,4
127,124,26,77,57,7,132,64,51,88,42,44,130,49,86,72,118,46,131,90,40,93,41,1,89,31,114,125,6,70,12,92,21,120,3,38,107,16,119,101,20,94,63,62,37,117,33,34,35,59,69,50,95,96,122,134,11,68,19,36,102,58,48,110,115,30,105,2,17,79,15,8,53,25,22,103,45,106,91,74,85,76,116,133,83,39,66,78,23,99,108,52,32,75,47,24,73,135,97,14,9,67,55,81,84,43,71,82,104,4,10,29,54,61,111,56,0,18,60,121,123,129,128,27,98,80,113,13,87,126,65,28,100,112,5,109
5,3
50,106,99,2,127,0,63,9,25,66,97,89,53,11,119,112,28,102,117,3,78,35,16,4,49,135,22,68,98,12,100,61,33,71,93,42,34,41,120,95,38,122,86,115,67,57,108,107,83,118,58,20,62,17,128,39,126,75,60,92,8,46,15,125,129,23,91,14,84,64,90,6,131,96,94,26,82,133,21,124,116,5,130,74,113,55,109,59,76,105,87,134,111,10,81,77,31,132,104,121,73,110,18,101,114,56,29,51,44,24,54,36,79,27,40,1,43,88,47,80,72,30,70,37,48,13,45,52,65,19,85,32,103,7,123,69
1,5
51,48,80,127,9,49,39,32,62,115,54,95,58,5,38,73,124,96,7,122,90,104,97,76,128,16,55,110,126,1,118,117,34,47,134,2,20,116,56,53,98,15,44,74,120,71,3,60,26,133,65,83,99,92,89,21,123,24,86,61,11,119,8,100,114,36,33,25,132,28,105,43,111,52,93,109,72,91,59,37,68,29,113,85,125,69,75,102,107,84,17,4,121,103,31,64,66,129,14,63,23,27,42,81,77,40,6,50,131,35,12,67,30,78,22,10,112,46,94,106,79,41,19,57,13,135,108,18,130,101,87,88,45,0,70,82
2,3
114,74,12,86,130,47,27,95,57,71,8,110,29,22,96,55,123,69,120,42,61,15,1,92,75,126,89,131,79,67,34,125,128,10,19,62,56,73,53,107,25,23,52,122,132,93,17,119,88,4,64,127,50,103,38,102,104,111,78,84,3,43,85,117,83,94,100,26,81,2,70,0,101,9,45,99,58,28,77,97,121,129,14,134,124,6,91,37,60,51,13,40,113,118,54,87,31,108,44,106,116,98,65,135,109,115,11,33,112,49,76,16,90,82,63,48,35,7,18,5,105,133,36,41,72,24,46,68,30,39,20,80,66,59,21,32
3,4
97,103,34,10,20,107,32,68,65,85,114,91,102,19,86,96,44,63,101,38,9,62,84,75,61,132,29,0,133,33,31,89,115,111,98,55,16,15,30,26,40,125,127,90,7,17,88,121,3,100,11,106,48,25,93,5,39,119,64,105,71,78,45,117,123,12,27,79,77,2,112,80,81,129,13,24,82,42,22,46,122,53,4,113,50,66,74,1,36,128,52,83,76,94,134,59,51,92,28,56,116,120,37,87,6,49,126,35,109,135,108,14,8,43,73,18,67,124,47,23,131,110,41,57,72,95,21,70,99,104,118,69,54,60,130,58
3,3
77,41,69,40,7,59,88,103,34,100,11,18,126,10,24,20,29,62,19,61,46,66,9,23,37,53,0,76,72,81,38,105,1,67,70,85,74,86,32,22,122,80,83,33,35,133,87,117,60,114,63,15,6,108,116,31,30,97,99,56,8,73,130,84,92,79,14,49,78,106,21,96,109,135,45,48,54,75,65,71,57,4,44,26,36,82,112,39,102,121,64,128,125,13,16,89,124,127,110,129,12,43,2,5,90,111,113,93,132,55,51,101,131,115,98,91,95,120,68,119,134,17,42,50,28,47,107,58,123,52,94,104,27,3,25,118
4,5
120,123,41,47,66,117,82,34,92,129,0,135,2,50,20,121,90,126,38,113,10,53,74,45,102,98,133,16,21,7,62,114,125,93,79,56,118,69,78,95,73,97,27,96,64,49,32,101,43,131,94,13,28,104,70,31,81,105,37,44,99,29,54,25,91,59,134,12,127,77,85,35,88,5,112,22,106,75,15,87,55,109,68,40,110,14,6,100,8,83,1,19,84,80,17,30,33,52,103,42,67,26,63,71,36,18,3,9,124,11,119,65,61,60,89,48,23,107,130,128,57,122,132,111,116,4,24,115,39,86,46,76,108,72,51,58
3,4
69,94,45,125,52,46,131,74,80,110,99,58,64,133,109,101,127,100,17,120,71,5,87,60,34,25,123,30,27,14,49,124,51,132,72,113,122,63,91,61,28,67,89,84,107,39,54,32,42,129,126,119,48,66,24,31,55,83,41,8,11,4,105,117,93,134,43,114,18,86,90,116,104,21,78,112,56,35,103,10,6,82,70,47,118,23,106,26,50,33,9,7,85,59,130,36,135,92,19,57,81,29,115,97,15,53,2,38,96,73,75,76,128,98,16,65,62,77,1,20,102,95,12,121,0,88,111,3,13,22,68,108,79,44,40,37
6,6
106,3,109,43,59,20,75,4,118,14,33,0,116,5,26,73,96,9,2,19,100,54,126,32,40,13,69,22,45,129,10,79,97,18,6,71,84,74,119,122,128,56,51,110,12,117,132,98,7,17,133,121,105,72,123,1,124,57,80,70,36,28,61,47,48,50,127,107,95,30,114,131,93,35,81,90,113,103,46,34,39,55,86,76,60,112,24,135,111,92,102,44,49,85,11,78,64,104,27,67,29,83,65,42,115,16,99,8,58,125,41,101,21,15,31,82,63,52,23,108,62,130,37,134,53,120,89,88,66,77,68,87,25,94,38,91
5,5
113,119,104,47,112,18,63,29,73,69,126,61,105,95,7,19,36,81,43,5,114,14,31,68,34,85,15,115,0,64,131,125,102,44,70,82,53,87,110,133,80,54,62,39,9,109,59,90,2,134,56,51,8,30,107,23,74,12,88,28,100,132,76,108,38,91,41,106,111,117,46,42,10,98,6,67,1,57,121,96,4,99,89,65,25,26,37,75,127,78,50,32,83,33,11,116,13,35,22,120,92,55,93,94,17,101,77,49,21,97,20,71,45,27,52,48,86,40,103,128,122,129,118,130,84,124,16,66,60,79,3,58,135,123,72,24
5,6
29,32,63,30,128,47,126,43,3,89,23,62,127,90,10,13,57,85,0,74,25,42,49,67,64,130,101,21,93,118,35,103,66,52,46,31,125,73,14,87,39,110,44,132,6,95,76,1,28,80,94,79,135,40,133,34,119,22,102,97,78,121,15,71,116,112,20,50,120,33,38,36,51,60,106,61,12,48,98,26,16,88,99,82,75,55,113,24,96,54,45,100,27,37,4,19,107,104,83,134,77,53,105,114,91,65,18,5,129,7,81,59,41,72,108,70,86,124,11,8,115,92,117,122,123,69,131,9,109,84,17,56,58,2,111,68
4,5
17,119,94,118,133,5,95,39,80,14,117,135,98,59,8,104,77,16,76,55,44,131,6,71,29,115,103,45,65,93,114,43,86,87,41,96,85,57,82,30,112,66,19,67,35,60,106,4,74,101,31,81,1,90,46,23,28,88,123,113,132,18,49,134,125,75,122,58,32,53,127,11,9,61,83,72,108,62,7,48,84,38,10,69,47,20,33,3,107,52,130,73,42,129,27,56,54,100,116,99,120,78,15,63,50,2,110,51,102,25,89,40,68,126,105,92,36,121,13,109,91,22,24,70,111,97,128,12,124,79,64,34,26,37,0,21
4,3
61,124,33,49,118,92,16,57,112,67,34,132,131,95,85,74,42,24,77,109,6,66,88,90,55,47,80,102,89,18,52,108,123,13,70,133,83,43,8,125,86,19,21,110,114,59,25,71,20,14,135,69,68,81,60,48,99,35,62,122,115,45,39,117,58,103,63,94,4,30,0,36,101,113,41,9,105,79,119,106,46,22,96,128,26,76,32,2,104,116,121,75,23,65,126,134,111,72,120,12,37,50,7,82,1,11,27,97,73,17,130,38,15,56,44,107,31,64,5,91,28,40,100,84,98,29,87,3,129,54,78,10,127,51,93,53
1,3
70,40,74,114,102,134,119,107,39,122,55,23,19,59,8,52,72,95,58,97,17,78,68,24,56,34,45,76,112,36,130,30,22,60,21,104,117,98,116,132,4,26,9,27,32,86,57,5,63,66,108,94,103,29,3,18,111,82,109,90,13,11,62,125,48,53,69,25,91,124,6,20,84,65,47,96,73,100,64,49,41,15,131,28,61,115,113,14,1,43,50,38,81,75,46,12,118,44,133,85,37,2,87,93,35,77,105,33,79,83,127,123,92,0,51,10,128,101,129,71,126,42,7,80,89,31,106,121,99,67,135,110,54,120,88,16
2,5
109,35,94,22,91,127,15,128,39,11,108,80,46,99,129,32,29,133,61,101,57,71,36,115,86,89,44,66,34,43,38,27,83,4,131,68,18,49,21,97,134,110,104,132,56,63,107,14,103,9,62,19,90,116,41,1,120,74,123,33,121,28,130,76,10,52,50,2,114,17,40,95,3,6,78,59,8,96,88,45,106,25,102,77,54,87,85,75,122,0,98,24,70,51,58,7,124,48,73,60,13,100,105,79,92,64,23,118,69,12,31,93,111,42,30,20,81,84,67,72,117,47,135,55,82,16,113,126,65,37,53,119,112,5,125,26
6,3
116,69,82,135,134,37,56,89,87,109,75,102,46,12,19,17,2,68,49,54,73,88,3,104,114,24,1,30,133,36,91,76,27,93,72,84,106,26,129,59,111,0,118,51,78,96,94,16,125,81,38,90,50,128,35,58,28,53,13,47,95,86,70,79,66,64,67,43,130,39,7,45,52,60,123,14,42,33,105,99,20,29,113,132,22,9,112,119,5,80,18,23,126,41,108,44,32,101,117,100,61,107,31,62,92,57,71,8,63,85,15,98,97,74,40,25,4,10,115,110,48,103,34,127,131,21,55,122,6,77,83,121,120,11,124,65
5,2
48,42,54,34,115,18,119,24,46,27,25,7,0,88,122,102,82,49,53,22,131,20,72,4,111,32,43,110,135,74,14,94,9,26,99,100,15,66,93,118,62,13,125,112,97,44,39,57,10,58,2,129,11,124,23,109,68,107,56,12,117,78,50,90,76,81,17,85,31,84,52,116,5,40,91,134,89,33,105,130,120,92,133,36,96,87,70,126,61,80,19,73,83,16,106,67,75,103,28,77,3,64,101,86,59,41,71,69,79,108,114,98,47,55,30,21,95,65,37,8,51,63,45,35,60,1,123,127,6,128,104,38,121,29,113,132
3,5
7,105,127,1,23,80,77,84,79,28,18,63,78,75,111,90,49,32,131,133,104,16,126,0,44,67,6,95,40,108,12,115,102,2,135,3,19,41,27,13,36,25,92,88,59,106,121,86,14,81,122,29,4,11,51,48,116,39,35,71,66,124,9,55,98,117,99,57,83,61,46,58,118,69,91,34,24,97,123,119,33,8,110,60,112,31,134,37,72,38,130,53,54,65,64,93,96,20,132,50,45,62,129,114,100,89,52,76,17,109,125,128,73,47,10,87,120,103,85,94,70,43,22,30,101,56,68,74,107,82,26,113,15,21,42,5
6,5
8,72,107,52,67,57,76,36,64,75,115,111,101,23,60,30,73,46,22,35,133,131,37,0,128,62,100,129,78,24,132,109,103,26,10,61,65,44,51,84,71,77,74,47,9,12,98,104,87,83,54,2,45,38,41,94,20,7,48,126,125,122,3,105,56,112,86,28,50,55,119,118,99,25,69,42,120,93,106,15,31,1,89,16,97,124,59,102,21,40,49,121,66,63,53,108,81,88,114,79,92,85,130,39,90,135,123,33,96,116,11,82,68,4,113,34,43,29,13,91,95,5,110,58,80,17,32,18,70,117,14,6,19,127,27,134
5,3
115,78,17,117,30,45,133,27,92,10,108,26,60,6,85,4,107,25,76,69,48,50,118,14,111,116,3,63,102,90,12,58,43,34,70,79,8,97,89,35,75,20,71,31,22,91,82,87,33,46,84,66,88,62,81,40,32,0,131,135,96,39,105,18,74,132,16,55,67,124,47,99,21,7,5,61,127,56,68,114,53,112,64,59,65,49,52,24,72,113,38,93,110,15,101,128,98,122,106,80,123,94,13,51,121,73,9,23,126,11,100,19,125,41,54,83,2,104,129,28,134,103,119,44,130,77,57,109,37,29,42,120,95,86,36,1
2,2
109,94,45,123,82,111,20,64,118,99,115,25,30,56,114,2,57,29,9,62,7,87,110,112,35,133,48,31,12,37,28,128,1,24,49,130,63,8,75,3,17,72,96,19,124,77,14,54,91,104,47,68,34,84,13,107,117,58,89,50,51,21,15,27,127,121,100,52,6,102,105,81,40,33,132,129,43,98,18,119,71,65,108,10,53,0,101,116,126,4,106,83,60,74,125,69,16,103,22,42,88,67,79,113,80,66,93,11,134,46,131,95,44,61,23,90,85,97,92,70,59,26,41,55,36,32,122,120,39,86,73,78,38,5,76,135
5,2
39,74,77,111,58,88,76,91,16,55,47,18,132,94,118,3,49,50,40,43,83,34,122,124,48,9,97,78,44,59,129,125,22,1,68,92,135,31,8,23,29,11,52,57,107,98,10,131,65,120,2,64,114,119,62,19,30,116,70,90,5,73,26,51,101,32,37,25,128,24,134,130,20,45,15,75,72,127,27,60,33,71,7,117,112,67,104,79,95,4,87,61,105,38,110,89,108,12,123,63,93,36,121,102,99,106,42,28,86,56,14,81,80,82,6,53,0,21,85,17,113,35,66,115,100,84,54,46,13,69,133,96,41,109,126,103
4,3
84,85,100,70,23,43,131,80,128,91,74,64,135,89,110,107,126,57,79,18,48,40,96,94,50,104,52,34,14,101,93,77,47,62,49,16,39,9,30,6,45,127,72,55,41,8,90,134,113,97,99,7,120,105,19,20,76,108,66,4,25,3,11,69,56,10,114,22,82,68,132,123,116,1,2,29,130,0,36,86,88,31,122,83,28,75,95,13,32,63,42,26,109,115,121,111,61,44,27,5,125,46,71,103,119,51,65,92,124,87,78,21,81,73,59,35,106,118,58,129,24,54,15,17,12,33,38,112,98,67,102,37,117,133,53,60
3,4
131,77,4,9,126,133,114,13,104,48,109,18,63,121,69,86,73,100,78,37,51,90,68,75,82,28,76,129,79,14,65,25,32,106,29,85,111,58,118,38,0,130,119,22,94,64,125,49,53,46,115,124,61,52,47,98,70,21,132,134,40,17,10,128,8,60,43,74,42,23,66,19,31,101,81,12,56,27,123,33,1,3,55,105,35,135,62,16,120,92,83,84,91,57,97,30,80,67,88,50,116,122,59,93,71,96,113,95,72,117,107,102,44,6,99,41,110,89,7,26,11,20,36,39,87,108,112,2,34,15,103,54,5,127,45,24
6,3
104,15,102,109,87,124,60,18,61,99,77,43,17,3,20,100,54,42,105,122,81,93,119,32,0,22,26,107,30,59,40,135,62,114,80,21,75,6,46,91,5,86,74,12,78,67,10,1,55,41,8,45,106,88,123,90,101,121,111,36,47,64,34,68,70,131,132,19,48,38,130,134,31,13,133,29,118,126,52,96,89,127,112,97,23,72,39,33,95,82,66,92,56,69,84,28,94,65,14,16,25,11,7,128,115,51,37,71,117,63,4,50,53,120,129,98,27,125,24,49,57,116,2,85,35,103,58,76,108,79,110,44,83,73,113,9
1,6
97,84,0,133,124,34,22,61,121,48,9,112,125,79,92,100,45,72,41,117,29,23,83,71,106,1,60,131,116,55,135,14,82,89,50,86,62,107,31,2,91,16,36,109,119,70,122,20,54,132,105,101,37,129,74,38,35,80,75,67,59,28,33,12,17,7,51,99,64,8,114,21,96,26,90,4,94,27,63,43,6,5,53,104,49,81,102,77,52,111,44,19,98,126,15,85,30,47,93,69,108,42,87,46,10,128,95,127,3,103,76,40,13,11,68,134,18,32,66,88,73,110,65,58,78,25,120,113,56,39,57,130,24,118,123,115
5,3
5,73,133,71,121,103,60,65,112,39,84,11,75,99,29,17,49,45,110,6,114,37,56,20,23,109,127,57,59,88,13,79,58,70,104,41,12,63,131,126,123,7,86,76,102,113,91,19,30,85,4,9,132,108,117,80,36,64,72,95,107,89,98,31,26,93,35,34,62,16,8,42,135,69,54,61,55,122,74,83,82,0,124,128,94,81,50,38,125,51,28,96,15,1,68,22,118,134,90,111,78,66,97,10,53,27,44,92,77,47,24,87,120,130,18,43,2,14,21,67,48,115,32,105,129,46,25,116,119,3,100,33,101,106,52,40
1,5
76,66,2,4,5,65,118,7,77,131,90,55,125,119,20,12,26,39,98,134,21,97,24,88,28,9,64,34,132,63,49,22,78,91,8,116,3,48,27,38,56,117,80,54,59,105,94,42,69,120,127,17,41,86,51,124,61,92,25,29,13,31,112,121,44,96,14,84,133,104,100,71,36,62,57,60,85,18,68,43,75,16,1,74,128,130,53,40,52,82,122,108,30,45,72,123,107,110,67,58,32,81,10,37,135,111,126,6,87,15,73,83,0,93,50,46,109,103,102,101,106,129,114,99,115,19,95,33,113,70,23,89,11,47,35,79
1,2
8,3,47,117,20,70,45,34,78,96,72,73,61,6,88,15,52,102,54,32,4,31,113,65,7,74,99,95,109,81,127,90,111,110,76,9,116,122,93,66,41,44,11,128,135,64,77,12,103,131,119,22,133,17,106,26,104,87,75,55,130,94,28,16,134,48,121,71,100,59,79,42,19,62,60,40,33,108,80,57,2,86,10,30,43,13,1,51,107,18,129,85,29,21,69,5,125,105,0,23,37,67,112,101,82,46,14,120,50,91,24,58,25,56,98,27,63,124,49,89,114,83,123,38,97,36,53,126,118,39,68,84,35,115,132,92
3,6
24,110,44,45,75,46,127,87,59,112,130,29,96,73,85,32,40,98,63,1,115,101,11,7,100,94,17,82,14,122,33,123,113,49,108,70,55,95,71,118,19,62,111,57,117,79,60,132,129,76,52,92,120,102,18,9,6,106,16,26,2,54,42,78,22,124,104,69,128,5,25,97,43,72,86,41,121,119,50,131,31,51,20,93,114,133,125,23,107,116,81,58,66,21,4,77,30,0,13,34,39,35,48,15,38,74,53,65,56,27,134,105,8,91,80,68,126,83,3,67,28,99,109,12,64,36,84,135,61,47,89,88,90,37,103,10
2,5
