128,68,132,57,9,107,55,65,113,100,35,18,115,20,82,131,89,86,97,41,36,33,63,43,62,130,71,106,76,105,124,112,34,77,95,21,119,108,26,48,114,127,104,7,129,101,79,102,72,13,99,30,52,10,70,126,40,28,51,58,134,5,78,98,49,84,60,59,17,38,120,22,53,110,96,54,50,0,94,1,109,116,37,6,44,135,42,27,4,69,25,117,118,14,81,133,45,88,90,103,80,125,73,93,122,75,46,32,15,85,87,91,8,16,24,66,92,2,61,83,39,67,11,74,111,31,23,12,19,3,29,56,123,121,64,47
2,3
23,81,133,13,69,1,83,115,87,53,27,20,25,28,80,107,122,61,32,47,128,131,0,59,86,22,111,3,90,74,76,14,132,17,49,5,130,129,38,48,105,99,77,21,65,116,11,43,56,12,103,106,134,8,26,71,108,41,70,97,37,78,19,67,15,68,117,6,104,95,60,110,35,119,92,36,24,100,42,91,50,112,98,34,62,94,123,101,18,96,55,52,125,51,46,58,66,118,9,109,63,114,89,121,16,29,2,113,93,79,4,135,45,127,73,64,124,7,40,10,44,75,120,33,39,88,102,126,82,54,30,57,31,72,84,85
4,2
109,125,117,116,39,3,58,82,90,2,98,104,25,40,55,85,87,62,66,124,84,49,70,106,78,35,79,30,94,95,16,50,91,93,92,111,105,15,67,108,45,56,65,97,32,133,59,20,76,102,53,132,44,114,12,134,52,119,122,17,118,23,129,96,99,24,14,113,4,64,63,22,80,86,128,28,1,71,5,127,21,135,121,69,0,51,6,48,26,120,100,77,130,43,103,74,57,27,73,42,13,29,75,19,107,11,68,115,31,112,54,110,41,8,36,131,18,38,126,47,61,72,101,46,33,60,34,83,81,123,88,10,89,37,9,7
6,4
4,46,18,32,104,37,31,92,93,82,29,45,19,102,110,76,107,113,121,23,114,7,49,96,124,69,14,52,126,16,5,48,28,103,44,74,25,47,123,54,97,34,88,36,109,111,118,64,90,2,106,56,79,78,125,21,24,122,98,11,91,108,135,68,3,85,8,27,134,95,55,41,40,12,81,70,30,116,61,43,128,62,86,35,13,119,127,129,0,100,75,60,99,50,38,117,20,71,120,67,65,73,57,53,6,58,9,17,51,39,130,105,133,115,10,66,132,1,94,59,42,89,80,131,33,83,77,87,63,84,72,101,22,15,112,26
1,5
92,93,124,111,49,110,103,31,127,4,81,34,22,14,10,101,76,16,106,63,128,64,118,62,59,37,119,132,51,60,123,115,42,53,56,52,122,68,58,70,78,129,13,79,45,105,131,57,102,21,94,120,100,33,39,117,97,71,80,83,114,87,99,0,17,32,44,75,8,36,134,50,88,2,107,6,29,41,130,19,38,73,89,3,125,40,35,48,30,69,77,67,104,112,24,74,72,5,96,84,98,9,108,23,27,91,20,126,43,133,12,85,26,109,66,46,47,11,18,90,116,54,28,135,65,61,95,1,113,25,7,15,55,86,121,82
1,1
96,49,36,37,98,111,86,123,60,68,17,77,131,74,38,72,32,22,113,62,21,40,73,57,39,97,87,28,79,107,116,83,122,71,84,80,45,91,89,48,25,125,88,2,69,112,129,11,117,85,82,3,59,4,94,126,135,42,0,101,120,127,124,119,56,105,44,81,43,10,30,67,23,118,54,64,100,78,61,8,75,24,12,132,55,50,51,95,128,134,5,114,41,9,93,6,26,70,46,20,115,133,106,33,13,18,99,35,58,34,121,65,29,1,102,76,110,31,14,19,92,103,109,63,53,108,47,16,90,15,130,52,27,7,66,104
5,1
29,21,98,8,35,49,36,104,9,93,23,67,11,124,90,134,111,92,31,133,65,75,20,126,110,33,47,10,84,132,41,94,113,50,81,34,122,58,55,95,129,131,42,99,82,69,64,15,2,74,57,96,3,77,52,125,91,61,80,22,112,63,46,117,40,116,102,12,87,18,78,127,71,88,39,56,83,106,105,43,120,38,72,62,4,108,97,60,1,109,54,17,45,37,6,101,66,130,26,5,76,115,73,103,123,0,114,25,118,7,85,89,19,128,121,48,70,44,24,14,59,16,68,107,53,28,100,135,86,27,30,79,13,32,119,51
4,1
36,42,57,120,21,109,27,43,77,25,28,103,46,45,75,52,88,134,18,6,9,72,68,71,16,24,65,101,83,107,106,131,70,92,14,85,51,62,125,81,47,59,126,90,49,12,98,1,20,94,104,55,102,32,13,69,54,129,41,95,117,73,39,31,11,91,22,82,34,108,89,118,29,114,53,15,17,121,84,38,0,93,60,122,30,79,116,105,124,67,128,61,130,133,97,44,33,123,56,23,96,132,78,40,87,76,127,2,112,58,10,113,63,5,100,135,48,37,111,50,3,119,99,110,7,115,19,35,74,64,4,26,8,66,80,86
6,3
128,131,63,134,2,133,14,53,3,0,20,91,79,15,106,105,23,68,51,112,17,35,122,22,57,117,30,101,26,4,109,37,107,98,16,81,129,94,111,84,69,19,103,95,64,12,9,73,28,132,36,124,127,93,32,25,113,99,90,126,88,6,40,87,115,66,77,48,13,8,123,41,44,24,1,72,80,45,121,125,135,119,42,85,74,130,78,76,52,18,46,49,21,96,54,61,102,97,11,27,118,89,50,43,10,114,58,59,5,39,34,110,100,83,120,82,60,71,70,56,55,33,47,62,29,116,67,65,86,31,92,104,7,108,38,75
2,3
131,83,134,43,90,2,72,124,46,100,53,103,1,128,58,21,74,102,9,77,30,63,120,87,130,84,118,35,20,44,27,45,81,98,65,32,82,75,79,55,108,47,39,33,117,116,70,92,31,101,89,95,68,24,105,17,119,11,91,42,16,52,125,133,34,104,93,132,59,99,0,96,22,48,4,41,14,88,15,73,50,23,111,40,62,19,114,135,127,64,49,54,126,61,6,94,7,86,60,123,25,97,36,66,112,26,113,69,8,129,57,115,110,38,10,3,12,78,29,28,109,106,85,18,76,51,80,71,37,67,121,56,107,13,122,5
3,2
42,61,84,13,121,12,54,104,58,2,95,117,112,90,55,79,18,37,85,69,70,89,36,80,86,32,88,66,21,10,7,9,77,52,57,67,128,118,74,3,64,29,127,35,56,6,124,14,53,20,122,24,129,106,101,41,72,98,120,34,100,31,81,40,78,0,26,71,113,8,22,73,60,38,133,19,1,119,23,130,49,76,63,43,51,135,48,97,46,82,92,109,107,11,25,116,28,114,47,15,45,39,83,30,115,125,91,131,134,17,27,110,65,103,132,99,87,59,5,123,108,126,4,94,93,44,96,102,68,16,50,33,75,105,62,111
6,5
49,25,91,67,52,120,29,62,75,76,10,21,109,19,69,81,90,102,108,6,15,64,123,101,80,72,93,82,37,57,77,16,0,88,116,121,110,133,100,28,111,84,68,13,11,56,34,97,86,131,40,126,134,42,85,130,122,135,119,3,98,45,74,18,65,44,41,89,128,48,125,24,20,4,103,70,55,1,106,63,60,46,54,51,118,92,83,124,17,117,66,87,127,58,2,33,114,27,35,32,94,129,59,26,112,23,38,50,71,61,95,53,79,99,8,104,14,22,5,105,9,132,7,12,39,36,43,96,113,30,31,78,47,107,73,115
2,6
79,41,8,15,20,25,78,17,117,118,5,82,13,116,72,59,9,55,6,115,130,21,57,3,94,134,120,131,34,109,90,43,100,84,1,93,22,76,39,10,27,80,68,4,125,63,64,132,108,97,105,46,99,11,87,75,12,30,102,31,85,88,38,52,61,36,45,29,96,62,33,111,121,129,70,51,37,113,74,58,54,110,104,86,49,26,0,106,71,103,50,107,7,81,101,19,92,112,44,126,119,114,127,77,48,32,53,2,124,128,24,67,47,65,123,69,18,14,35,83,135,28,91,73,42,66,133,56,122,23,95,98,16,89,60,40
6,4
64,107,0,111,128,84,109,28,89,19,97,52,48,115,23,91,75,131,110,95,90,33,34,6,116,45,21,65,13,43,99,74,46,31,56,80,69,67,104,58,100,72,47,32,25,66,135,127,125,29,4,1,9,119,93,61,132,11,85,60,114,54,10,126,12,38,73,122,42,16,2,83,59,53,55,79,14,20,70,51,92,30,88,22,50,102,94,37,103,40,129,35,105,44,71,124,57,41,63,86,123,112,118,81,117,134,8,120,98,18,15,108,68,62,7,78,106,49,82,130,3,133,39,87,96,101,77,113,121,36,26,5,27,76,24,17
5,1
63,92,8,9,31,52,128,80,21,54,15,82,48,7,35,135,55,76,97,122,107,113,110,121,68,19,88,42,108,16,115,96,89,26,116,124,103,112,58,64,109,11,104,27,13,129,101,117,39,69,34,17,131,1,62,43,94,32,119,10,133,51,86,50,91,95,57,74,90,6,102,77,123,65,125,111,132,44,45,40,73,100,22,79,20,56,61,3,24,18,67,71,87,105,2,99,114,29,36,72,126,33,49,93,85,75,46,78,53,70,127,106,37,30,81,118,134,66,38,4,28,0,23,12,59,5,84,98,47,25,83,120,60,130,41,14
4,4
24,50,89,62,51,13,6,49,70,22,72,122,129,131,30,135,109,114,47,79,41,86,71,68,99,76,121,61,7,60,63,83,101,73,25,12,66,88,35,26,80,48,10,98,27,64,65,74,97,43,85,46,37,106,124,133,119,33,116,1,0,77,112,31,81,34,57,125,110,100,117,3,104,67,102,42,54,93,45,44,92,113,107,84,4,8,115,28,5,36,108,126,118,91,69,18,11,17,82,128,21,53,23,130,120,111,59,40,14,132,123,55,87,95,9,127,39,96,32,105,38,2,56,134,94,16,90,75,20,58,29,19,103,52,78,15
6,6
52,99,108,102,5,125,12,91,123,29,53,37,115,100,28,117,50,103,97,54,111,41,130,95,68,19,104,121,65,40,33,119,66,126,86,22,80,93,105,30,106,60,63,34,13,58,35,31,11,4,8,127,74,114,44,98,71,82,81,76,14,129,73,56,67,18,64,85,20,133,78,101,27,120,62,122,47,96,2,6,24,15,48,70,83,23,16,77,112,59,128,107,94,25,135,89,45,7,39,84,132,109,51,61,113,75,134,17,79,42,10,118,49,87,90,43,116,55,21,0,32,26,92,38,72,3,110,46,57,69,9,88,131,1,36,124
5,2
70,111,12,128,122,104,14,10,22,50,114,29,48,65,55,74,72,45,57,125,90,4,76,88,32,120,15,5,121,3,80,119,115,51,94,69,103,81,68,54,116,127,93,25,101,8,53,92,110,129,34,30,75,26,38,107,113,46,112,20,73,19,134,59,105,9,62,96,16,52,66,40,64,87,99,23,35,39,83,132,49,71,42,33,27,47,41,6,0,86,133,31,79,82,85,17,97,67,36,124,13,108,11,77,100,98,61,78,109,44,130,126,18,1,123,24,102,106,135,2,117,28,84,118,7,131,60,21,89,43,37,56,58,95,63,91
2,1
49,31,40,9,1,121,58,101,24,27,126,11,60,100,94,61,10,125,15,123,118,54,75,23,88,89,44,3,92,69,0,77,90,96,97,111,51,132,21,41,50,114,102,74,20,65,28,72,95,30,134,81,66,85,19,62,106,124,47,43,104,80,128,108,109,82,73,55,115,70,84,29,14,112,53,98,37,107,6,32,36,35,83,18,105,34,76,48,71,93,130,42,25,17,116,135,33,38,119,64,133,87,78,122,99,8,22,4,57,2,103,86,120,79,5,46,16,59,117,56,39,91,131,13,110,7,26,63,52,45,129,12,127,68,113,67
5,4
94,101,34,15,126,7,6,68,14,60,2,118,42,29,24,51,120,13,133,84,58,119,91,56,114,95,102,0,31,67,123,113,80,110,71,17,16,22,72,12,111,18,131,33,128,87,79,107,86,20,100,105,98,127,78,134,122,90,27,125,39,97,121,36,132,9,99,65,49,47,74,62,116,10,115,57,21,23,26,52,46,92,1,89,112,93,55,73,11,54,117,82,28,38,53,41,66,61,106,135,83,8,77,104,25,32,59,70,130,19,35,124,30,44,43,109,50,108,4,64,48,40,103,3,88,75,63,37,45,76,5,81,85,69,129,96
1,2
70,116,2,135,109,105,67,81,98,64,29,52,119,53,77,66,129,3,117,99,134,115,42,7,107,84,68,89,100,15,108,19,30,90,130,45,121,65,10,61,51,60,106,58,32,35,21,40,123,33,71,102,74,20,79,22,83,28,128,8,26,47,1,72,93,16,46,78,101,86,113,4,88,73,92,11,104,59,118,49,37,39,18,94,50,69,112,13,131,80,127,97,34,82,57,85,111,38,91,133,25,95,103,36,96,62,24,125,5,17,122,14,48,132,126,75,41,12,124,63,31,44,54,9,87,27,114,110,43,55,0,23,6,56,76,120
3,6
63,4,75,98,91,47,49,6,107,130,112,105,38,66,35,109,121,131,54,26,114,64,120,55,128,9,41,16,48,39,58,113,61,32,59,103,89,3,122,88,51,10,118,28,87,25,37,81,92,135,5,8,77,14,74,70,104,20,93,46,57,111,80,119,86,62,106,11,108,115,116,94,117,101,15,126,85,60,53,42,30,21,90,124,22,34,27,79,96,125,17,67,19,133,2,76,110,84,13,73,36,99,100,134,102,50,7,97,78,18,1,127,132,83,129,40,24,123,23,45,43,33,68,65,44,29,56,0,12,52,69,71,31,95,72,82
4,4
37,52,27,19,7,2,114,50,128,60,93,65,83,108,118,122,49,99,131,82,54,90,105,26,64,9,1,112,95,17,68,3,10,20,29,12,72,53,46,109,120,31,35,41,101,15,133,103,11,70,21,84,89,51,92,48,42,38,102,32,79,47,119,110,76,66,16,88,106,123,71,129,130,69,25,55,36,8,98,22,80,33,67,125,4,113,18,135,115,28,121,74,45,24,96,56,61,75,39,6,81,57,94,127,85,0,40,62,59,86,30,126,23,116,44,13,100,73,14,77,111,107,91,97,117,132,124,63,87,104,134,43,58,34,5,78
1,3
105,95,23,104,103,116,92,109,94,25,98,13,79,60,83,120,88,87,82,41,42,72,62,86,90,70,111,21,31,117,6,107,134,18,64,20,121,1,29,2,115,69,56,47,30,33,27,50,5,129,131,132,119,24,101,17,3,61,11,4,38,85,112,53,73,80,63,91,78,133,7,106,93,36,15,102,89,71,123,0,57,22,46,39,108,125,32,51,49,126,16,65,52,97,55,58,128,43,75,37,127,59,34,26,9,35,19,81,118,113,45,74,110,122,84,96,14,124,12,8,99,68,48,114,66,76,40,54,77,10,67,135,130,100,44,28
6,6
104,125,84,4,27,37,133,52,64,12,43,8,33,70,90,80,36,87,41,135,62,92,21,127,51,123,58,119,0,31,61,57,45,19,116,63,121,71,78,48,28,86,50,60,131,42,83,73,38,59,103,18,93,99,7,14,106,46,1,95,88,56,49,65,29,66,75,110,16,98,101,111,89,113,100,30,9,23,134,112,32,132,6,91,128,96,40,94,10,24,67,5,53,11,44,79,72,35,68,109,130,85,126,13,124,69,76,114,81,82,55,97,20,120,39,105,115,77,17,74,25,117,15,3,129,34,108,107,47,22,118,2,26,102,122,54
1,6
133,129,37,64,54,33,60,92,50,9,134,112,101,1,110,93,46,19,119,71,89,77,20,7,79,118,121,127,85,38,135,45,98,80,42,31,90,70,67,57,44,58,73,99,52,2,131,28,82,116,23,124,94,29,123,24,107,102,81,56,13,75,125,100,43,83,68,36,17,48,10,49,96,95,120,97,15,51,8,132,5,88,41,25,65,113,0,109,61,86,3,55,18,34,22,26,11,63,126,53,66,115,108,69,111,40,122,130,27,14,4,105,30,74,104,62,87,84,59,91,35,47,6,39,128,78,106,16,117,72,114,12,103,32,21,76
6,1
135,52,85,97,68,105,115,77,134,88,1,8,90,51,114,83,102,130,20,59,91,112,95,16,27,56,79,60,6,14,33,66,70,28,118,36,22,74,86,63,107,81,124,0,37,113,89,64,55,121,24,129,132,58,57,30,54,119,125,120,7,41,96,101,117,99,108,4,75,93,17,12,5,100,92,131,127,38,65,46,48,19,72,11,13,49,3,32,53,62,76,84,29,128,61,44,116,111,126,10,47,31,123,103,69,43,35,73,82,34,98,21,9,71,18,39,80,23,25,94,106,78,122,42,87,50,2,40,15,133,67,110,45,104,109,26
5,6
107,124,14,109,58,120,44,16,23,113,55,78,87,27,51,125,36,114,97,9,49,88,72,42,133,28,33,117,77,61,130,62,63,21,129,47,121,91,40,67,128,90,65,127,8,79,41,50,118,74,6,135,75,103,111,92,57,32,1,48,53,99,10,35,18,69,73,26,39,24,45,54,122,52,13,105,15,0,71,76,112,56,134,38,12,89,102,123,22,85,34,29,116,37,94,11,106,5,64,66,100,108,98,96,84,46,68,59,17,60,25,95,4,101,43,30,104,132,83,119,20,7,93,3,126,131,70,86,80,110,2,81,31,82,115,19
6,3
127,66,98,122,26,74,84,52,86,117,64,87,42,108,4,72,132,24,3,14,115,16,104,54,106,124,89,44,80,68,133,38,35,99,51,79,0,46,121,39,30,110,32,20,114,101,83,125,94,34,17,47,41,15,13,2,134,22,55,118,60,21,78,11,92,75,1,130,70,36,23,62,77,6,103,9,8,113,59,128,111,69,126,67,49,37,71,43,97,131,95,135,91,93,53,12,120,31,33,76,63,109,18,58,96,61,56,119,90,88,29,107,45,57,40,129,50,105,85,73,81,27,82,100,102,25,123,10,65,116,19,5,112,48,28,7
1,4
62,101,56,102,1,11,85,34,10,51,48,87,65,12,98,73,69,96,18,59,108,132,116,36,129,105,134,135,118,32,29,50,17,19,47,43,37,40,49,61,2,120,123,31,95,133,131,91,6,88,42,33,66,25,111,82,104,54,83,46,44,77,90,28,41,121,113,57,27,64,60,21,115,128,14,38,75,99,68,94,3,5,0,119,130,97,63,78,58,67,127,79,55,71,26,93,80,86,109,103,8,122,52,70,16,74,106,110,15,89,125,22,20,4,35,13,100,81,24,92,23,30,112,76,7,107,117,53,45,126,114,72,124,84,9,39
3,5
101,63,53,23,109,76,62,5,71,41,46,113,8,73,72,118,74,29,103,2,115,75,56,97,94,112,92,65,105,95,84,124,125,40,0,131,107,87,114,42,57,25,135,24,7,28,127,12,98,117,19,49,110,35,116,130,47,6,104,85,77,22,15,37,111,81,102,39,17,132,106,90,126,27,79,38,93,61,122,9,36,1,14,83,58,11,13,48,32,55,121,88,108,30,133,4,52,31,21,129,82,20,78,50,54,89,96,18,34,16,3,45,51,91,69,120,44,64,67,43,99,128,33,123,86,26,10,60,80,134,66,70,68,100,59,119
6,1
92,18,90,0,70,124,81,109,130,10,128,1,57,91,2,93,48,53,44,46,127,102,74,47,72,7,3,22,31,29,51,99,79,35,64,120,5,16,40,62,54,121,15,78,28,50,17,132,8,30,123,14,98,63,33,42,32,13,86,84,26,97,43,89,111,80,6,39,113,95,23,119,59,87,71,129,65,41,12,68,24,61,94,77,96,112,134,49,58,20,67,101,11,116,115,133,114,25,52,106,100,4,76,135,118,69,126,110,125,85,104,122,38,45,107,117,60,34,82,56,105,9,36,27,19,103,21,131,73,83,37,88,66,55,108,75
2,5
50,60,90,0,6,16,84,104,119,109,39,64,76,43,24,41,72,87,103,112,107,97,94,114,134,2,21,120,48,98,116,93,102,126,86,101,105,47,99,89,113,88,9,4,30,33,110,131,127,58,45,129,37,36,3,55,135,91,44,118,128,121,13,53,11,15,17,80,125,38,85,100,74,54,12,52,106,56,111,42,40,75,5,29,10,130,34,8,92,82,23,133,81,25,59,78,27,79,57,96,46,108,73,51,63,49,132,123,14,28,31,22,18,68,1,124,62,95,32,67,66,61,115,7,19,117,71,20,70,122,83,65,69,77,26,35
3,2
28,80,83,39,133,129,69,45,19,21,15,74,115,126,55,131,64,104,127,23,2,134,26,34,125,53,109,22,33,75,57,58,91,103,29,37,10,100,94,89,9,90,4,132,118,81,119,121,92,46,113,66,13,98,70,124,110,8,135,20,123,48,101,3,112,51,0,18,107,24,106,120,62,43,49,59,27,17,41,31,14,77,130,65,38,108,54,96,50,40,61,128,88,42,76,114,72,71,116,1,99,93,86,79,60,122,32,117,73,105,78,5,12,36,25,97,82,102,35,95,16,63,11,67,44,56,52,85,30,84,6,87,111,47,68,7
6,4
133,131,42,2,127,107,5,60,49,79,104,66,105,100,58,44,17,48,124,116,54,52,18,128,68,96,102,121,90,23,3,35,95,11,134,46,25,74,85,50,56,78,30,132,129,122,21,126,88,55,33,14,135,62,0,12,1,53,16,98,45,59,29,38,67,36,92,80,7,111,108,32,118,117,119,10,39,41,91,13,47,99,94,34,73,65,114,130,64,86,51,70,26,28,69,101,37,106,72,87,81,24,19,77,57,115,63,89,82,4,22,112,8,125,113,71,61,93,84,75,15,120,76,97,103,27,123,31,6,109,43,20,40,9,110,83
6,5
68,49,82,38,3,32,60,8,35,47,114,131,102,11,88,96,84,5,22,53,95,120,50,103,99,14,124,71,62,33,51,94,112,17,6,43,21,91,113,39,127,85,24,86,128,48,75,9,83,41,105,130,16,72,118,76,67,28,10,63,66,123,132,87,54,55,104,122,92,135,97,61,90,93,27,119,80,98,78,74,18,106,4,101,81,40,64,121,26,77,13,30,25,31,69,46,89,108,57,79,12,36,37,52,115,2,111,70,65,58,129,1,110,44,42,133,19,107,134,20,100,34,0,15,56,126,7,73,125,116,109,29,45,117,59,23
5,6
131,15,41,4,13,6,33,78,10,88,28,75,7,61,72,53,95,119,65,114,20,107,43,93,45,112,8,79,126,71,98,18,117,32,130,58,66,23,39,69,104,109,135,129,132,116,86,25,105,74,67,103,51,47,100,90,16,55,122,60,64,120,83,5,17,73,3,42,31,91,29,106,14,96,63,54,89,48,123,1,24,21,94,97,36,34,40,118,26,128,50,11,101,59,92,68,110,80,0,30,121,84,22,87,125,27,133,77,76,134,44,57,12,85,108,2,113,37,82,111,38,62,70,9,115,46,102,127,49,99,56,52,35,124,19,81
3,5
67,100,112,36,70,127,16,27,58,91,95,111,26,76,96,22,133,101,11,9,17,62,71,53,19,40,65,87,97,61,128,69,35,0,59,109,47,64,113,30,117,10,105,66,52,14,103,85,126,12,98,132,55,74,121,37,7,129,2,45,124,93,72,32,80,131,89,20,21,6,115,1,107,13,24,28,114,51,38,5,82,18,120,4,31,49,84,68,34,57,42,119,110,48,8,60,88,123,83,106,29,50,15,3,25,102,78,135,75,41,23,130,86,33,56,46,43,79,81,54,108,122,73,92,99,63,118,116,44,77,39,94,134,125,104,90
6,1
107,128,73,13,37,21,66,60,42,67,7,71,19,120,28,18,89,131,63,32,31,20,93,115,114,62,96,49,1,36,24,126,78,3,117,110,8,88,56,68,2,74,0,29,100,77,113,127,10,92,27,116,124,123,98,35,39,90,79,72,61,9,54,84,104,6,58,135,38,44,12,105,45,22,50,55,122,82,94,97,121,80,52,134,59,5,26,101,51,4,83,47,34,23,91,103,43,86,46,132,95,11,130,76,111,70,53,17,14,40,118,109,33,41,57,108,85,87,106,64,30,102,16,125,119,25,69,133,15,75,112,48,99,81,129,65
1,2
36,106,25,49,51,117,128,99,19,79,2,28,45,37,102,34,87,16,6,101,123,32,60,122,63,52,127,95,96,59,33,92,18,62,80,70,85,113,109,82,108,21,7,40,57,5,35,129,73,56,38,116,10,121,135,110,41,9,3,112,74,23,130,103,39,86,125,98,13,66,0,26,1,126,53,43,83,4,76,58,22,93,100,61,30,78,118,132,64,84,14,77,31,68,67,44,119,133,42,94,27,29,104,46,124,131,115,54,89,114,20,111,81,71,120,8,91,12,134,107,75,88,11,105,47,17,97,72,69,50,24,90,15,65,55,48
5,3
33,114,95,38,18,5,124,93,117,53,67,71,111,110,23,128,116,133,104,76,14,73,55,15,135,6,108,52,63,60,69,107,118,4,3,32,20,17,16,25,79,41,8,131,134,98,130,89,86,36,19,123,35,127,46,83,70,91,99,57,75,7,102,132,13,58,0,88,112,49,42,39,45,40,82,113,120,54,84,29,121,106,12,96,81,92,97,125,2,9,87,115,94,62,26,90,122,101,43,21,64,11,56,68,77,51,24,119,22,31,59,1,47,65,80,103,126,48,37,10,109,34,72,27,100,66,44,129,30,105,74,28,61,50,78,85
3,2
38,0,99,89,35,28,88,46,57,6,66,74,127,118,107,131,69,47,39,5,102,51,109,20,119,126,56,101,21,61,37,85,124,8,32,9,63,135,75,58,91,15,112,96,1,19,134,25,98,34,129,133,116,62,54,67,95,48,123,52,87,90,11,71,31,40,78,100,55,36,120,30,10,16,26,106,33,14,22,83,81,68,70,104,23,80,13,114,79,2,73,111,82,130,77,59,121,117,53,7,115,97,86,12,84,132,93,113,41,43,49,42,44,92,24,110,65,108,50,76,128,122,72,94,103,29,64,105,3,125,4,45,60,27,18,17
1,2
20,118,60,134,46,37,107,47,61,101,86,2,55,74,113,68,28,119,106,38,27,102,5,51,31,114,121,109,26,8,7,12,48,76,17,33,57,103,132,123,133,97,10,111,92,41,64,100,83,42,120,98,105,1,36,126,94,75,15,63,127,21,0,110,58,71,19,131,130,13,24,16,93,90,96,125,84,70,79,54,4,73,35,62,117,78,81,116,99,39,9,50,77,108,34,82,89,40,25,80,135,30,29,128,91,14,59,72,49,122,85,11,22,44,43,115,23,3,67,45,88,66,52,53,104,95,18,32,69,124,112,6,129,56,87,65
4,3
23,30,83,52,78,94,11,74,130,18,48,69,24,131,125,66,68,98,105,31,70,58,17,50,114,111,40,101,82,133,42,63,2,46,61,77,116,43,49,76,39,109,93,96,25,35,53,57,3,73,97,9,4,123,117,62,19,119,22,107,36,10,13,113,20,115,34,8,86,55,41,120,100,126,16,92,102,128,122,80,38,5,65,118,91,15,60,64,27,110,106,67,88,33,71,72,99,129,121,0,85,127,103,79,134,26,132,124,87,12,56,89,47,84,32,90,108,44,112,14,21,75,51,45,59,6,95,54,7,28,29,135,104,1,37,81
1,6
22,49,65,45,52,119,28,63,110,125,131,101,124,60,81,77,120,27,76,83,135,38,4,2,37,9,29,34,107,122,104,92,35,67,128,31,39,13,113,51,15,26,116,5,16,86,100,117,82,23,20,103,126,72,94,36,102,64,53,59,114,109,18,111,74,108,75,93,41,112,46,105,17,6,115,0,44,68,90,84,25,98,3,66,7,10,127,14,55,71,123,8,99,85,95,58,56,121,129,91,24,47,96,106,30,130,70,62,97,133,19,43,132,42,32,89,40,21,50,87,73,11,80,134,12,54,48,118,79,57,33,78,1,69,88,61
5,3
109,86,11,78,69,27,33,125,45,120,0,83,104,54,121,35,116,39,53,98,48,85,91,21,23,74,41,62,73,6,16,57,12,61,28,19,107,43,31,7,22,89,80,40,72,14,130,32,52,8,30,110,133,50,4,5,15,127,55,56,76,96,75,13,108,24,63,77,26,58,38,112,88,36,103,34,101,47,9,70,132,105,129,20,97,68,18,123,84,66,135,122,124,99,51,3,87,106,93,49,131,95,113,115,65,102,60,29,25,81,82,44,71,117,90,92,1,114,10,79,67,42,2,59,17,37,126,128,111,100,94,64,119,118,134,46
5,1
37,85,78,109,17,99,39,77,47,51,114,107,32,71,117,119,86,82,25,123,36,72,48,43,13,124,103,12,33,91,70,28,31,95,102,4,9,93,73,130,54,56,57,21,38,27,135,94,131,50,74,132,49,6,46,64,69,35,19,101,2,98,116,83,58,0,84,113,52,45,24,96,40,121,106,30,14,67,7,127,62,89,128,63,110,68,3,90,112,79,129,29,61,104,15,76,53,75,18,11,92,81,100,115,41,66,118,55,60,111,20,34,5,122,134,87,59,133,8,65,23,108,10,105,1,42,88,22,44,120,97,80,26,16,126,125
5,1
86,52,76,94,61,58,100,102,25,64,124,51,91,37,2,46,63,44,93,55,114,95,62,132,18,38,40,0,59,90,71,127,133,41,108,14,126,134,31,79,92,28,69,81,101,123,98,50,1,70,43,130,23,7,96,56,103,48,36,99,120,80,66,54,47,88,107,85,117,9,87,82,32,89,33,72,60,77,109,122,129,57,30,67,3,39,26,112,121,131,125,128,84,104,53,11,13,65,116,8,106,5,17,97,10,29,68,83,111,22,6,12,110,113,35,74,75,21,49,20,135,24,42,34,118,4,119,19,105,115,27,78,73,16,15,45
2,5
32,68,73,26,79,82,8,113,107,133,44,16,67,51,65,96,108,11,90,30,28,70,78,121,24,66,72,58,112,27,12,131,119,25,129,87,125,115,36,117,92,59,85,3,14,40,22,97,46,84,34,64,17,102,9,81,127,45,33,47,106,76,83,63,15,99,5,118,94,60,52,41,39,135,123,55,100,74,35,10,132,38,128,110,29,2,56,21,57,6,19,86,0,31,62,126,80,105,54,93,50,37,122,130,7,69,104,109,49,23,48,114,88,13,111,53,71,75,120,4,91,134,20,98,95,116,18,101,43,77,61,124,103,89,42,1
6,5
46,26,92,64,125,12,108,116,5,14,34,71,22,29,119,91,19,1,134,18,37,123,82,74,95,59,78,114,117,58,131,128,73,105,57,98,61,75,120,56,87,86,13,70,80,100,93,55,85,68,129,97,72,17,30,126,28,77,88,7,65,49,113,50,90,9,132,35,40,103,41,48,101,24,45,112,79,69,76,104,6,99,36,118,42,84,111,20,63,62,21,8,4,16,39,27,106,3,109,121,52,10,33,38,47,51,11,67,110,89,96,127,53,94,133,115,130,44,66,2,124,135,25,60,0,83,15,31,54,122,32,23,81,43,102,107
2,5
19,59,21,65,71,20,72,119,134,31,24,132,123,84,86,74,73,75,57,93,16,66,13,36,3,124,54,50,40,30,60,89,83,58,82,1,64,26,61,109,68,105,37,107,35,88,10,69,98,125,9,0,78,18,76,116,122,91,79,14,52,97,28,94,135,130,62,48,5,63,12,17,87,8,104,34,85,27,101,56,127,112,70,43,133,53,77,110,103,6,7,126,102,81,38,80,117,23,67,120,100,22,47,115,33,51,108,49,111,129,113,29,92,99,39,45,4,44,42,114,32,15,25,41,106,128,55,118,46,11,90,131,96,121,2,95
5,4
121,45,14,64,3,96,125,109,19,55,99,75,83,22,16,79,74,92,26,20,15,13,127,98,2,122,37,118,24,43,28,94,4,91,133,46,131,134,40,78,88,115,30,81,9,18,110,66,36,90,39,10,135,123,100,8,105,101,58,129,23,54,6,62,12,95,65,102,7,69,80,21,68,27,56,61,86,32,97,17,11,103,126,84,35,114,112,51,76,29,0,108,44,53,104,70,41,57,87,34,63,89,47,120,132,50,49,48,93,107,77,67,52,5,124,42,25,82,59,128,119,60,116,72,106,85,31,71,117,73,111,130,33,38,113,1
5,5
40,118,52,106,13,59,63,131,19,34,91,12,4,81,38,119,88,135,48,9,1,6,15,66,82,23,22,122,26,92,31,79,115,132,2,62,87,86,130,83,95,50,117,7,73,20,113,35,90,121,70,39,103,98,97,127,134,76,112,46,18,102,21,47,53,41,125,45,100,123,33,17,61,110,80,30,0,72,105,116,71,60,25,84,96,37,64,108,51,28,75,42,94,29,104,5,67,126,128,54,58,77,57,124,27,107,133,36,78,101,74,114,14,68,43,129,8,3,65,10,111,32,93,55,49,69,85,89,56,109,24,11,16,120,99,44
4,5
77,108,114,40,97,91,132,131,10,133,110,64,28,36,124,79,57,78,8,88,30,19,12,107,81,63,14,34,46,52,75,100,125,37,16,82,41,103,21,92,118,48,71,39,85,93,128,96,7,20,9,29,111,134,62,130,61,2,76,5,87,51,32,72,44,23,129,54,116,6,11,95,17,74,4,25,105,99,1,123,90,80,35,47,31,18,42,101,119,33,38,122,126,70,22,24,27,102,120,86,94,43,127,98,66,3,104,60,65,15,53,73,67,115,69,83,55,113,106,112,135,45,26,58,50,109,117,68,56,84,121,49,59,0,13,89
2,1
86,77,6,41,85,14,9,130,134,126,23,135,21,91,92,2,63,113,42,110,101,131,32,125,33,83,124,74,51,70,8,95,64,78,115,100,26,43,53,127,24,37,17,22,96,90,16,89,84,116,94,52,108,7,3,119,129,50,54,122,57,118,76,0,36,47,61,59,132,35,65,44,10,120,109,128,80,93,87,68,34,79,105,38,56,28,60,114,31,27,46,121,29,55,18,111,99,12,15,98,133,40,39,81,49,4,102,117,123,19,5,25,13,67,58,20,104,88,71,30,72,66,1,107,103,62,75,69,45,48,106,82,112,73,97,11
5,4
60,86,113,16,93,82,42,95,116,74,123,44,118,92,67,98,45,9,51,65,125,77,32,104,90,56,89,63,115,37,130,27,64,117,103,131,49,119,22,73,47,5,105,78,54,57,1,50,13,66,43,0,80,128,107,31,33,129,96,81,124,4,20,114,83,76,75,99,39,87,72,88,25,79,19,53,55,17,97,34,112,110,28,26,38,8,101,120,18,85,61,69,12,100,40,133,41,111,135,2,91,68,94,121,24,71,7,70,35,29,3,132,15,48,52,127,84,11,59,126,108,14,23,6,58,10,62,21,46,36,109,134,122,106,102,30
6,6
28,13,114,51,66,56,104,23,86,36,129,0,85,132,133,100,32,109,128,88,20,72,81,30,73,35,89,68,15,135,42,61,39,98,124,44,9,107,83,106,50,59,34,5,12,74,79,38,101,62,7,60,122,120,11,27,99,45,121,105,8,111,31,17,65,46,16,69,77,67,75,123,19,2,58,97,131,43,78,14,10,96,4,70,93,33,52,113,115,26,127,25,76,87,80,102,40,95,1,92,53,54,82,112,18,64,21,49,6,125,37,110,130,94,108,118,63,57,48,55,119,126,29,47,117,71,90,103,22,41,84,24,3,116,134,91
1,6
27,12,73,43,50,62,117,24,51,111,41,54,131,112,122,70,75,34,47,89,116,1,36,110,60,124,95,118,25,3,10,92,99,49,133,48,9,105,52,15,4,14,129,74,85,83,88,65,125,0,37,69,21,76,39,115,79,11,57,13,6,2,120,113,40,98,77,20,101,44,119,68,30,114,87,22,66,42,56,109,84,78,103,100,91,128,108,5,80,121,72,46,81,16,53,45,130,18,134,127,61,132,28,58,7,97,135,82,29,63,38,123,23,106,35,104,96,93,19,8,33,17,31,102,55,86,59,26,126,94,107,71,90,67,32,64
2,3
111,48,40,107,86,91,37,113,114,20,1,105,131,94,50,100,29,31,4,47,15,35,27,16,133,12,85,127,92,39,25,118,90,122,110,69,7,49,126,33,51,61,84,57,96,79,121,63,5,52,45,119,104,56,72,81,13,3,59,66,99,102,8,83,124,21,74,78,17,24,71,34,77,108,76,22,88,109,64,43,10,132,106,41,73,18,75,128,95,19,32,42,0,123,68,112,130,28,26,125,117,55,70,54,98,11,60,134,65,116,38,82,103,53,14,129,80,58,135,2,89,9,62,46,44,93,87,115,30,23,6,67,101,120,36,97
3,1
110,129,23,34,47,36,86,31,27,120,43,96,85,100,50,42,17,46,28,14,24,134,5,67,13,56,8,79,40,10,91,51,33,69,49,124,81,128,101,80,55,78,68,15,3,94,108,0,48,105,62,45,18,121,19,92,90,57,39,20,11,70,44,99,2,112,35,77,88,131,93,16,118,65,12,98,117,116,102,52,41,107,111,74,97,103,123,7,84,115,30,130,82,104,71,38,75,133,53,122,106,125,25,63,114,4,119,89,37,72,58,22,29,73,59,113,26,87,54,61,60,32,9,132,126,127,83,95,76,109,64,1,135,21,6,66
5,5
39,60,99,122,65,4,23,50,125,127,35,131,102,120,16,56,79,1,42,32,40,96,45,29,126,36,27,14,10,112,63,31,17,116,105,33,72,9,90,18,3,12,77,95,107,71,109,98,47,2,44,13,49,58,6,26,83,73,104,113,100,25,34,30,22,68,82,21,114,66,133,46,106,43,51,69,28,117,48,57,19,86,135,128,91,93,111,121,0,61,129,70,103,85,75,110,62,38,84,52,15,132,54,78,5,87,67,118,59,94,24,119,53,76,130,20,108,89,74,88,97,7,134,92,55,124,101,11,80,37,41,123,8,64,81,115
5,5
67,12,28,87,55,38,135,111,78,16,85,64,117,79,95,106,122,17,131,29,72,15,56,30,1,96,74,22,69,43,98,5,37,44,8,128,27,107,54,61,32,115,81,88,59,47,84,103,110,127,31,105,26,24,129,126,120,45,36,68,48,65,97,104,70,66,93,50,102,11,57,83,52,91,75,20,39,90,132,101,134,109,9,7,13,77,80,3,116,63,42,112,6,46,4,121,89,71,130,118,49,133,92,14,2,82,18,123,119,19,33,113,35,58,60,100,94,99,73,108,40,10,25,114,62,124,86,21,41,0,34,76,51,23,125,53
1,4
39,44,101,35,78,13,83,9,4,19,34,72,90,102,69,18,106,128,10,129,52,130,111,116,38,64,84,87,1,41,17,59,121,105,86,122,115,11,53,108,95,55,92,126,112,66,67,124,57,50,97,48,61,32,16,93,134,132,75,99,30,42,76,110,77,47,36,135,73,119,5,14,131,74,91,15,65,6,127,60,96,63,54,98,81,7,125,117,46,25,109,20,71,118,62,123,100,8,80,89,37,28,120,29,27,94,40,21,70,51,88,3,68,31,82,58,26,133,103,85,0,43,33,24,104,23,113,22,49,12,79,45,107,114,56,2
4,2
12,100,80,28,20,98,88,97,87,121,17,62,107,37,106,116,131,90,6,113,104,58,11,109,118,63,74,130,73,129,75,47,25,64,84,18,76,10,103,51,92,54,30,112,117,15,49,5,119,29,105,114,81,69,55,59,71,122,61,78,125,115,43,93,120,23,46,127,16,7,24,45,44,57,27,0,89,135,82,50,108,31,111,38,70,3,39,79,36,133,9,65,68,14,34,48,1,21,60,4,134,128,77,95,91,99,72,102,124,123,19,85,22,41,67,53,94,110,86,96,2,35,83,101,132,8,32,40,56,66,52,13,126,42,26,33
1,2
30,27,99,108,103,42,32,74,14,22,69,45,98,36,94,47,114,120,131,127,55,83,13,102,82,84,121,129,78,68,79,67,50,9,41,43,3,29,1,51,104,11,86,44,19,95,80,40,96,81,63,71,91,73,119,49,124,90,133,128,66,113,122,17,77,6,135,37,116,100,112,115,2,18,54,7,26,35,60,72,61,53,132,57,21,46,58,111,70,25,93,33,62,59,52,106,117,16,75,89,4,64,34,20,88,24,23,56,87,48,123,28,109,8,107,0,130,118,92,134,125,101,105,5,12,65,110,38,97,15,31,85,126,76,10,39
3,2
100,47,54,9,127,6,67,105,71,81,28,90,53,31,13,40,2,95,0,131,130,38,124,17,25,108,51,65,15,26,56,97,58,115,8,41,14,113,132,4,96,23,46,20,89,133,57,111,5,33,29,129,74,39,134,102,59,27,62,64,30,3,104,86,66,82,114,63,78,126,11,99,70,22,45,109,19,60,101,18,44,98,73,36,10,42,61,123,110,107,83,52,112,16,92,121,55,43,72,118,88,35,128,32,48,21,93,84,37,76,49,68,106,77,91,34,117,119,12,125,103,120,79,75,69,122,87,50,85,24,94,116,7,80,1,135
5,1
91,124,120,62,58,121,49,68,57,75,61,98,27,109,56,18,108,51,29,65,114,36,39,110,115,17,94,66,116,25,38,23,132,67,34,21,20,111,14,10,16,104,9,96,97,2,31,19,47,92,86,131,28,15,135,93,73,127,81,4,119,1,128,12,117,85,72,82,79,125,3,33,63,106,52,53,99,64,42,123,22,0,90,129,134,76,60,101,118,89,46,112,113,24,37,122,11,5,84,40,103,41,7,130,133,26,43,35,100,59,44,70,126,74,32,45,78,55,54,80,102,83,69,8,13,105,6,71,30,95,48,50,107,87,88,77
3,4
43,29,112,108,75,111,84,61,110,70,73,63,78,124,64,2,106,81,102,31,101,41,123,134,113,126,46,53,119,55,132,23,95,90,109,42,103,72,129,88,21,33,7,80,8,51,96,16,93,100,79,89,19,28,69,85,44,115,27,5,36,86,94,11,71,122,135,117,76,3,17,32,34,38,37,48,104,10,105,9,133,68,56,13,45,57,18,49,24,14,66,59,125,25,97,1,130,6,40,50,82,128,83,114,65,20,30,62,98,15,121,74,118,58,99,107,92,91,77,116,39,131,12,47,120,60,35,0,52,127,4,67,54,26,87,22
3,2
46,82,3,76,69,114,118,35,85,18,1,73,116,7,30,37,128,49,108,75,95,57,66,39,2,106,74,40,109,126,132,134,133,93,29,60,10,125,65,77,32,102,110,90,135,33,112,25,122,87,89,120,8,12,86,59,6,61,54,13,4,17,98,78,51,52,42,36,123,100,43,121,62,16,97,71,127,105,81,20,55,58,119,84,68,88,28,70,11,80,34,26,19,21,103,111,38,50,91,22,94,64,96,15,115,130,63,113,44,72,53,107,56,47,23,67,41,79,31,99,45,124,24,129,101,104,5,27,0,92,14,117,48,131,83,9
2,4
118,9,129,126,30,101,92,103,69,89,15,10,113,61,90,72,18,6,28,105,5,81,12,94,74,13,71,50,104,110,68,4,11,38,125,112,25,75,96,120,3,27,52,66,43,51,98,53,56,121,42,100,17,34,86,44,31,37,117,99,76,88,93,33,24,58,20,36,7,109,46,106,14,116,107,95,134,128,47,29,73,102,26,19,124,80,16,84,114,83,135,87,77,45,91,2,82,57,131,22,54,8,67,1,23,49,40,133,65,122,63,111,0,108,48,59,97,119,64,41,123,127,62,70,35,32,55,60,39,85,132,115,79,78,21,130
3,4
57,99,56,28,121,42,113,96,87,124,82,31,106,81,55,97,94,128,63,132,115,45,21,64,68,20,69,27,37,101,83,117,122,5,2,88,19,14,44,129,114,80,130,109,66,58,112,118,133,43,30,92,100,105,41,52,4,70,72,73,110,51,131,103,15,33,116,126,47,34,7,65,108,22,120,84,18,90,93,119,49,61,11,24,48,86,35,134,12,10,8,76,46,3,53,89,107,32,0,77,71,29,123,38,23,91,6,62,125,1,102,104,98,13,135,36,111,9,59,25,95,17,75,60,74,50,26,16,54,78,127,85,79,40,39,67
5,6
65,59,98,15,81,97,113,82,104,126,84,44,56,96,93,63,90,18,53,67,74,11,122,61,54,94,2,119,8,0,70,23,72,92,78,107,19,106,7,38,121,10,30,43,118,64,55,29,47,89,117,41,76,3,50,131,108,6,112,62,20,49,40,17,28,33,34,42,57,25,87,129,116,31,48,123,13,83,66,114,103,51,22,68,120,132,71,91,100,21,37,4,27,35,85,75,125,32,26,101,105,115,109,9,58,127,46,134,77,24,110,1,73,130,14,86,69,52,60,111,88,45,16,95,99,39,102,128,36,135,5,79,80,12,124,133
5,6
70,51,58,31,71,135,98,65,82,125,92,133,14,117,132,121,62,106,77,64,119,91,115,81,80,29,45,110,108,35,37,11,122,90,75,84,109,96,131,59,43,50,1,78,61,44,9,21,16,113,89,66,20,22,36,112,76,4,13,120,47,53,19,18,79,15,39,101,60,54,111,73,74,12,57,116,28,68,7,55,0,23,85,100,26,56,46,48,49,104,93,124,5,30,41,107,102,10,8,6,129,17,33,130,123,69,127,67,126,27,114,38,72,86,134,52,103,42,40,83,94,95,3,32,87,25,128,24,2,63,99,97,118,105,34,88
6,3
86,129,59,106,51,132,130,71,131,12,67,114,33,57,19,82,39,75,115,135,122,47,109,92,87,133,3,95,10,80,40,107,18,30,11,45,49,101,14,4,58,127,54,70,117,103,83,108,9,113,5,63,110,56,6,31,60,36,85,23,7,24,93,102,98,42,134,66,32,27,26,44,20,74,64,1,104,53,125,84,72,68,111,97,123,25,46,121,2,94,34,116,37,126,89,15,105,28,78,8,120,13,21,52,62,76,50,35,90,61,73,41,0,96,99,118,128,81,100,69,22,43,65,29,112,119,17,16,38,77,55,124,91,48,79,88
4,3
80,88,87,15,89,54,125,72,100,42,101,77,8,31,75,103,114,3,33,43,55,64,99,38,27,58,130,1,129,71,93,131,44,115,123,98,18,127,69,41,10,61,118,135,59,6,23,79,119,122,112,84,7,78,36,40,62,48,13,52,110,53,126,9,108,49,74,21,35,46,95,113,66,12,85,34,19,83,102,105,132,56,91,67,120,117,16,94,86,28,70,51,134,26,45,25,82,24,107,65,29,30,2,37,17,11,121,97,92,20,32,47,76,116,81,104,63,4,39,5,73,60,109,133,128,68,57,111,90,106,96,124,14,22,0,50
4,6
105,80,123,114,11,42,10,89,21,36,49,132,44,108,51,19,60,33,97,24,78,128,1,130,83,66,117,45,37,32,65,43,22,47,77,35,17,70,38,129,103,41,120,0,7,34,135,71,26,94,68,12,90,18,56,104,86,63,125,75,6,30,98,64,52,28,100,16,54,48,131,115,91,134,61,82,96,76,3,127,55,46,121,23,58,15,2,95,112,25,101,102,9,67,4,27,109,118,57,74,111,84,8,85,113,31,122,40,88,81,69,13,50,14,92,87,133,72,116,110,106,39,20,99,73,53,126,93,107,119,62,5,124,29,59,79
5,2
115,114,46,119,80,106,29,78,73,11,112,22,82,33,123,85,107,90,88,6,75,111,113,61,27,55,5,86,118,62,120,71,103,25,21,98,130,67,128,68,50,40,122,9,58,135,133,96,95,47,13,79,30,2,102,81,41,19,26,48,37,83,60,53,77,18,38,49,52,132,43,42,14,36,57,72,63,70,126,16,64,108,109,87,23,65,134,66,35,3,45,129,101,124,7,94,131,54,31,125,97,34,8,76,100,39,91,116,104,24,1,89,32,110,44,56,59,28,12,17,74,10,15,105,69,93,99,20,0,51,92,84,4,117,121,127
1,3
43,116,112,129,57,64,31,8,133,32,135,92,109,93,21,119,53,104,83,36,122,52,85,80,50,18,68,12,74,108,73,60,59,101,48,114,40,51,63,66,71,132,105,46,49,89,11,106,41,28,19,0,84,125,55,24,5,44,15,1,23,58,76,45,81,30,20,35,90,69,70,54,78,102,75,126,100,42,99,87,94,10,77,7,130,82,33,117,96,47,113,107,62,123,34,38,27,121,17,131,3,37,98,91,124,16,111,25,61,88,110,97,56,86,79,65,67,13,9,115,118,39,29,95,134,22,4,14,120,2,103,128,127,6,26,72
5,3
111,101,59,6,129,35,118,68,52,13,40,70,106,94,128,107,71,26,103,63,17,49,1,66,32,87,45,14,54,47,25,62,131,48,39,34,132,8,42,88,79,55,81,115,89,125,41,60,31,134,69,84,82,119,37,4,76,72,130,50,53,126,135,21,96,29,123,9,27,86,116,100,10,127,36,44,18,124,15,98,46,28,3,51,75,78,85,12,33,67,120,19,97,109,57,93,99,20,121,92,65,90,91,22,73,77,133,16,0,112,38,7,61,95,64,11,102,83,104,5,24,80,43,23,122,74,113,108,110,58,117,114,56,2,105,30
1,3
45,10,122,8,121,68,5,95,80,69,12,76,18,96,72,109,127,15,130,103,55,88,99,43,117,124,22,41,116,105,32,63,57,35,38,90,47,0,56,91,94,29,53,16,23,3,128,7,34,108,14,101,33,37,66,120,13,26,27,62,102,58,48,54,59,107,87,73,81,67,64,85,125,11,71,6,132,30,110,1,100,106,111,39,84,61,83,9,50,49,126,21,135,97,92,104,112,75,70,51,44,2,118,36,4,42,131,93,25,113,65,78,86,133,60,77,119,31,28,17,129,79,114,52,98,115,19,134,24,40,82,46,89,74,123,20
3,5
40,23,37,2,52,15,8,43,79,92,72,125,110,0,98,65,124,118,96,22,19,77,116,12,64,126,105,50,114,71,24,67,95,18,57,127,78,56,103,104,73,129,119,100,121,42,97,102,27,5,62,3,20,13,17,21,81,74,61,66,117,75,87,115,28,109,35,9,91,84,55,1,36,107,131,38,6,44,11,51,4,32,99,106,88,113,70,123,54,133,29,53,122,48,86,69,90,94,76,85,128,82,134,14,25,26,112,34,41,101,120,63,46,108,68,135,83,111,60,132,39,58,10,16,45,59,47,49,30,93,89,31,80,33,7,130
4,4
117,120,121,127,3,1,23,67,84,27,46,40,112,119,111,34,0,16,8,43,33,102,85,87,22,9,80,15,51,129,90,70,91,86,94,17,107,30,100,63,56,99,21,71,116,50,55,79,35,98,103,66,130,5,96,92,75,123,28,124,82,132,11,106,37,12,133,62,13,83,39,45,54,73,53,32,89,110,118,88,4,65,6,114,126,109,74,72,19,134,58,81,93,105,68,57,24,78,31,60,64,36,135,42,14,25,77,18,41,95,26,76,20,108,122,49,128,59,101,52,44,48,115,10,104,125,7,29,47,97,61,131,69,2,38,113
3,2
19,73,119,0,129,38,56,64,109,98,127,42,118,45,16,17,46,131,103,124,57,12,28,48,67,75,82,94,123,95,65,74,54,80,59,134,9,89,27,91,117,113,100,52,135,24,31,10,88,44,76,128,101,122,92,61,35,50,8,2,120,62,15,69,93,55,111,4,20,105,37,32,84,34,60,112,26,96,115,86,11,132,18,33,81,106,110,21,114,3,6,78,7,107,30,104,133,87,14,97,25,79,5,70,83,1,66,41,13,126,53,29,51,116,23,71,49,72,77,47,43,85,40,99,58,22,108,90,121,102,36,63,68,125,39,130
2,2
94,44,58,30,54,12,80,120,49,75,91,17,3,40,50,110,132,2,19,87,116,39,20,95,46,56,8,117,88,53,4,107,36,16,115,102,61,0,96,37,26,97,114,113,124,84,52,130,72,57,24,27,9,33,109,101,38,65,15,89,131,14,41,82,127,78,71,63,31,126,128,47,121,92,23,134,90,133,100,10,112,55,13,48,85,118,21,83,59,99,98,18,28,68,5,111,104,73,66,81,62,69,29,129,103,51,22,86,79,6,11,32,105,123,35,108,76,45,1,64,7,43,93,135,25,60,106,34,70,77,74,67,125,42,122,119
2,6
19,78,16,46,53,51,113,112,114,49,1,18,71,62,6,134,34,88,45,32,59,110,41,117,130,75,131,52,123,106,96,14,15,72,92,60,43,68,128,3,55,50,65,125,132,115,91,57,79,102,12,70,8,28,74,122,67,24,99,80,94,69,31,85,121,36,40,104,93,26,126,105,87,83,58,97,9,86,21,25,98,111,17,54,5,100,108,38,73,39,27,63,77,129,135,124,119,35,20,48,84,2,10,116,56,107,82,23,127,47,30,22,118,95,7,109,64,90,103,0,81,89,42,33,66,61,11,13,120,101,133,29,4,37,76,44
4,3
113,48,15,106,77,16,39,80,89,127,42,97,135,55,40,35,115,66,20,129,95,14,70,103,133,111,126,75,69,17,96,8,102,84,36,87,32,73,100,116,74,58,105,37,72,125,59,34,10,117,120,13,99,63,134,71,98,86,25,90,47,46,82,93,50,83,67,130,1,123,110,57,65,22,91,104,85,60,122,128,101,9,62,6,64,30,88,124,119,112,44,33,11,81,56,3,118,5,131,92,4,51,107,26,19,54,0,76,94,68,41,2,27,43,24,28,18,52,132,23,31,45,78,109,53,61,108,7,21,79,49,29,114,38,12,121
1,2
87,25,119,109,4,70,114,101,0,129,18,23,51,132,126,54,38,16,8,92,107,81,47,86,118,78,63,20,117,122,134,116,40,2,42,3,37,21,49,102,96,53,28,11,29,113,103,97,89,55,56,98,5,105,30,83,10,66,12,31,71,1,6,36,14,68,94,99,123,52,60,43,46,74,121,44,72,93,110,85,35,130,115,127,108,33,73,26,19,91,67,62,34,64,41,135,120,112,48,95,104,77,100,39,9,27,90,50,88,45,61,111,15,65,84,124,32,7,131,17,82,57,13,133,69,24,128,22,59,106,75,125,76,80,79,58
1,6
134,71,81,118,43,25,123,59,5,108,76,14,91,117,86,62,97,35,116,37,49,135,65,63,9,60,34,80,85,93,13,29,54,11,127,125,36,96,47,79,1,73,106,105,75,2,72,42,44,110,95,52,51,74,88,12,68,53,32,126,39,70,131,129,15,84,69,67,99,58,45,98,87,114,17,124,113,46,0,6,132,26,83,50,27,40,82,7,120,20,101,78,41,115,66,8,94,10,111,38,57,103,22,107,33,23,90,128,18,56,48,133,31,112,121,21,4,109,122,119,102,24,28,30,89,64,3,100,104,61,19,55,16,130,92,77
5,3
13,116,115,24,110,53,126,61,54,129,83,3,67,19,121,100,117,92,56,31,10,47,99,57,34,28,44,48,93,88,98,89,96,9,95,71,46,2,76,25,70,118,122,35,111,0,124,97,33,102,39,41,77,59,21,90,11,18,108,63,27,104,119,5,134,123,49,78,131,38,50,113,82,91,52,87,23,66,68,40,15,125,101,17,114,22,45,26,85,20,109,16,37,112,43,107,32,128,127,81,86,133,14,6,73,30,7,29,51,74,42,75,4,105,132,84,60,135,55,36,12,79,64,106,120,72,62,58,103,130,94,69,65,80,8,1
3,5
99,134,51,129,39,112,24,40,20,26,94,98,49,130,76,4,123,93,124,64,132,118,89,37,111,67,28,100,77,29,65,133,23,78,108,52,101,66,33,70,80,119,85,25,2,48,55,27,87,13,6,75,15,128,92,16,69,116,63,95,122,125,32,131,104,105,17,35,31,102,57,110,42,14,86,59,91,62,45,22,38,84,115,83,71,21,126,9,53,43,107,121,82,8,106,109,54,81,41,73,56,113,58,135,19,47,36,97,60,88,114,18,1,7,5,72,103,79,120,96,11,44,74,90,0,117,12,68,3,46,34,10,50,30,61,127
3,3
109,56,15,39,133,98,53,100,26,93,118,69,31,99,74,40,10,45,125,55,82,75,5,9,120,4,57,52,44,36,16,108,122,110,70,37,34,113,11,65,0,86,43,48,64,78,30,28,117,95,119,41,123,14,51,114,46,97,2,32,96,25,124,107,134,38,62,21,106,7,54,19,101,1,71,20,8,72,128,50,89,35,77,60,126,84,6,49,91,88,83,18,80,87,85,42,92,115,29,127,68,90,102,111,67,130,24,121,61,94,58,129,3,23,112,73,47,103,66,33,27,135,12,131,17,104,63,116,105,79,132,76,81,59,13,22
1,1
6,81,7,118,126,40,79,120,121,119,69,132,62,97,74,107,11,36,64,65,17,31,66,22,131,71,75,89,24,16,2,47,94,76,124,92,23,113,56,26,110,3,129,102,100,1,80,4,33,91,19,125,123,30,29,88,135,84,70,109,18,95,38,10,39,90,106,104,114,41,15,9,8,78,35,85,98,52,49,63,115,96,51,32,50,72,58,57,77,12,61,105,20,60,45,59,134,133,127,48,111,112,13,67,37,27,128,42,55,93,46,44,73,87,99,5,28,83,25,0,53,116,101,21,117,43,54,122,68,82,34,108,130,103,14,86
4,4
112,12,59,80,64,39,51,99,43,0,36,87,19,127,74,102,21,34,3,108,32,54,23,110,15,63,98,94,109,57,31,105,20,65,118,35,130,70,132,53,44,129,33,75,11,9,37,114,25,116,46,135,22,123,78,5,2,62,91,55,92,68,97,29,77,66,24,103,133,89,1,134,52,85,27,88,13,124,7,61,58,117,115,30,113,10,111,41,128,72,106,4,101,125,76,120,82,83,104,119,67,95,8,42,60,38,49,56,86,47,79,6,81,26,14,69,71,48,73,90,17,18,96,131,40,50,93,107,121,122,84,28,45,126,16,100
1,1
27,66,94,117,119,56,114,124,88,26,4,135,91,58,73,57,134,72,60,33,11,132,83,99,130,128,107,106,69,52,77,112,6,75,53,109,79,20,29,110,65,96,9,115,61,48,21,84,63,46,101,121,10,41,113,2,97,131,7,70,47,120,37,74,103,8,90,31,62,127,16,68,30,12,19,15,40,24,89,44,86,129,116,32,102,78,105,133,17,123,51,49,100,118,43,98,36,95,42,1,108,34,87,39,25,85,104,71,54,82,38,122,64,5,23,35,18,92,22,14,0,93,45,125,67,55,13,81,28,111,76,3,50,126,80,59
5,4
113,86,41,43,121,83,25,78,117,28,35,22,10,57,101,0,16,110,102,67,125,109,92,29,11,45,82,12,63,17,71,123,119,76,106,44,105,15,49,23,108,5,19,46,47,118,98,129,13,124,48,95,70,66,133,87,112,6,103,122,53,40,99,54,127,81,120,132,97,55,114,3,88,65,100,61,77,111,32,135,126,37,50,39,91,27,58,36,2,75,104,115,26,8,69,93,21,7,96,80,59,1,51,38,130,73,72,128,31,64,33,74,56,68,134,18,94,84,85,14,107,89,90,4,131,60,30,42,116,24,20,62,79,34,9,52
5,6
128,11,119,69,8,134,98,28,97,58,130,112,56,45,79,95,89,93,132,122,106,29,1,37,94,100,21,46,9,24,133,0,135,23,96,101,87,36,88,41,85,127,84,107,83,113,13,74,86,14,73,55,47,18,125,25,90,52,109,68,131,91,65,3,111,80,2,61,20,115,38,81,63,4,72,35,114,26,108,16,54,6,99,82,15,42,71,103,121,102,7,48,67,10,116,50,34,49,124,19,118,117,32,66,40,51,57,22,59,92,5,70,33,31,12,120,44,43,39,53,110,123,129,126,78,76,17,60,75,62,104,77,27,30,105,64
6,2
25,106,45,13,38,20,41,124,116,95,114,28,37,119,58,128,39,99,72,67,46,71,132,16,29,36,93,14,130,42,100,78,81,121,92,22,23,123,89,107,122,126,11,10,103,135,87,101,2,113,120,108,109,74,97,12,66,49,18,48,129,75,21,82,105,110,44,83,56,61,117,60,50,96,40,35,91,102,90,79,6,98,73,59,51,4,43,115,84,104,47,127,7,94,131,31,55,27,15,80,86,1,5,54,34,76,64,118,125,30,17,33,70,24,112,69,77,3,32,57,52,85,133,8,53,0,26,9,68,62,134,88,63,19,111,65
5,4
52,61,89,98,15,106,25,21,122,116,23,55,60,6,82,63,37,79,10,17,75,112,85,20,70,11,95,35,49,120,31,96,38,26,102,91,118,105,97,67,58,43,117,73,40,24,74,36,109,54,45,62,87,29,101,83,64,14,7,100,22,5,4,121,92,111,19,47,127,99,125,8,72,88,80,1,32,134,9,90,44,129,46,57,123,50,77,104,2,51,86,135,42,132,128,115,119,93,66,68,110,33,53,41,124,71,3,12,34,78,30,48,18,39,13,76,94,107,27,133,28,103,126,113,16,59,65,114,131,130,84,0,56,81,69,108
6,3
47,98,57,128,74,96,78,6,54,129,135,101,79,9,35,114,107,29,71,59,40,2,75,85,118,94,133,51,5,115,112,132,109,126,65,38,87,34,120,125,33,10,39,48,69,97,26,84,121,67,55,102,60,119,42,117,93,111,64,25,61,21,45,8,124,15,130,104,91,50,32,30,12,14,127,86,92,7,28,123,18,36,88,16,46,131,76,37,83,52,11,68,44,23,134,90,73,43,1,53,63,31,58,3,66,95,80,116,108,27,122,77,13,20,24,100,89,72,4,105,22,113,81,106,62,49,17,0,103,110,19,56,82,99,70,41
4,6
57,128,4,17,103,124,3,68,94,72,91,74,101,46,44,51,40,25,2,29,27,134,110,116,33,52,45,35,9,11,96,106,115,80,135,31,6,32,47,19,22,1,38,112,87,36,73,48,71,121,97,100,70,113,41,34,64,30,13,28,131,58,0,102,54,63,98,5,18,99,114,92,8,109,78,55,82,42,122,16,129,10,66,81,132,120,61,119,60,90,37,125,15,130,53,88,84,76,117,123,79,105,24,62,75,21,118,56,43,85,95,7,69,111,59,12,104,108,20,126,26,23,107,67,65,50,39,89,77,133,49,86,83,127,14,93
3,2
