81,105,28,64,55,6,95,116,113,20,98,56,121,102,9,27,94,126,37,114,91,57,66,115,93,49,24,65,82,54,128,33,2,72,4,45,120,80,7,101,15,50,46,75,44,129,109,11,47,17,23,131,51,84,42,30,67,3,19,100,119,63,130,1,83,62,90,117,104,135,89,69,70,29,18,22,25,73,118,0,71,125,79,78,111,5,10,103,34,12,127,85,87,97,68,92,39,134,108,41,52,16,60,48,14,133,31,122,96,21,35,112,77,74,88,99,86,123,43,124,61,53,8,26,132,59,110,76,13,36,58,107,32,38,40,106
2,3
64,91,130,53,61,83,22,115,29,89,43,66,49,54,42,79,98,129,94,3,2,93,57,134,12,92,31,95,25,126,123,4,41,116,80,114,86,45,90,121,34,26,131,0,117,19,36,48,14,52,81,96,87,46,63,35,13,113,106,133,97,71,112,76,107,125,7,38,21,132,73,74,84,85,109,120,82,67,50,104,37,102,118,10,128,100,16,6,99,103,75,56,122,51,70,127,62,105,30,55,33,101,124,110,1,108,11,24,47,17,27,15,111,20,40,8,65,39,119,88,44,60,77,32,58,68,78,59,69,18,28,5,23,135,9,72
5,3
101,56,131,94,20,86,125,123,93,0,98,81,10,85,71,62,130,102,35,44,104,14,132,1,6,115,50,79,76,133,23,108,18,78,112,65,16,63,53,5,66,134,129,109,12,119,100,99,40,59,113,17,39,103,8,22,127,41,91,121,47,126,11,89,55,90,28,70,49,54,106,116,122,43,26,74,114,48,4,135,68,25,9,31,92,67,29,57,38,58,97,30,75,87,52,95,33,46,124,7,77,120,60,36,45,83,61,80,24,27,73,64,2,72,37,15,107,82,128,118,19,21,32,105,34,110,117,84,69,111,13,3,51,96,88,42
4,3
92,50,46,102,69,116,31,94,28,123,13,125,33,60,97,41,113,51,104,72,55,0,52,91,101,19,73,120,10,64,82,43,122,32,89,111,62,100,115,30,59,9,42,63,38,95,66,124,108,40,58,67,134,17,85,20,86,127,103,71,131,88,37,117,29,76,98,133,112,68,81,53,54,105,80,2,27,21,14,11,39,36,12,79,23,24,74,129,48,6,135,114,119,18,22,61,93,45,65,47,4,49,126,16,8,34,109,107,83,35,132,44,87,5,90,56,7,75,70,99,121,26,84,15,1,57,128,3,130,96,25,106,110,118,78,77
2,5
58,87,70,89,10,123,56,35,115,12,33,59,44,45,25,50,29,5,99,131,78,30,72,134,0,124,117,103,69,108,79,93,34,19,9,28,111,24,113,109,88,118,68,106,94,122,47,18,120,21,41,129,26,66,23,84,90,127,67,38,100,71,4,39,15,75,7,130,64,55,85,63,20,76,97,96,43,57,46,53,102,82,80,92,110,119,132,14,83,32,133,65,49,42,116,125,91,22,13,135,60,17,2,40,95,114,74,48,61,62,3,77,107,101,81,128,98,112,27,36,73,1,51,37,86,104,11,8,52,31,54,121,105,126,6,16
3,6
134,77,43,96,49,120,107,93,111,23,17,104,55,94,3,132,97,35,123,112,89,59,9,54,58,36,41,71,8,121,7,20,122,18,115,84,108,28,39,113,125,65,99,32,72,60,46,80,92,67,131,64,76,1,10,133,110,6,63,74,47,75,2,19,48,66,12,70,56,30,135,73,82,87,5,38,109,81,52,24,69,29,62,16,40,114,85,90,37,44,79,118,15,26,78,4,61,117,105,33,127,116,91,106,22,57,51,42,0,100,13,119,88,21,14,11,53,86,98,45,102,129,103,101,50,124,128,68,126,27,130,31,34,83,95,25
6,2
66,2,43,128,127,96,111,48,50,28,117,135,68,11,107,30,112,56,44,78,24,5,14,100,4,23,109,45,108,91,25,40,13,115,119,19,114,51,70,27,31,85,102,77,105,65,97,15,69,18,94,99,38,101,95,74,130,58,79,113,1,103,55,32,98,126,36,47,20,134,59,57,63,106,122,83,88,104,81,35,125,33,49,73,0,64,7,93,71,22,52,26,76,123,118,42,124,116,129,12,110,21,84,90,67,60,41,54,8,82,89,16,131,132,133,75,6,10,62,46,92,80,53,87,3,72,9,61,29,34,120,17,86,39,121,37
2,2
45,36,5,122,16,84,60,115,12,98,46,15,59,68,108,35,100,92,72,69,78,91,33,40,20,121,90,124,63,1,114,134,43,61,93,24,47,95,112,31,70,10,102,123,97,76,19,103,37,56,111,50,3,14,107,17,41,87,118,94,82,110,131,129,57,30,13,89,52,126,22,81,32,4,73,29,96,62,101,44,135,85,9,132,38,75,39,64,79,71,53,83,125,2,88,130,8,55,80,0,48,109,6,104,119,28,54,21,120,113,77,51,116,86,42,105,25,26,117,127,23,49,7,34,133,18,128,74,65,27,66,106,58,67,99,11
2,2
92,107,30,38,5,48,98,12,33,57,42,131,103,115,52,106,124,66,44,86,20,76,6,7,10,2,55,109,53,17,0,37,96,45,128,123,51,121,36,90,88,22,117,84,71,47,29,4,21,31,9,116,11,70,34,27,3,105,125,43,113,23,75,129,58,24,87,41,94,73,112,61,80,95,127,72,130,114,68,1,97,134,135,35,104,77,56,49,126,111,62,14,19,63,28,18,93,110,120,118,83,78,74,60,54,8,50,32,132,39,85,15,59,65,26,108,89,79,101,46,102,40,64,82,99,69,67,81,119,25,122,13,133,16,91,100
5,3
18,121,6,1,12,92,106,72,96,52,102,39,80,46,66,134,14,113,70,8,60,61,28,91,13,88,116,104,112,79,125,89,49,19,84,24,33,56,48,103,94,130,67,55,37,77,64,69,118,127,68,126,9,83,16,41,108,42,17,15,62,34,73,7,27,101,59,75,25,111,65,51,99,31,63,109,29,117,85,40,74,21,86,35,4,43,93,76,45,71,122,97,10,95,20,30,23,22,132,129,78,87,47,53,81,90,32,124,115,3,38,58,36,114,54,100,5,57,119,133,107,123,82,110,120,105,50,131,0,26,128,2,135,44,98,11
5,3
129,127,3,65,104,83,61,48,103,75,59,25,88,1,46,50,124,60,108,43,35,73,111,71,94,90,64,55,49,105,121,56,98,113,54,32,99,9,40,57,34,66,101,31,13,27,42,79,80,87,72,107,4,19,125,47,86,26,70,84,5,16,23,22,12,100,106,126,10,120,11,20,44,131,18,29,17,15,114,7,123,0,24,130,63,112,38,96,81,109,58,118,122,68,77,14,93,110,36,74,95,21,78,52,135,62,115,97,132,30,28,102,41,45,119,117,37,8,82,91,85,76,92,39,51,53,33,133,89,69,134,6,67,116,128,2
4,5
121,10,36,131,59,95,96,123,112,85,45,126,105,2,134,74,70,114,24,116,118,16,34,77,11,103,52,38,14,108,66,58,100,107,111,122,97,115,56,32,92,133,106,102,5,42,46,51,130,4,15,81,80,31,26,9,120,99,124,83,72,93,75,101,17,40,47,7,86,1,82,21,89,20,79,63,18,43,28,0,41,37,12,23,68,119,50,91,71,64,57,3,25,27,8,69,48,22,104,67,128,129,109,94,98,54,35,39,33,87,19,6,13,76,125,113,135,73,30,65,88,44,132,55,53,60,49,127,110,117,84,29,78,61,62,90
5,6
100,57,23,97,18,86,54,77,121,16,10,80,25,71,101,55,87,6,43,37,15,73,104,127,4,36,7,59,114,44,119,39,45,8,98,95,81,65,12,27,22,117,56,108,66,0,83,133,96,116,99,53,94,82,9,92,130,33,111,102,64,63,112,78,93,5,91,134,122,113,126,50,51,26,49,31,42,85,68,48,67,103,30,62,120,128,84,3,123,90,74,125,72,79,46,106,40,89,118,129,88,13,35,14,17,41,11,47,34,24,2,69,29,110,61,20,21,70,131,75,38,132,115,60,1,105,52,76,28,32,58,107,135,109,124,19
6,4
55,106,15,128,109,31,102,30,75,1,124,103,43,81,95,32,73,130,131,10,88,29,112,51,12,18,37,114,90,23,104,52,94,11,69,39,21,129,49,14,60,34,122,9,40,63,85,115,3,118,97,101,80,91,105,133,68,58,74,53,132,100,4,50,57,48,7,92,134,46,70,38,87,117,61,71,45,16,79,72,78,123,35,42,86,76,26,8,54,44,89,84,27,98,24,99,62,5,93,65,126,82,25,2,28,67,36,13,96,66,113,127,121,110,56,83,120,59,135,33,77,19,107,20,0,64,41,119,116,108,22,111,47,17,125,6
3,2
126,132,15,6,55,105,104,42,70,10,116,96,51,87,65,5,71,57,59,74,95,118,86,11,0,28,50,21,80,117,62,119,109,75,22,112,68,133,27,135,16,131,114,8,99,111,106,98,9,113,18,33,121,79,14,83,56,63,100,49,88,78,36,94,7,47,120,123,93,35,125,43,77,127,41,31,85,124,4,23,24,91,1,81,72,48,82,37,102,38,122,26,25,30,34,89,39,61,64,29,97,45,66,90,84,32,108,110,52,107,128,2,3,103,69,44,19,130,67,53,58,73,17,13,20,60,101,46,92,134,40,115,76,129,54,12
2,5
42,79,66,127,123,88,105,9,80,125,120,54,62,63,47,52,104,111,2,99,4,90,28,49,116,76,85,61,97,121,14,29,92,82,107,65,122,19,0,12,98,129,128,86,106,26,24,21,50,119,30,46,59,56,45,81,33,95,41,16,93,94,103,57,5,75,13,133,91,1,31,8,18,132,101,134,15,69,67,100,112,84,114,44,102,51,124,74,108,109,37,10,118,70,6,39,115,22,130,35,53,126,73,38,32,48,25,23,27,64,135,72,83,43,110,36,34,68,40,87,55,131,7,17,113,20,3,60,11,58,96,77,89,117,71,78
5,1
122,112,71,43,87,76,29,67,69,60,119,1,103,111,79,82,52,121,35,63,77,24,85,98,113,101,125,39,7,74,30,28,128,0,5,105,97,114,19,108,23,11,42,91,9,95,104,100,33,18,55,27,120,49,133,124,117,130,26,36,78,2,94,116,93,21,135,70,86,115,73,96,13,61,38,14,8,53,109,34,80,44,62,110,126,22,123,107,56,127,10,15,89,46,92,6,72,83,45,50,131,58,81,102,68,75,3,88,31,59,20,48,118,17,129,4,84,64,90,37,25,47,99,132,65,16,41,32,54,40,134,66,106,12,51,57
5,5
120,90,123,91,106,7,70,97,135,87,10,130,28,37,84,15,53,76,115,40,129,33,55,112,3,85,116,26,77,8,32,61,111,13,34,83,9,22,101,71,46,86,64,82,127,75,66,20,11,29,1,118,47,107,126,19,44,98,69,63,122,17,114,42,16,4,121,12,81,99,79,104,35,88,92,131,51,100,96,14,38,24,89,132,57,105,78,72,5,119,93,73,128,60,95,74,30,41,2,113,25,103,52,39,50,23,67,0,102,62,109,125,68,49,94,59,45,80,124,117,108,65,6,36,27,110,58,18,133,48,56,43,54,21,31,134
1,2
18,58,78,127,66,10,31,121,114,1,100,93,55,65,86,48,11,129,30,85,49,71,9,115,92,98,109,123,3,122,19,17,5,83,111,72,108,35,28,104,24,70,125,101,117,27,91,132,67,135,113,42,126,64,62,50,15,26,54,8,88,39,74,131,134,33,37,87,63,103,90,73,0,16,82,6,97,128,25,60,41,118,119,116,99,32,44,75,106,46,36,59,96,21,61,77,68,95,12,13,2,29,120,84,52,102,14,105,23,81,51,76,69,110,124,56,43,94,45,57,107,89,112,79,80,130,53,20,22,38,47,4,34,133,40,7
3,6
84,106,63,56,123,69,122,130,34,73,124,98,15,97,50,91,70,126,25,7,116,44,13,75,5,77,32,64,92,121,119,51,133,6,60,74,8,36,39,38,65,17,2,55,89,95,100,135,28,26,4,79,24,127,128,112,47,20,101,120,82,81,90,37,61,9,67,71,132,83,104,57,42,49,29,131,11,102,16,86,21,107,94,115,22,111,46,99,31,3,93,30,23,129,53,35,105,52,134,109,78,87,33,58,85,48,66,114,19,96,103,118,54,72,43,1,59,110,0,68,18,45,10,113,62,88,76,14,40,27,12,80,117,41,108,125
3,4
101,31,61,90,38,18,43,15,117,33,37,21,105,1,20,17,51,114,55,126,46,53,45,89,129,14,106,68,5,110,44,41,69,132,113,100,102,9,135,63,116,85,121,28,11,57,125,83,2,65,29,40,82,127,133,16,98,80,62,92,103,71,54,6,119,109,91,48,73,87,77,131,22,52,27,97,26,124,111,107,94,134,0,30,108,58,72,50,32,88,3,123,10,81,19,96,35,104,49,78,93,66,79,64,86,84,36,75,8,128,23,12,47,39,76,74,118,42,67,24,120,70,56,60,130,112,25,99,13,122,34,4,95,115,7,59
2,6
46,111,53,28,11,26,125,30,60,42,77,92,105,33,93,1,64,40,27,2,76,88,8,104,55,98,31,78,52,97,48,119,49,54,21,67,89,101,58,70,73,123,7,127,126,130,5,29,81,69,118,84,43,90,9,91,112,14,32,113,129,36,106,96,23,115,41,38,74,20,94,66,87,12,107,116,35,135,103,37,51,100,50,19,117,80,122,56,25,3,102,124,131,24,128,4,108,57,85,134,109,39,99,45,110,63,133,22,68,121,47,59,16,95,13,82,114,61,62,72,75,18,79,10,6,15,17,83,132,65,0,86,34,120,44,71
6,2
2,32,49,6,41,97,58,14,115,131,93,116,76,88,44,43,84,26,47,109,98,79,5,83,82,72,19,35,132,68,126,54,70,104,118,53,91,111,123,25,11,124,16,59,102,81,74,67,71,52,105,125,37,120,21,92,17,86,107,61,42,30,13,85,12,66,62,50,100,55,90,117,127,80,22,113,129,122,29,24,18,20,48,40,69,10,8,1,112,0,108,101,94,119,56,60,134,78,103,4,99,95,110,96,77,7,23,36,65,9,73,38,130,106,135,128,75,39,3,51,27,57,31,28,33,87,121,114,63,64,133,46,15,34,45,89
6,1
77,50,17,6,26,71,73,4,69,19,22,44,112,87,93,96,56,38,130,117,49,114,67,5,89,61,97,75,85,8,62,3,111,116,121,98,31,14,72,101,35,64,42,24,2,11,41,39,80,132,58,43,23,90,25,30,60,135,81,52,123,66,129,124,125,59,63,20,55,83,10,127,131,57,46,86,54,113,95,99,133,79,47,0,16,126,76,18,119,7,9,118,107,37,122,84,53,94,109,106,115,103,70,48,78,27,13,120,51,36,68,29,108,91,65,45,128,110,34,134,40,1,92,104,82,100,28,32,88,12,105,33,102,15,74,21
5,5
83,57,19,50,55,32,133,78,96,7,107,127,0,36,16,30,44,111,75,67,45,95,61,2,84,28,14,10,12,113,106,129,1,15,85,26,4,18,56,104,130,9,39,93,110,97,20,102,81,117,3,59,94,42,98,131,34,135,46,73,89,6,72,120,29,11,125,69,40,52,48,37,82,35,80,115,105,49,100,71,108,124,109,60,116,70,66,53,8,86,68,24,33,23,21,126,132,63,47,77,13,119,90,22,79,122,121,65,64,43,99,27,92,51,103,17,74,25,118,114,101,58,91,76,41,62,88,5,38,112,134,87,128,31,123,54
2,4
23,9,135,51,119,101,107,36,6,120,81,21,69,65,89,14,71,129,78,16,13,73,1,61,17,97,32,38,68,92,45,88,82,40,134,123,131,84,28,48,72,108,127,26,10,102,66,60,4,11,0,35,87,30,99,95,74,133,25,43,111,96,50,132,118,106,56,29,47,53,63,126,110,124,27,33,64,15,24,115,125,52,12,91,58,117,77,20,121,105,130,98,79,46,83,93,34,41,42,54,3,39,113,2,128,103,49,85,18,122,8,57,90,100,5,109,114,80,7,55,31,67,37,62,59,44,19,86,116,76,94,22,104,70,112,75
1,5
19,88,34,116,129,83,96,123,74,28,25,2,52,64,7,73,101,57,118,134,127,77,26,105,36,31,109,15,41,39,135,18,6,110,38,119,132,98,17,30,68,95,80,106,133,24,46,92,3,113,102,115,54,90,53,66,55,61,121,94,86,47,114,4,81,44,84,100,85,122,97,35,111,76,104,48,22,126,131,128,69,9,78,10,75,40,56,79,130,16,91,1,50,32,5,72,125,99,51,103,0,33,43,112,37,23,107,14,124,71,87,49,89,63,70,59,8,13,65,62,21,58,12,93,29,108,120,82,20,27,11,117,45,67,60,42
1,1
78,25,29,108,77,24,82,23,2,125,68,9,97,33,84,7,81,131,59,76,126,102,41,31,27,122,120,101,99,38,93,74,104,34,39,134,98,10,16,47,121,49,20,66,86,19,56,54,90,73,63,114,124,21,70,95,30,15,100,111,80,6,12,35,75,91,96,43,135,72,71,50,60,133,48,58,119,129,112,118,107,65,109,57,1,105,79,67,51,45,64,11,40,36,0,127,3,69,132,88,28,26,62,13,4,94,61,22,89,42,117,92,106,32,123,128,37,113,14,103,52,5,110,116,46,18,55,115,87,8,130,17,83,44,53,85
1,1
29,47,48,67,129,104,12,57,35,46,50,30,117,62,6,45,109,70,75,81,91,63,56,61,124,121,49,66,9,25,135,125,83,89,110,38,120,55,122,112,21,97,59,79,0,103,60,100,65,32,80,34,93,42,72,26,43,73,123,86,131,82,20,4,132,90,96,31,39,116,99,134,27,94,78,127,64,40,54,92,76,108,107,77,106,33,126,51,8,68,74,16,14,87,19,98,2,44,37,15,115,130,24,88,58,52,71,118,111,119,10,13,18,128,23,28,36,95,11,84,133,7,102,22,114,85,41,69,17,5,105,3,53,1,113,101
6,4
77,0,134,100,37,97,72,67,63,129,71,22,51,2,75,93,114,123,54,88,124,28,132,39,110,89,52,108,57,64,44,1,115,95,14,45,23,25,120,78,6,133,30,9,118,104,101,32,117,126,103,17,122,47,74,70,35,128,48,24,49,91,98,112,7,46,53,130,76,127,36,84,131,102,8,3,29,69,94,99,18,40,113,65,13,92,43,80,60,38,116,34,87,50,83,15,4,5,135,16,107,27,82,58,86,56,105,11,119,55,31,33,61,125,121,20,96,59,19,12,109,81,85,21,26,42,10,73,90,41,66,106,79,111,68,62
6,6
26,87,88,132,127,125,38,81,92,50,102,22,49,23,11,111,15,95,116,56,120,126,2,57,1,91,69,3,109,54,119,53,106,134,130,84,78,44,28,71,32,66,76,39,98,83,114,85,13,45,93,82,41,12,35,124,58,68,110,64,52,115,7,42,74,14,107,59,112,122,0,113,123,129,63,99,73,104,101,100,96,16,89,61,108,60,117,103,6,62,21,67,17,131,43,46,79,48,5,72,24,47,135,34,20,94,9,37,33,77,55,80,75,51,70,97,19,121,30,40,25,36,86,29,27,4,118,90,105,10,18,31,8,128,133,65
1,2
66,93,13,10,120,45,77,95,87,101,44,116,29,85,133,79,30,86,119,134,40,112,109,83,42,106,130,5,6,48,64,36,51,114,57,35,15,9,118,50,69,46,19,63,7,126,98,60,97,23,16,47,108,67,89,32,49,65,129,72,52,75,68,96,27,37,80,92,90,88,74,17,70,94,26,39,121,131,115,125,3,111,18,84,128,104,24,76,124,107,11,110,135,0,53,31,113,71,58,81,73,14,43,56,20,59,41,103,8,38,12,54,62,122,91,21,78,102,25,82,33,132,34,1,105,99,28,123,117,127,2,55,22,100,4,61
3,6
35,67,121,119,19,24,71,61,132,11,38,23,25,111,117,77,27,2,110,88,18,118,51,41,97,79,57,96,74,59,127,69,86,103,60,54,31,90,129,125,26,32,33,62,22,126,21,10,81,6,43,17,73,68,120,100,72,55,50,53,133,130,95,106,122,36,128,78,107,9,113,114,5,135,58,15,16,3,14,98,93,115,39,76,42,89,87,56,108,0,131,92,75,116,83,64,91,37,13,134,84,52,70,82,34,47,80,46,123,20,30,28,112,94,45,104,63,85,65,99,7,101,124,40,48,105,44,1,109,102,8,49,4,66,12,29
1,4
51,76,75,117,62,88,18,125,33,46,14,69,74,112,5,99,56,30,91,64,53,105,81,78,71,3,52,119,87,107,2,48,29,82,44,42,19,31,50,95,96,77,4,23,45,126,102,36,6,65,104,100,70,73,83,79,85,60,9,0,20,24,68,15,111,67,101,10,94,27,122,58,129,16,13,26,131,134,90,86,123,118,37,35,92,121,28,120,124,114,93,108,66,98,110,32,17,61,22,116,57,109,128,11,34,127,80,8,41,135,54,115,40,55,106,113,72,49,89,132,59,103,63,43,38,133,1,12,97,130,47,7,25,21,39,84
3,6
44,122,102,72,125,45,59,95,85,94,9,32,114,101,93,1,51,35,96,50,63,127,25,20,53,88,24,21,17,123,39,27,119,121,22,60,58,56,131,113,66,90,128,33,3,42,19,62,16,135,103,69,87,89,133,134,76,84,34,105,86,6,52,5,110,120,12,104,4,79,99,10,57,78,108,11,82,73,46,38,132,68,54,61,124,65,107,97,43,2,64,31,30,115,49,83,67,109,47,36,116,14,28,55,71,18,77,0,26,74,7,118,70,111,8,106,98,41,40,100,75,92,13,129,126,48,91,80,15,117,81,29,130,37,112,23
3,5
135,110,133,103,78,34,17,125,16,58,6,37,5,33,71,9,76,129,89,107,3,22,49,99,102,15,87,23,35,64,81,113,20,112,88,115,51,24,19,45,30,122,61,101,54,12,1,27,26,56,92,43,105,42,55,117,53,72,52,121,104,40,98,47,131,127,73,57,95,14,114,86,44,128,36,38,66,68,29,80,48,126,97,96,69,7,90,109,11,134,124,108,93,91,0,25,50,21,85,2,65,130,18,13,120,83,84,31,82,59,118,62,79,123,132,75,100,4,39,74,67,94,77,46,32,119,41,10,8,63,116,28,106,60,70,111
4,2
92,63,20,134,89,73,38,13,93,117,26,5,15,130,84,33,49,34,126,119,55,19,118,27,97,8,46,4,58,24,60,104,10,77,14,128,40,112,48,110,57,1,61,70,43,36,28,86,59,79,47,107,30,32,16,67,78,106,68,135,76,114,94,85,115,125,44,69,17,62,31,18,120,45,90,80,98,108,87,131,65,21,101,53,127,2,102,71,23,52,74,29,96,113,39,22,7,99,133,100,12,64,122,50,66,9,83,129,95,81,91,88,51,103,124,75,25,132,109,35,111,121,6,42,72,56,11,0,41,123,37,82,105,54,3,116
6,3
4,78,88,101,3,102,98,114,117,103,45,129,84,14,80,24,13,104,69,66,20,49,73,51,42,53,59,46,83,81,27,9,57,47,5,77,18,108,35,95,17,92,31,34,127,134,68,99,79,11,100,32,123,87,54,56,40,115,33,75,61,109,55,30,122,94,48,63,120,119,10,133,70,23,105,39,60,1,71,28,107,72,113,8,2,128,91,36,41,6,29,21,106,82,62,86,76,112,65,111,15,118,110,130,58,96,126,38,22,12,121,64,125,7,132,50,0,135,25,43,97,74,85,19,16,131,44,93,89,124,52,90,26,37,116,67
2,6
80,50,130,24,58,5,84,111,52,106,117,65,122,32,108,109,63,102,110,49,29,85,30,62,133,16,123,96,83,100,90,19,41,88,55,56,118,94,18,129,23,73,10,105,104,125,1,43,135,35,76,127,82,119,6,99,93,8,134,13,26,47,2,103,20,78,51,39,0,12,89,25,68,59,46,60,66,87,107,124,38,132,116,48,3,4,67,21,7,120,64,45,77,36,61,54,114,17,113,98,69,44,81,75,15,95,57,31,74,28,70,27,126,9,97,22,53,101,131,14,71,11,128,115,40,121,33,72,91,112,92,79,86,34,42,37
5,1
69,116,24,123,57,29,4,134,36,96,105,99,44,89,87,50,131,125,106,129,23,128,78,97,70,17,74,16,49,42,40,56,1,26,22,25,112,62,64,130,126,82,45,37,27,118,52,39,5,3,7,34,66,53,94,108,132,30,72,32,51,91,67,35,6,111,13,120,38,71,54,0,43,9,81,83,100,80,48,65,14,93,103,133,135,101,79,2,109,119,63,122,41,127,47,19,8,15,73,75,85,28,60,98,12,90,121,33,107,11,18,124,86,58,59,114,102,46,113,31,115,61,84,92,95,21,68,117,88,10,77,55,76,104,20,110
4,2
72,15,1,129,86,30,61,49,0,24,132,60,76,47,108,43,22,103,14,116,123,104,89,42,109,90,23,80,54,91,110,64,85,75,126,66,67,70,74,78,119,77,131,6,82,88,3,2,81,20,63,39,33,94,18,114,12,36,28,38,11,95,83,113,27,10,121,134,93,53,128,17,135,51,41,55,97,50,98,122,45,68,56,16,73,99,120,124,115,58,29,21,130,44,118,105,25,101,13,127,87,112,71,4,19,69,26,8,117,31,34,46,96,52,37,100,57,79,133,102,48,35,106,92,125,32,59,5,7,65,62,84,40,111,9,107
3,3
0,42,48,64,102,80,68,4,70,121,21,112,123,126,39,41,20,74,134,109,116,118,96,43,23,13,73,18,77,51,119,103,29,97,2,65,11,22,28,122,60,98,45,53,14,54,99,8,131,67,33,50,16,94,24,52,25,46,113,44,38,9,127,26,62,82,83,69,55,58,101,61,108,135,7,49,84,95,105,63,117,85,30,132,89,66,93,12,128,71,133,129,107,76,124,1,35,100,86,40,5,36,114,111,19,59,88,37,130,17,34,3,47,91,78,79,27,81,15,31,32,115,87,10,57,56,125,106,120,72,104,6,110,75,90,92
1,3
24,79,36,1,18,43,53,56,126,88,20,22,110,3,52,8,12,76,41,111,61,57,30,101,67,6,83,21,2,11,45,86,58,37,38,135,19,92,121,128,23,109,14,96,99,103,48,46,80,94,62,106,123,108,27,59,74,47,0,60,51,117,39,116,70,89,69,122,102,28,82,90,49,133,64,105,32,68,26,55,85,115,77,98,125,131,33,10,16,118,25,75,132,15,50,78,104,9,119,65,4,5,113,44,114,73,63,54,29,97,66,107,112,127,42,95,72,34,124,129,87,17,91,84,134,130,93,31,100,81,13,71,7,120,40,35
2,2
81,91,129,66,19,55,96,74,67,104,113,105,134,52,58,126,127,54,122,0,131,73,41,88,44,124,132,101,23,98,16,47,51,5,31,68,109,37,26,94,119,112,72,28,50,107,33,75,62,25,100,125,42,118,77,4,69,3,7,85,2,83,34,116,99,35,103,57,135,36,49,114,48,65,45,30,63,76,32,27,133,110,64,29,11,121,84,92,61,13,108,111,14,17,43,12,38,102,21,22,40,86,90,10,128,115,6,46,89,18,15,71,9,120,1,24,79,130,106,87,20,39,93,78,70,60,97,56,8,59,53,117,95,80,82,123
2,1
97,66,92,89,24,46,42,40,8,107,103,61,28,116,94,133,78,73,53,111,52,60,9,82,20,115,27,101,18,91,71,117,51,11,32,65,22,68,70,110,96,48,127,118,64,120,128,114,10,0,124,132,26,75,90,125,102,4,47,54,57,85,33,77,56,112,30,16,1,72,88,23,95,31,19,106,131,2,63,29,109,126,49,17,99,67,14,69,55,44,58,25,7,93,15,87,62,104,83,37,50,130,5,84,6,121,108,134,113,100,129,79,34,39,76,98,119,45,122,74,21,80,12,36,35,59,43,41,105,135,123,86,81,38,3,13
4,3
128,119,92,116,20,90,94,41,85,38,75,4,48,76,118,115,51,91,61,84,6,44,57,3,69,82,23,117,133,113,107,33,72,100,40,79,66,86,22,37,132,112,129,124,49,16,130,46,98,62,21,55,19,17,97,122,53,30,24,60,78,110,39,2,121,29,45,131,18,11,87,58,135,102,47,80,14,13,70,89,123,27,88,101,32,52,71,26,111,105,73,81,7,77,103,93,127,134,10,65,59,68,125,43,8,108,50,106,126,74,15,56,34,99,109,12,36,96,120,104,95,25,83,114,54,0,28,42,67,63,31,9,1,35,64,5
5,6
132,61,55,123,107,125,16,14,115,100,60,74,72,65,25,36,31,0,87,82,84,45,110,41,96,75,90,29,13,58,24,15,94,88,39,20,35,83,99,50,59,120,40,30,114,81,108,85,113,3,97,56,4,68,129,37,134,11,76,27,79,22,62,5,38,119,89,106,7,92,111,122,70,103,8,105,46,9,33,17,131,52,21,121,34,118,73,109,80,23,101,2,127,128,19,86,28,54,104,12,112,43,51,18,66,98,49,67,53,126,57,42,71,1,116,77,48,117,130,135,102,91,64,10,124,47,32,26,63,95,6,133,69,93,44,78
2,5
100,96,94,18,102,21,8,32,106,117,71,12,116,0,99,84,41,4,88,97,104,69,39,51,81,65,34,44,80,132,130,14,9,36,79,30,17,114,11,54,82,35,70,85,127,73,46,5,59,52,56,108,128,131,45,49,89,43,55,91,90,119,47,109,93,23,83,50,105,68,110,92,10,42,58,113,19,118,66,48,53,107,27,125,1,135,31,103,120,95,111,86,57,60,129,25,115,26,124,37,33,133,29,121,122,22,76,112,38,87,2,77,20,62,3,134,40,72,98,78,123,24,15,61,16,6,67,126,13,63,7,74,28,64,75,101
1,4
106,44,22,23,100,15,121,78,18,31,20,125,129,76,104,95,83,67,82,9,4,57,42,111,11,112,115,12,81,91,120,58,96,32,29,37,19,130,114,6,75,109,10,17,85,56,77,21,99,66,45,97,68,62,132,49,30,24,86,43,113,127,118,80,135,0,87,105,117,79,47,33,107,103,64,34,51,134,54,46,16,2,3,27,90,123,73,70,94,41,98,110,84,40,14,26,53,36,108,93,5,124,63,61,50,92,38,131,89,122,28,128,60,116,69,55,74,65,8,119,101,35,25,102,13,72,88,59,71,7,133,126,39,52,1,48
4,4
129,7,100,66,95,75,108,85,2,69,107,126,44,64,128,105,117,34,6,81,5,39,86,14,49,10,15,50,20,62,26,102,60,101,63,4,24,51,106,70,55,80,103,38,120,76,33,3,8,53,96,109,124,98,111,48,40,68,87,25,56,1,116,47,132,29,115,31,16,119,71,91,22,78,35,46,118,9,67,65,61,12,114,82,73,74,32,72,23,97,77,84,121,93,123,99,11,17,122,43,125,27,18,127,110,90,79,58,133,19,28,113,45,135,94,57,54,59,83,104,21,37,41,0,134,13,131,36,92,30,112,88,42,130,52,89
5,2
41,98,71,31,127,44,29,20,117,12,30,106,49,61,132,63,56,34,125,128,91,48,14,16,27,134,58,50,78,26,70,101,22,36,105,107,129,115,59,97,118,28,75,81,43,104,19,39,21,87,40,66,57,68,133,131,54,51,10,86,18,122,1,53,113,25,92,13,111,74,123,120,72,90,47,69,37,124,119,84,64,96,65,116,17,33,46,99,100,95,52,77,103,112,121,42,94,83,45,11,82,3,130,80,114,126,109,93,108,15,55,35,135,88,4,60,79,102,76,5,24,7,89,9,32,6,8,23,73,110,62,85,2,38,0,67
4,3
116,111,84,88,21,64,15,71,49,45,112,67,110,51,35,3,132,131,103,0,129,109,79,92,117,89,82,41,1,14,58,74,20,43,122,70,50,87,133,33,120,30,98,65,121,25,57,12,24,55,118,96,9,56,39,94,53,17,130,40,18,2,126,6,28,93,32,135,83,101,75,115,19,22,37,34,26,76,78,104,13,106,81,61,77,5,124,59,48,66,29,127,105,52,91,7,114,85,4,62,47,80,27,10,100,69,102,86,119,44,46,31,11,36,54,16,134,42,95,107,23,90,99,123,60,97,38,113,68,72,125,63,128,8,108,73
2,5
20,45,43,76,28,113,35,31,96,102,5,131,91,49,108,134,100,48,62,3,74,64,24,41,115,16,124,70,126,71,21,88,53,69,114,56,78,106,1,99,13,120,101,127,117,128,130,135,60,104,42,6,87,132,107,85,19,81,92,7,75,93,95,40,73,0,118,65,44,83,17,10,86,119,72,80,54,103,32,12,29,77,8,89,123,15,30,9,50,23,33,39,55,11,116,37,59,125,2,66,27,109,46,122,61,67,90,34,94,112,98,79,82,97,57,36,84,129,105,25,133,51,121,18,68,111,110,38,22,47,63,58,26,4,52,14
5,2
49,97,60,130,14,37,131,75,56,88,91,71,99,94,87,95,59,24,36,17,5,38,133,129,98,0,40,41,106,54,15,77,25,6,66,20,12,64,83,13,79,43,104,33,4,34,74,69,127,68,61,80,102,76,44,19,3,84,124,9,73,96,78,23,8,107,46,26,39,111,81,11,35,28,30,121,82,29,48,2,70,31,92,122,113,32,128,53,7,16,126,105,132,65,10,52,93,118,47,101,116,123,50,125,86,1,21,115,108,45,134,90,67,57,42,112,120,72,27,100,22,85,63,117,51,55,89,114,119,135,58,62,18,110,109,103
2,4
80,86,6,119,108,114,124,105,111,26,120,129,28,96,110,27,56,109,97,127,43,10,123,33,60,76,62,15,41,82,69,113,94,30,3,52,99,95,125,103,64,101,29,102,2,63,121,48,32,122,87,73,36,50,74,130,45,49,4,11,21,40,42,116,118,8,34,83,133,44,106,47,107,46,128,75,132,78,24,17,93,57,12,77,72,117,39,59,135,112,23,53,37,104,81,7,71,31,13,70,89,90,98,35,91,22,68,92,134,131,65,16,38,85,58,79,0,88,14,51,1,84,115,100,61,55,66,5,25,67,126,19,9,54,18,20
4,6
118,1,130,54,81,47,37,2,59,3,32,55,135,29,40,96,125,18,78,111,115,63,44,20,43,8,82,17,85,30,92,27,88,93,14,49,79,66,106,117,119,9,75,52,86,109,108,19,41,127,110,21,122,105,31,10,77,101,83,128,48,34,132,100,28,133,74,112,7,42,71,120,0,38,129,68,60,6,89,15,46,98,99,123,13,102,22,53,25,64,24,131,26,121,134,91,35,45,114,87,69,58,57,124,116,95,113,72,33,90,65,5,80,94,12,97,73,84,104,56,126,16,103,76,50,51,67,107,23,62,4,61,11,39,70,36
4,3
56,65,83,25,32,14,99,122,15,44,30,72,45,100,90,47,35,107,111,69,52,88,22,125,131,87,40,62,113,110,73,55,112,50,57,8,36,20,89,109,17,4,75,48,59,61,27,120,10,82,98,23,9,94,21,68,85,67,133,38,117,34,95,96,115,116,135,128,29,58,11,16,91,54,26,43,76,5,126,39,42,1,37,18,46,92,7,49,103,31,2,84,64,12,3,74,33,78,104,63,105,79,60,93,28,81,108,101,123,24,132,121,0,106,134,77,6,102,118,51,80,86,13,71,129,114,41,97,53,124,127,70,19,119,66,130
4,6
55,20,45,88,60,79,106,66,91,122,58,67,102,97,112,133,72,107,92,86,25,69,53,65,108,35,78,63,74,124,10,12,96,64,76,117,132,57,34,49,129,7,11,51,1,73,87,44,23,40,68,90,6,41,113,118,62,29,50,38,16,131,134,114,39,80,105,135,104,15,8,82,46,116,22,32,54,48,30,13,0,26,115,75,17,121,125,19,37,98,52,103,127,31,109,27,9,21,14,126,24,5,42,111,61,85,94,84,47,101,93,71,100,119,2,95,89,123,99,81,28,128,4,120,33,77,83,59,130,36,18,43,56,3,70,110
4,3
128,111,20,64,21,110,47,109,72,132,127,9,113,33,2,61,7,50,37,94,18,119,62,55,49,40,75,6,39,45,13,32,87,24,105,46,83,102,11,27,60,1,67,125,74,63,95,80,56,36,68,135,8,84,17,28,93,12,23,116,71,133,30,126,41,104,35,99,57,123,115,42,106,96,120,3,22,121,38,114,59,92,112,89,4,48,129,90,16,31,43,82,69,124,10,130,14,15,5,66,77,91,118,34,134,122,88,26,70,131,79,54,25,53,52,51,86,108,0,73,97,19,29,107,117,76,101,65,81,98,103,44,85,100,78,58
1,2
22,95,48,85,64,18,87,19,17,116,62,128,113,130,44,35,115,29,61,60,10,32,99,131,111,27,33,15,6,109,96,70,68,124,43,74,5,11,7,86,83,71,133,112,101,31,81,118,108,28,97,132,2,24,37,14,4,90,106,3,100,16,121,75,126,21,50,12,63,119,13,82,69,65,135,34,134,0,58,55,94,103,20,59,38,25,40,56,1,102,57,92,46,49,110,77,127,78,51,88,53,36,117,41,107,42,104,47,23,39,76,123,89,91,105,54,84,125,8,26,79,45,30,66,98,9,72,52,129,122,73,80,93,67,120,114
3,2
71,64,7,76,28,65,12,58,36,57,68,10,3,127,5,88,80,6,39,1,83,105,35,2,53,46,135,63,38,78,40,42,130,18,79,107,131,8,20,85,128,122,48,82,29,134,132,117,81,100,111,49,15,77,54,69,25,119,0,34,109,123,67,55,21,9,43,37,75,84,52,115,129,44,126,60,23,24,4,103,120,32,86,66,112,70,113,93,108,45,30,98,95,124,56,73,47,27,16,59,41,104,87,74,90,62,96,110,91,118,26,11,22,94,13,97,121,125,116,33,17,14,50,89,114,106,72,61,99,133,31,92,51,19,101,102
2,1
95,110,122,3,78,36,40,56,39,69,54,103,75,94,27,60,79,81,5,117,26,41,0,44,83,82,120,7,90,53,59,24,32,86,114,84,134,14,20,98,125,89,38,71,61,72,102,51,34,92,115,99,66,1,80,2,129,67,25,22,6,21,13,15,109,107,29,16,127,11,28,87,12,105,4,45,132,23,62,47,131,73,106,43,91,58,96,74,31,9,18,55,135,57,50,33,133,48,97,113,35,76,19,46,118,63,64,121,126,88,111,119,128,104,100,108,8,68,77,10,65,70,124,49,116,130,123,37,112,30,17,93,52,42,85,101
6,6
25,22,117,131,54,23,122,115,103,79,123,75,65,86,20,128,52,30,53,74,108,3,114,90,27,6,33,60,135,127,105,96,104,0,119,47,85,31,11,112,84,17,10,39,82,67,36,91,40,5,111,71,116,106,120,70,50,44,4,78,107,95,66,12,62,7,80,98,8,13,24,76,16,37,121,15,69,94,28,26,99,34,118,19,58,93,21,46,1,41,56,68,51,49,81,32,2,83,97,38,133,110,29,55,42,61,92,63,18,9,64,72,126,130,73,134,43,35,48,45,113,124,101,57,132,87,102,89,14,125,100,129,59,77,88,109
5,3
7,31,18,112,35,40,58,41,133,109,0,8,66,94,30,57,54,114,24,15,87,68,42,106,32,67,25,84,61,88,6,45,49,19,111,79,98,130,39,51,83,99,26,50,62,2,56,34,46,71,113,135,23,119,5,10,93,107,81,78,96,3,63,38,100,72,48,105,103,117,118,120,27,128,101,12,16,97,44,69,90,70,124,9,125,82,52,127,110,73,55,122,43,59,89,36,14,126,77,74,21,108,1,134,13,131,29,28,95,91,123,37,92,85,121,102,47,65,60,80,17,4,76,104,86,129,115,22,116,11,132,20,64,75,33,53
1,6
1,7,33,18,43,19,60,106,27,38,74,95,20,65,90,78,81,93,125,0,94,42,61,6,123,112,120,46,2,76,69,121,119,134,25,122,86,129,67,97,70,58,111,13,79,40,28,51,113,87,48,41,31,72,5,92,53,47,32,29,34,10,105,66,3,39,118,91,44,15,84,85,57,68,9,108,102,62,63,110,4,8,14,133,52,89,88,114,45,96,100,24,22,115,50,128,11,59,99,82,64,49,107,55,80,54,124,73,132,77,23,71,126,117,30,103,37,56,36,98,83,127,26,116,16,135,130,131,17,21,35,104,109,12,75,101
2,2
76,82,26,67,52,25,41,14,101,33,70,116,105,58,29,5,3,30,68,8,7,95,78,75,20,103,45,130,43,80,120,129,83,49,42,44,118,19,38,104,79,24,6,34,64,96,37,12,114,110,97,0,50,86,10,71,135,2,17,46,69,106,122,39,1,88,77,4,113,72,115,87,98,23,111,60,21,124,117,99,94,35,119,55,90,28,18,109,63,91,66,100,93,32,48,133,40,61,131,84,112,36,11,65,125,107,121,51,85,9,16,57,53,59,22,92,102,54,15,132,123,134,31,108,81,127,74,126,13,56,89,47,128,27,62,73
3,3
39,53,123,47,0,86,134,63,97,131,17,98,111,27,80,36,75,129,113,119,37,24,8,33,25,72,30,20,96,105,48,81,32,9,21,11,51,69,87,130,44,31,94,67,88,109,110,121,10,26,132,124,49,38,43,12,57,91,133,76,35,42,85,101,117,52,64,6,126,45,90,5,115,108,4,60,103,122,29,7,1,54,83,68,118,50,16,78,92,125,3,22,2,82,58,120,62,93,61,100,65,28,89,70,13,71,106,102,77,46,112,66,18,135,41,116,59,23,56,55,19,127,74,34,79,104,14,40,114,128,99,84,15,73,95,107
5,4
43,33,26,21,34,29,16,25,39,42,72,114,62,103,73,13,91,131,119,124,128,80,30,107,44,93,84,104,40,71,74,68,125,77,78,99,97,32,96,100,3,58,101,65,50,51,35,81,116,126,82,17,19,87,8,55,117,130,1,27,94,6,57,45,63,115,70,76,98,12,52,106,75,38,56,20,113,2,9,0,59,69,11,4,10,135,37,88,127,122,132,48,123,108,53,90,41,109,23,83,118,64,133,121,92,134,61,66,14,102,22,112,89,28,105,31,5,36,60,49,95,15,85,86,18,111,129,24,54,47,46,110,120,67,7,79
2,2
75,44,29,103,71,5,98,105,67,97,132,16,124,112,115,125,10,13,111,11,101,55,70,113,120,31,76,3,133,68,2,0,106,121,8,27,22,66,9,107,85,49,61,82,122,35,38,25,58,93,109,77,19,102,108,74,21,114,15,64,60,129,42,65,23,18,100,37,52,87,94,34,45,69,83,78,62,72,28,1,89,47,80,118,110,128,81,79,20,84,4,73,36,130,116,119,92,59,7,54,57,134,99,135,104,131,48,51,26,14,95,117,12,6,33,90,41,91,56,17,96,43,63,30,50,88,123,24,39,86,32,40,53,126,127,46
6,3
4,22,114,77,90,51,135,0,109,122,81,120,34,24,46,102,37,38,31,106,64,67,119,82,116,2,104,26,73,93,87,107,117,27,39,92,3,13,6,125,123,111,72,10,69,44,80,118,47,53,59,58,98,9,100,45,129,14,28,17,76,25,70,48,16,84,50,71,134,19,12,128,103,75,40,33,124,62,21,66,61,23,113,86,121,97,112,88,54,63,127,101,36,7,29,41,85,52,56,20,42,130,91,115,89,43,79,15,96,1,32,5,60,99,83,74,65,108,30,55,110,105,18,57,126,95,78,11,35,8,68,131,133,49,94,132
2,3
135,59,10,57,74,44,127,114,5,76,71,24,35,111,82,86,22,6,17,101,81,122,96,45,97,58,119,62,66,77,104,128,69,90,130,103,49,41,109,36,84,120,85,61,11,88,8,50,46,108,99,37,115,14,12,16,64,132,42,13,21,47,112,51,116,102,73,129,48,25,131,3,110,52,121,133,106,87,34,78,9,83,95,19,113,134,29,89,20,105,55,7,31,80,91,60,18,65,92,117,15,98,94,27,23,63,100,38,123,2,125,30,70,56,43,40,0,68,107,67,1,28,75,33,53,72,54,26,79,93,32,126,4,39,124,118
4,4
61,73,100,78,42,4,36,43,82,91,93,103,76,10,62,125,130,46,123,51,90,129,30,0,128,121,60,85,81,28,18,110,79,115,47,63,1,3,27,19,132,57,133,33,49,118,104,106,34,20,71,9,124,84,14,70,65,35,122,50,95,21,11,105,7,45,101,99,135,54,126,48,92,109,74,98,119,88,12,97,55,87,64,52,16,15,69,44,96,23,67,31,86,53,77,5,8,58,29,68,117,116,114,39,41,108,80,24,72,32,66,102,17,38,75,107,25,37,113,83,56,59,6,40,2,120,112,94,131,22,134,13,26,111,127,89
2,4
29,36,63,112,87,115,62,65,99,64,38,67,21,30,124,35,68,33,50,102,26,105,127,46,1,13,31,27,111,18,120,73,4,71,82,76,113,72,19,79,97,131,17,95,107,22,130,40,43,103,100,45,114,74,7,78,93,116,110,85,123,88,80,75,15,10,90,0,132,47,14,84,11,118,70,119,104,48,42,3,16,98,23,57,58,55,106,44,6,28,108,121,25,2,133,126,125,91,37,94,54,83,109,12,59,8,49,135,117,34,66,20,86,92,5,69,53,129,101,39,51,96,134,61,122,60,77,9,81,56,24,32,128,89,41,52
3,5
39,74,94,99,100,0,97,101,2,98,29,48,38,92,28,37,23,108,43,41,26,119,89,83,135,66,15,19,45,80,103,132,134,96,5,17,40,55,128,16,75,127,34,87,54,61,3,104,12,52,18,24,117,59,60,105,56,32,107,62,79,77,50,91,90,116,69,20,33,47,111,35,133,68,63,106,9,84,11,30,27,67,64,70,112,51,88,114,95,113,36,93,53,49,130,115,125,123,31,129,6,44,46,10,102,118,4,58,86,120,121,73,78,25,65,22,109,8,42,82,13,21,81,72,131,1,7,71,14,126,122,124,57,110,85,76
4,1
37,77,91,39,70,131,106,83,121,43,20,89,21,1,104,3,30,110,93,75,49,16,82,26,80,84,94,87,17,18,29,28,12,41,124,111,90,51,113,58,117,10,40,128,36,71,14,122,107,105,102,119,47,52,4,67,100,50,101,56,68,81,34,92,11,65,27,46,6,120,33,86,88,2,127,95,115,133,55,79,22,103,24,126,74,123,62,96,98,59,9,78,61,85,64,99,73,76,135,72,69,130,23,42,54,134,125,8,35,45,0,60,57,32,114,97,53,25,44,15,108,112,63,31,66,7,118,5,19,132,116,109,13,48,38,129
2,5
122,98,9,91,35,80,123,112,20,97,116,87,37,47,125,60,99,94,105,73,107,70,86,16,74,40,50,79,49,4,130,103,57,62,90,129,19,12,18,67,43,76,114,127,132,30,115,1,2,25,109,34,61,42,113,22,126,64,121,89,58,7,21,63,119,45,88,75,77,82,95,23,31,10,28,32,111,101,110,84,66,85,51,11,24,17,59,27,46,120,72,124,68,102,118,92,3,65,131,134,15,55,133,83,135,44,29,56,33,39,48,41,36,52,93,71,13,81,14,0,5,104,100,38,8,69,6,26,54,117,108,96,53,106,78,128
1,2
52,126,91,128,115,85,108,86,51,25,88,135,134,117,40,70,13,98,53,4,49,1,72,96,90,113,9,22,47,110,82,89,2,67,15,56,107,41,114,24,33,78,103,132,10,60,6,131,63,118,44,73,79,14,18,95,61,125,105,93,28,127,27,57,75,77,111,58,16,7,120,109,11,55,8,5,19,87,101,39,35,46,102,66,129,45,36,42,34,59,37,68,17,20,29,30,83,92,69,54,116,123,81,133,32,130,122,84,38,97,94,104,80,124,50,65,62,121,26,64,31,99,76,106,100,48,74,23,3,12,71,21,43,112,0,119
3,4
111,54,106,134,99,124,8,122,35,70,69,64,68,36,91,118,109,6,57,73,127,15,80,112,31,52,101,33,115,20,104,86,123,87,113,135,1,125,90,40,47,59,93,10,71,102,39,3,92,53,63,100,78,74,22,110,13,94,24,49,96,50,98,114,51,67,55,48,26,60,72,11,105,30,95,131,42,128,129,14,82,23,121,25,79,46,58,116,29,84,130,97,12,119,76,28,45,0,2,65,44,62,32,18,27,85,21,56,43,132,88,126,4,7,5,37,66,120,117,61,107,108,103,81,133,19,38,83,9,77,16,34,75,41,89,17
5,5
113,89,116,60,100,37,25,104,79,102,32,4,78,119,47,75,77,96,83,111,122,115,10,131,41,17,56,112,24,19,55,38,126,121,120,98,84,45,123,1,88,99,128,50,62,92,13,7,52,90,117,8,61,9,18,85,130,109,69,22,30,95,39,108,35,51,54,12,93,76,6,73,68,21,66,11,129,36,135,20,5,101,94,33,64,28,14,48,86,34,42,74,3,91,27,46,15,97,107,80,40,43,103,118,29,67,134,26,132,23,44,58,114,106,81,63,127,124,105,71,16,59,2,110,133,49,82,70,87,57,65,53,72,31,0,125
3,5
65,6,104,79,92,46,100,24,85,19,127,134,102,30,91,57,80,96,109,58,71,25,48,123,20,55,129,117,93,28,74,120,3,7,113,98,42,77,36,21,78,75,35,59,63,110,94,118,101,112,49,17,16,8,72,47,40,121,2,126,114,31,0,111,60,10,33,105,106,39,15,18,83,44,124,5,12,34,76,52,122,103,73,90,132,62,88,4,41,82,14,130,89,133,67,131,53,64,50,81,87,45,43,29,95,66,108,27,37,116,119,26,1,84,11,38,128,54,61,68,69,125,115,135,51,13,56,32,70,107,9,86,22,23,97,99
4,5
47,108,75,23,126,36,76,116,131,98,74,44,134,24,17,43,125,84,118,54,38,124,114,96,130,31,3,53,77,18,91,115,56,59,64,66,117,80,52,37,89,102,26,100,6,4,50,62,112,63,78,27,67,104,111,129,10,128,49,121,34,29,8,61,33,42,9,127,39,119,57,133,85,40,0,32,120,92,5,70,11,106,90,15,69,58,107,22,68,103,83,109,122,1,79,72,94,25,88,41,82,93,21,51,71,55,110,123,87,46,30,81,101,105,73,13,48,12,7,14,99,86,95,2,19,16,113,135,28,35,60,97,65,20,45,132
5,3
5,74,122,42,63,75,131,57,107,70,69,52,32,21,16,84,130,31,34,87,64,48,17,4,94,43,103,38,58,81,101,78,100,112,90,11,133,77,29,15,61,110,44,108,73,119,127,120,2,45,7,92,132,91,55,109,126,98,114,51,128,85,79,23,72,115,83,39,76,18,106,121,26,99,134,46,33,71,25,116,27,123,40,129,10,54,67,104,102,56,80,35,9,1,14,66,135,60,3,118,96,37,0,30,111,12,24,6,125,97,47,88,89,53,28,65,22,117,13,62,49,86,105,20,36,8,19,113,50,59,124,68,93,82,95,41
3,2
82,131,117,78,19,90,13,29,8,115,62,132,60,7,55,24,98,125,47,12,68,37,22,129,108,53,128,27,94,87,51,95,52,99,112,2,84,105,30,86,134,54,89,116,31,97,126,28,59,96,3,76,65,106,0,61,70,123,121,111,43,16,64,88,81,49,4,9,63,107,73,41,66,32,120,93,34,15,80,40,58,17,101,130,6,85,135,21,50,56,35,44,92,45,79,25,67,20,57,83,91,104,72,71,42,36,124,75,118,109,103,46,77,10,119,110,23,38,133,1,114,39,5,69,14,48,18,100,11,74,113,102,127,33,122,26
3,2
2,84,95,70,10,53,66,23,50,46,33,25,54,16,75,97,87,19,56,27,114,11,21,40,74,111,100,113,30,71,78,85,125,39,42,69,127,81,8,49,105,118,126,119,9,122,68,93,90,107,128,99,1,124,15,121,65,24,104,79,76,45,59,13,0,80,133,108,110,131,116,35,73,43,77,83,20,26,64,132,62,7,31,72,92,22,63,88,41,38,60,48,5,67,112,82,37,17,12,4,109,57,29,123,34,94,47,103,32,61,134,3,115,44,135,102,52,98,51,91,86,55,96,28,101,58,6,14,36,120,106,89,130,117,129,18
4,6
112,14,113,33,16,18,26,42,21,60,78,70,9,13,105,6,76,67,36,104,124,23,41,58,31,106,82,72,63,84,89,25,17,43,38,55,73,19,103,120,123,52,87,109,118,12,27,59,117,66,98,10,131,54,110,30,107,79,134,126,5,62,77,121,85,83,29,71,93,32,48,81,94,61,100,122,2,114,95,51,97,75,3,80,24,88,69,39,64,0,57,40,65,125,44,45,74,56,50,22,47,119,133,92,8,99,111,127,86,132,91,116,11,53,35,4,49,28,34,15,20,101,108,102,129,68,1,96,130,37,128,90,115,7,135,46
3,4
28,108,50,45,54,58,41,47,22,39,113,99,126,17,34,79,106,85,98,33,46,18,82,86,12,81,5,30,93,120,80,83,97,104,133,131,110,101,13,37,134,43,59,10,70,68,25,100,42,74,73,6,115,7,84,11,52,118,15,107,69,117,87,53,77,95,4,132,3,109,9,55,19,67,51,26,56,102,61,121,64,38,20,114,76,91,112,129,65,32,62,24,122,2,31,103,78,96,88,1,0,130,92,8,16,124,66,72,14,89,21,57,119,63,94,116,48,125,71,29,90,23,44,111,49,105,35,127,135,123,36,128,40,75,60,27
3,5
25,62,97,14,111,59,120,112,107,68,52,50,125,40,22,54,42,113,16,24,67,5,84,123,114,3,32,34,106,11,102,26,15,18,27,64,55,89,73,35,101,130,83,104,41,133,13,33,103,47,17,2,100,105,95,60,91,58,44,28,131,80,4,134,45,30,127,48,43,129,29,90,37,49,99,116,7,96,79,121,110,6,63,8,31,1,108,126,85,119,66,0,57,69,94,20,12,82,77,87,81,56,39,51,88,19,70,53,93,75,46,122,109,128,76,74,86,78,9,117,23,65,72,36,98,115,92,21,71,38,10,132,124,118,135,61
4,3
48,62,80,19,114,135,134,72,78,5,61,9,77,27,26,23,12,96,55,57,89,117,76,58,2,53,108,69,110,73,50,52,109,20,6,54,60,126,116,14,7,130,111,15,3,100,71,34,44,95,128,90,113,120,107,122,30,8,115,88,1,46,67,105,38,63,59,4,79,47,74,56,24,45,99,127,10,103,85,75,65,131,91,43,133,21,11,106,121,64,86,129,28,39,123,29,32,25,83,97,93,94,42,13,82,33,35,84,70,41,98,31,102,37,119,17,0,92,36,104,40,125,132,81,118,16,22,51,87,18,68,101,112,66,124,49
3,4
111,37,31,114,83,40,1,30,13,84,56,73,33,15,70,66,47,17,46,65,36,124,85,38,98,25,117,61,42,60,63,128,131,129,82,107,55,59,54,87,34,133,6,79,12,118,89,48,27,112,14,77,92,122,106,21,67,109,74,64,90,5,58,18,4,39,49,105,72,80,126,101,69,115,132,86,81,120,51,11,76,100,75,121,123,91,7,9,10,93,102,50,71,43,94,52,97,127,57,119,2,3,20,0,116,99,110,45,28,22,104,8,78,68,26,88,19,44,130,135,125,53,134,62,24,41,23,95,16,32,29,113,103,96,108,35
3,3
135,74,83,116,59,47,46,57,72,96,6,33,107,41,35,109,2,18,24,120,65,54,66,93,58,36,123,21,126,128,15,103,19,0,16,37,71,82,42,9,56,69,30,20,23,100,92,50,8,111,89,91,105,99,87,31,132,125,28,43,67,10,63,39,85,26,102,110,88,55,7,90,98,3,14,11,81,80,27,108,29,51,131,64,5,40,53,114,78,121,112,115,70,94,45,76,61,1,62,44,52,84,129,38,48,104,118,79,117,77,4,95,75,13,127,22,97,106,124,68,130,113,134,122,73,17,133,86,119,25,101,49,32,34,60,12
3,5
29,92,129,99,100,39,48,72,58,122,6,78,1,60,64,118,123,54,31,5,49,133,83,87,85,80,66,2,35,7,59,26,74,107,130,53,17,73,44,30,18,132,76,86,56,33,8,115,51,103,117,43,89,101,116,41,68,36,105,14,4,13,28,16,0,25,19,96,98,52,127,131,93,47,126,57,69,120,124,22,134,119,77,121,90,128,32,135,91,23,113,114,3,82,9,11,108,125,71,79,12,106,10,46,110,65,109,45,95,42,24,15,37,94,40,61,112,62,50,104,20,27,55,63,97,34,38,84,102,75,81,88,21,67,111,70
5,4
107,125,91,109,20,18,117,30,31,130,132,35,73,95,63,42,98,134,128,12,84,28,56,57,50,1,36,64,43,93,83,61,105,126,52,76,40,74,66,13,80,62,106,120,108,32,24,82,23,111,96,129,14,7,49,85,79,26,9,72,122,110,123,21,89,94,27,114,101,69,88,47,90,6,127,59,29,100,45,119,65,0,78,33,41,77,67,51,87,46,133,15,11,116,22,53,99,92,70,68,38,37,60,8,44,17,103,10,121,113,39,102,4,3,2,25,16,5,34,118,112,19,97,135,54,131,48,81,58,71,115,86,104,55,75,124
3,4
121,48,34,116,38,79,59,113,91,123,82,128,58,131,55,17,52,99,26,126,6,97,125,94,3,39,84,12,115,37,114,104,11,112,63,2,103,56,42,108,30,15,45,32,106,78,135,124,43,49,21,76,46,35,0,19,1,102,122,40,118,88,75,96,100,28,107,36,130,101,16,29,51,10,41,24,129,127,105,65,64,109,111,67,8,66,47,4,89,92,27,18,61,9,60,23,71,132,117,77,54,120,14,62,31,33,50,80,87,22,86,98,7,81,133,13,119,85,72,69,83,93,25,44,73,20,95,110,5,70,74,53,90,57,134,68
2,4
14,88,37,29,36,60,135,28,3,69,96,108,114,16,64,13,100,115,68,45,38,112,131,35,77,5,117,65,31,44,70,129,8,1,118,85,91,80,123,19,86,99,82,105,125,33,52,34,93,98,122,104,119,79,43,126,9,113,47,130,110,116,111,97,75,30,21,103,55,25,109,6,2,90,62,66,107,128,54,89,42,17,81,27,124,121,106,32,76,12,24,78,94,20,46,22,133,39,127,0,50,7,11,40,15,72,73,87,61,83,95,53,63,58,84,23,26,51,102,101,56,120,4,92,71,59,10,57,134,48,132,67,18,74,49,41
5,1
53,22,25,69,109,38,13,86,90,115,6,24,127,98,61,27,7,110,113,8,60,4,41,17,42,64,51,93,63,59,78,125,122,9,57,99,87,72,10,80,29,23,101,55,3,124,46,108,89,77,47,85,96,58,83,43,45,19,114,84,15,28,91,132,36,34,21,123,131,134,33,107,117,81,20,31,133,129,48,130,40,79,11,126,75,12,94,26,102,54,0,104,71,66,128,121,74,49,111,68,37,65,56,135,82,120,50,106,2,5,112,97,118,88,18,116,52,103,16,32,1,35,105,76,44,119,95,39,70,67,73,100,30,92,62,14
5,5
100,92,5,110,18,66,34,11,23,63,77,20,47,25,41,111,119,106,114,82,129,122,75,56,98,90,112,8,59,64,123,72,67,113,10,28,116,40,127,7,30,17,55,60,80,132,27,26,13,124,16,115,125,130,76,87,101,31,120,84,131,86,1,104,49,133,54,73,45,81,9,35,38,15,4,89,32,36,19,102,46,44,58,134,128,42,0,51,61,6,22,62,85,70,48,50,126,118,3,121,65,95,53,74,68,43,107,29,93,37,108,97,109,39,91,2,88,69,105,33,96,12,83,94,99,21,103,24,57,52,135,71,78,117,79,14
5,3
98,76,120,70,7,23,52,16,96,38,73,132,65,13,93,125,74,68,53,105,39,8,71,29,6,63,128,130,94,95,85,18,37,131,91,32,56,119,46,9,77,81,48,10,51,123,87,127,54,36,112,129,19,14,20,89,62,135,49,72,69,4,50,92,113,30,116,45,25,90,126,88,47,0,115,34,27,60,110,83,108,11,86,99,66,22,35,134,104,121,28,42,1,12,103,82,109,117,61,24,58,133,15,75,84,41,59,106,114,44,55,31,124,17,111,118,67,107,43,26,40,2,33,100,57,3,102,122,97,64,101,21,5,80,78,79
1,2
38,9,126,124,92,134,23,35,25,44,84,112,39,3,54,62,63,88,71,59,118,52,98,13,29,55,75,36,122,103,123,106,101,100,77,81,78,104,95,116,26,30,76,97,86,107,42,10,85,53,127,114,56,12,102,73,60,131,33,70,7,51,69,130,15,133,17,80,28,91,117,96,5,49,4,121,135,110,61,115,19,82,50,6,65,108,72,125,64,109,93,83,89,41,34,129,22,32,57,111,43,14,21,94,18,40,8,31,113,20,120,128,11,132,79,45,68,99,67,2,1,66,37,48,0,16,58,47,24,74,87,46,105,27,90,119
6,4
91,28,4,19,52,60,7,131,68,65,47,18,84,122,100,123,69,11,70,9,30,118,75,134,62,15,129,101,64,3,119,77,95,106,0,31,110,73,127,96,63,39,104,12,22,32,72,88,74,87,2,24,44,93,53,56,114,132,61,108,37,49,113,21,50,51,83,80,41,86,36,23,16,6,92,111,89,40,66,35,125,5,58,76,67,17,117,81,33,105,126,27,82,54,20,57,48,14,59,45,99,121,29,94,78,124,42,85,25,10,130,79,26,13,115,90,46,133,116,98,112,120,128,38,55,135,109,102,34,1,43,103,97,71,107,8
5,4
43,88,31,121,128,73,110,0,66,103,32,118,100,13,117,16,65,30,84,61,69,79,108,23,63,57,19,130,92,80,47,59,14,126,105,76,95,75,81,21,60,25,26,98,111,53,20,28,38,27,87,96,123,42,62,50,101,64,90,34,119,78,114,36,102,132,2,51,5,44,54,71,104,12,9,91,82,8,131,29,33,86,52,99,72,6,46,124,18,17,48,85,122,58,11,113,120,56,89,70,45,97,116,134,35,94,109,24,37,115,7,112,10,49,77,106,67,125,3,55,83,4,135,93,68,41,39,1,40,15,107,127,129,74,133,22
1,5
