123,50,31,131,36,4,127,8,118,128,102,3,134,71,69,51,66,132,88,73,55,67,126,111,58,92,99,91,74,39,1,110,49,86,42,75,48,64,77,133,120,82,95,53,18,20,97,94,124,72,81,54,93,107,61,32,125,90,103,84,96,0,41,25,11,56,112,109,43,12,108,115,100,16,85,60,33,119,70,87,14,30,46,104,89,28,7,19,38,121,106,44,62,22,23,98,59,24,29,117,27,129,57,40,122,26,34,9,35,114,2,76,68,79,52,5,6,130,47,65,37,105,80,113,83,45,135,78,63,10,15,101,17,116,21,13
6,5
63,7,109,71,10,70,96,101,89,49,2,48,68,122,127,76,28,88,34,74,116,17,92,93,25,83,38,103,41,46,59,132,39,67,90,40,50,111,11,119,91,87,72,29,69,99,131,18,97,110,47,115,22,107,120,114,94,21,77,37,20,56,100,124,113,8,79,65,31,95,135,26,78,57,80,84,106,1,75,60,5,123,52,134,118,64,42,112,125,3,130,104,108,85,15,66,9,128,55,51,62,73,6,36,14,4,105,82,121,45,102,24,43,19,0,129,44,27,23,117,133,54,58,53,33,35,86,81,126,30,98,12,16,61,32,13
5,1
36,106,115,43,4,65,22,39,103,40,74,42,114,68,63,11,32,19,16,25,95,69,3,26,30,59,123,66,121,73,81,125,17,131,108,135,85,38,99,72,90,93,82,51,127,77,109,55,83,126,116,78,47,117,104,53,34,132,119,10,76,112,75,44,102,23,18,86,31,62,134,111,15,107,84,29,64,94,49,50,60,45,79,1,92,41,61,89,58,0,56,67,100,129,35,87,54,48,7,105,57,80,118,120,70,101,52,28,88,9,13,133,110,122,113,6,37,46,97,21,12,24,124,5,130,8,98,96,71,91,2,128,33,27,14,20
3,4
115,110,129,16,29,1,53,23,91,51,13,78,66,60,37,17,107,89,76,90,84,102,44,103,131,62,130,30,61,95,21,134,74,81,83,42,127,26,88,132,69,94,50,6,70,116,111,25,120,80,100,99,122,124,121,67,72,36,33,68,73,48,97,5,113,38,12,8,92,20,85,79,123,27,32,82,104,108,106,56,55,46,126,28,18,96,24,43,114,0,71,2,35,10,117,86,87,15,45,52,22,31,93,40,135,98,119,59,11,63,47,58,64,54,3,19,75,41,118,65,39,128,109,49,9,105,101,34,4,7,14,112,57,125,133,77
6,6
114,118,133,52,129,14,64,112,104,106,110,100,95,86,30,49,77,50,8,73,4,54,3,62,92,22,120,7,25,31,51,39,1,125,12,68,83,111,10,94,67,36,42,134,5,66,63,96,109,101,58,88,46,13,9,29,132,98,27,75,28,117,23,24,119,0,26,97,57,131,48,79,123,59,70,93,32,103,102,78,71,82,116,107,81,2,76,74,130,41,87,85,47,108,15,128,115,20,43,19,53,89,61,122,99,37,126,72,21,11,44,34,124,69,56,40,80,33,18,65,45,17,16,6,55,121,105,60,91,127,35,84,113,38,135,90
6,4
43,47,54,127,82,103,11,130,87,36,98,39,23,31,3,118,70,55,32,113,4,25,67,68,97,129,133,18,0,40,115,75,93,69,49,89,42,19,5,100,60,112,21,59,74,52,78,121,38,30,132,14,106,90,57,88,62,34,29,120,71,77,2,104,102,37,7,92,26,85,73,22,41,48,76,20,61,64,45,95,96,46,15,116,122,94,83,50,28,66,134,109,91,24,131,80,35,135,107,128,44,125,119,63,12,33,99,84,27,123,8,101,114,13,16,9,17,65,56,72,105,110,51,81,1,79,108,10,111,124,58,126,117,86,53,6
1,6
90,74,56,13,97,17,128,16,40,93,66,118,29,109,7,1,73,18,77,28,95,96,67,79,124,27,105,103,102,42,125,26,11,45,112,24,87,30,2,59,94,21,61,48,108,43,4,85,6,86,33,80,117,98,101,53,46,49,41,84,76,111,130,64,22,134,0,14,44,12,78,127,10,62,31,58,110,19,131,100,104,122,9,92,32,71,23,126,36,57,55,129,63,82,60,72,89,54,83,35,116,132,81,121,123,3,52,34,135,133,113,50,70,69,38,91,15,47,5,51,39,37,75,65,115,68,8,114,119,99,88,20,120,107,25,106
1,2
92,74,127,83,24,46,40,105,5,84,115,98,56,39,128,10,106,28,4,129,99,133,81,109,82,117,91,1,67,9,110,54,124,68,63,15,42,94,90,3,100,16,79,61,96,48,101,20,113,77,26,19,29,37,43,71,78,47,65,30,104,52,73,60,55,87,69,93,32,135,118,95,103,80,131,17,72,11,21,97,125,22,13,59,114,107,58,49,66,120,36,33,7,0,102,112,126,111,18,64,123,75,86,31,44,50,121,34,14,57,89,2,41,38,122,70,35,134,45,51,62,132,76,25,119,130,108,23,85,8,12,53,27,116,88,6
3,3
104,74,72,116,34,126,48,107,47,66,98,42,92,1,40,20,2,9,90,17,118,94,91,120,23,50,6,58,51,125,3,123,127,38,105,53,95,115,82,78,135,71,117,10,27,32,18,124,93,101,99,45,102,13,68,31,67,39,24,114,76,52,4,8,16,130,63,35,56,15,54,96,14,84,36,70,62,0,80,61,103,109,112,100,22,121,83,64,89,131,119,5,132,134,85,11,128,21,12,113,60,122,77,59,65,110,44,33,73,86,79,75,106,28,29,46,129,30,97,7,41,111,19,57,49,25,87,88,55,26,133,108,43,37,69,81
4,6
35,47,1,36,115,21,114,82,3,85,69,81,20,118,33,110,41,0,13,39,66,59,45,37,65,106,121,74,58,94,49,57,25,31,123,27,11,30,34,87,91,2,29,16,61,84,135,55,113,128,75,68,18,120,54,9,19,93,86,97,125,73,12,117,95,127,124,28,10,119,101,72,42,15,5,53,116,133,102,43,89,38,76,83,98,78,80,8,26,131,107,6,67,126,4,22,105,32,96,51,109,50,92,134,70,111,48,62,60,130,132,23,112,64,40,71,104,77,103,56,14,122,88,100,7,24,44,52,46,108,99,17,79,90,63,129
6,1
10,45,56,13,43,7,39,46,77,55,18,21,51,120,64,12,127,20,95,30,62,86,99,83,104,72,115,119,31,44,8,101,100,23,24,5,54,33,0,110,124,91,69,15,118,28,25,37,129,16,102,70,61,93,9,65,128,11,73,6,3,63,88,131,14,71,32,130,126,68,109,59,75,60,122,50,89,22,35,27,34,47,90,94,123,79,53,121,19,132,78,116,66,111,114,135,125,67,85,105,76,42,87,29,103,117,74,2,57,52,106,40,112,48,41,107,97,84,36,49,81,133,17,80,26,96,38,113,58,1,108,92,4,134,98,82
1,3
46,8,7,95,67,100,42,30,59,1,126,49,39,131,57,20,85,11,63,5,6,26,25,105,52,122,31,81,119,24,22,132,97,117,34,130,113,4,70,13,83,74,47,58,62,104,18,43,48,86,106,21,110,37,51,61,23,118,88,94,127,134,111,101,44,53,14,55,15,82,54,84,3,128,65,91,108,115,36,17,129,99,38,2,12,41,107,66,96,32,71,0,50,87,69,103,98,79,60,80,120,78,133,40,77,10,123,124,114,125,35,116,16,28,68,45,93,89,27,72,112,135,92,33,9,102,121,64,19,76,75,73,56,29,109,90
1,5
5,19,26,85,121,74,123,2,108,98,67,49,51,35,58,103,14,101,20,125,29,47,8,88,110,68,72,134,61,90,39,7,104,38,122,45,89,31,65,54,76,33,57,100,97,59,105,115,24,120,9,55,52,124,23,91,30,78,34,11,40,87,46,36,71,96,42,3,10,133,21,81,94,73,116,43,99,106,48,113,56,18,84,70,112,126,15,50,4,66,129,80,127,86,1,22,6,117,83,118,92,62,13,77,44,119,111,130,95,132,114,28,27,32,109,75,82,79,131,69,102,60,63,25,135,17,16,107,41,12,64,37,93,0,53,128
2,6
98,63,56,82,100,47,30,6,44,38,119,32,3,43,7,24,61,73,42,72,10,35,51,129,55,89,114,128,133,105,28,104,41,13,12,17,108,37,107,20,18,34,68,131,9,65,16,117,57,67,75,109,88,39,121,135,85,93,60,113,33,92,115,101,19,78,70,11,0,76,53,2,23,130,112,62,127,90,84,5,96,87,54,8,1,125,21,29,46,14,116,123,79,58,25,26,22,103,15,77,126,74,71,122,4,97,106,94,45,64,80,27,110,48,36,81,49,111,50,102,134,118,99,91,69,59,124,66,83,120,132,95,40,31,86,52
2,5
77,60,19,51,11,132,111,124,106,43,94,35,32,37,122,89,128,68,70,48,9,64,61,131,76,105,20,72,5,27,18,104,55,100,62,130,109,116,21,107,115,6,28,119,16,52,103,42,4,113,112,22,34,91,90,39,133,135,58,14,31,95,93,85,13,10,66,101,84,2,96,24,80,97,78,127,12,7,75,86,65,129,83,41,114,108,3,69,57,79,110,63,125,120,47,29,74,44,38,36,81,102,121,118,49,82,73,88,134,15,67,17,92,59,126,25,53,26,23,1,33,98,0,117,54,123,46,56,50,8,99,45,40,87,30,71
4,4
19,26,31,28,113,2,77,23,117,100,56,95,123,122,67,74,5,66,40,46,120,24,128,130,70,101,61,48,45,20,54,33,103,52,119,126,38,14,129,93,25,80,81,21,34,43,8,16,29,97,121,110,49,71,15,91,63,36,88,47,78,35,50,90,1,18,82,39,96,87,4,11,98,85,109,127,69,7,62,44,3,125,131,133,41,9,99,83,89,107,65,75,86,94,53,60,124,79,116,102,42,57,115,27,108,17,132,104,55,134,76,105,12,10,84,0,73,112,92,106,135,32,59,30,111,68,37,51,22,118,72,58,13,114,6,64
3,3
97,22,41,32,129,117,76,82,40,55,21,19,135,45,46,75,16,103,8,105,133,54,99,79,72,6,58,42,124,3,43,88,134,127,50,24,98,59,48,128,89,113,80,64,77,27,20,122,130,1,7,101,17,95,2,49,52,112,123,18,69,35,57,67,70,11,62,120,25,115,61,29,86,90,83,9,36,102,87,125,111,28,26,106,4,107,38,73,31,0,84,114,65,71,14,51,110,44,78,93,81,39,63,104,94,56,92,91,15,60,108,100,34,109,10,5,119,33,131,85,116,118,121,53,37,74,66,23,126,12,68,132,13,96,30,47
6,6
66,129,115,34,3,51,65,53,107,35,92,128,4,26,75,29,57,70,23,131,37,111,103,44,36,0,46,108,98,73,47,18,84,74,60,72,43,100,71,68,32,7,114,134,45,11,80,102,16,99,89,85,56,87,105,15,59,49,109,5,20,79,127,112,22,17,33,117,93,67,69,83,77,118,55,86,54,119,1,124,50,104,12,132,64,27,81,90,42,31,10,123,96,116,39,78,76,58,24,6,63,88,101,135,122,121,97,130,91,30,125,133,9,62,2,95,8,38,13,113,61,19,28,14,106,82,41,94,126,25,52,120,48,110,40,21
1,1
101,54,66,74,23,12,1,110,37,42,125,32,27,19,30,93,10,39,85,8,61,86,58,69,112,118,13,104,78,77,95,29,51,21,5,109,35,38,44,26,106,79,71,41,15,3,48,96,113,94,98,100,17,127,11,56,114,2,124,108,80,126,84,91,46,97,92,130,89,129,22,64,103,43,131,4,102,111,62,68,0,14,20,9,120,45,119,40,81,67,105,50,47,123,16,63,115,72,133,6,60,33,57,82,122,128,88,83,116,135,7,132,49,31,28,36,52,53,25,59,73,99,55,24,90,75,70,18,107,34,76,134,117,87,65,121
3,3
22,130,47,119,129,52,73,103,133,69,100,54,29,15,33,125,91,131,114,66,31,38,27,122,113,48,127,81,94,20,2,105,17,110,79,106,107,61,116,62,21,60,16,42,59,84,65,101,88,50,72,9,8,5,28,92,111,51,93,134,75,67,40,24,124,18,55,115,70,87,97,3,89,78,30,0,25,26,71,56,63,135,36,128,11,41,10,86,32,34,108,126,64,90,117,13,76,58,121,99,68,74,6,7,80,104,1,123,112,85,77,98,43,39,45,53,23,44,37,14,95,132,49,102,46,57,35,109,96,19,118,82,120,83,12,4
4,6
37,108,72,105,35,81,45,54,36,59,52,53,22,68,30,122,4,126,16,7,44,56,31,21,63,112,119,15,80,75,46,115,116,120,94,57,55,133,93,18,96,79,86,17,124,107,91,76,127,73,14,10,26,65,23,106,69,84,114,87,33,27,51,66,102,135,11,19,32,34,77,113,92,5,82,29,42,1,121,8,78,104,3,39,131,128,110,40,101,9,71,24,125,90,123,13,74,109,98,64,117,43,83,12,0,67,49,132,2,61,118,134,47,70,100,41,89,111,6,48,25,88,20,97,99,85,58,95,50,28,129,103,62,60,130,38
4,6
34,14,7,135,121,120,126,123,108,62,43,115,46,64,95,96,4,80,105,82,119,66,12,58,102,22,2,77,70,94,71,39,1,88,30,35,131,125,74,92,32,61,29,5,54,44,128,133,110,111,103,68,26,20,47,69,97,53,33,41,50,106,63,21,84,76,28,65,23,117,116,48,114,24,10,91,78,72,0,112,38,79,130,51,52,6,40,118,17,122,134,57,60,132,42,9,86,107,18,36,37,75,67,124,11,8,89,73,98,93,104,27,56,59,13,127,85,16,25,100,81,109,113,101,83,45,90,99,55,31,49,19,87,129,15,3
6,6
11,1,85,132,88,0,103,61,42,119,10,12,91,90,98,83,123,81,27,110,36,99,63,28,109,124,58,53,41,13,73,125,106,76,38,111,43,114,3,87,25,22,30,45,97,108,51,92,129,23,37,9,6,59,50,24,101,68,64,46,56,39,40,131,4,29,31,127,48,107,8,67,66,5,54,89,70,82,115,21,93,80,52,133,34,17,18,121,74,122,126,102,71,62,113,128,105,77,72,19,55,86,79,47,120,7,60,32,14,104,117,100,118,69,96,26,65,94,33,84,2,57,35,78,16,49,116,134,135,20,15,112,130,75,95,44
1,5
55,57,80,133,77,125,123,75,20,11,19,28,126,86,40,65,26,76,29,51,4,130,21,132,35,1,73,98,2,122,39,13,50,27,79,74,99,116,59,114,83,30,121,129,58,93,8,90,54,104,117,48,41,62,22,96,15,32,9,23,135,124,24,42,87,82,43,16,69,34,113,71,89,100,78,118,111,14,106,49,6,112,119,109,102,81,91,110,38,127,115,66,45,17,67,131,7,134,97,95,46,56,47,85,60,63,101,68,64,107,3,18,10,84,105,70,37,36,61,94,52,120,103,72,108,128,25,5,33,92,88,31,12,44,53,0
6,6
84,50,65,69,9,47,71,46,78,98,21,26,42,97,59,72,108,82,77,23,14,2,104,64,79,13,106,58,114,20,93,27,56,119,87,109,43,117,31,15,125,52,48,34,22,133,91,120,102,80,1,37,63,45,101,70,19,88,90,85,55,35,60,57,92,12,25,61,89,39,112,3,99,122,24,67,44,123,107,118,132,51,29,54,74,103,130,86,28,113,73,6,38,127,16,10,8,124,40,111,5,66,135,134,76,18,53,41,62,83,81,75,110,68,33,126,115,32,36,95,131,17,7,121,129,30,0,100,105,49,116,96,94,128,4,11
3,2
127,8,38,5,51,37,34,78,69,79,14,64,30,42,99,114,75,46,28,44,132,72,134,35,32,39,101,10,96,133,49,50,52,67,125,58,93,100,2,65,25,115,124,21,90,135,113,85,9,41,55,29,98,47,104,122,24,12,117,15,31,36,22,120,73,128,71,48,17,6,89,56,62,57,94,45,126,103,63,131,107,3,27,97,26,53,91,77,1,123,19,82,108,70,109,76,59,87,60,18,116,16,13,112,0,129,84,130,119,86,106,66,88,11,92,40,4,110,61,23,81,43,105,7,74,20,33,118,68,111,95,83,54,102,121,80
4,5
57,73,115,69,72,121,2,38,101,107,37,9,62,111,133,34,102,53,49,114,30,40,131,7,24,33,130,14,27,97,80,19,17,108,86,118,127,6,3,106,15,125,96,83,93,44,47,5,21,1,88,112,119,132,92,18,20,134,25,98,109,103,55,42,66,29,10,100,123,68,117,71,16,76,31,126,77,120,58,129,54,95,85,87,74,8,0,39,110,23,90,105,48,36,70,84,113,56,50,59,91,32,12,22,52,94,64,45,75,60,135,35,116,63,128,46,82,51,79,11,28,43,65,89,61,13,41,124,78,81,26,104,122,4,99,67
2,4
100,82,1,34,11,113,93,81,66,52,22,53,9,19,18,85,51,95,111,120,39,96,97,98,56,55,79,58,70,12,14,6,17,13,73,36,102,86,38,112,64,92,62,49,8,124,43,32,80,4,46,26,87,103,48,45,115,50,106,69,47,54,10,88,42,60,5,123,63,84,75,118,33,0,109,114,59,78,27,16,90,110,30,134,135,119,89,101,65,20,31,132,130,122,29,94,24,68,108,7,3,133,72,40,15,99,2,57,71,125,126,129,23,35,131,121,107,117,91,104,105,116,74,41,25,77,128,28,21,76,37,83,67,127,61,44
1,2
105,27,29,0,117,8,37,20,84,58,10,3,134,82,45,85,99,133,86,11,92,21,109,119,93,62,87,42,48,4,51,40,44,78,96,19,110,61,75,23,39,30,22,112,56,79,97,128,41,43,24,47,94,69,88,126,102,101,65,104,34,107,49,60,130,100,36,35,71,129,7,16,113,2,125,52,32,57,115,33,77,95,118,64,116,67,91,74,12,46,9,106,68,124,63,76,120,1,121,59,14,15,6,13,17,135,83,108,131,31,122,127,66,80,90,114,54,26,53,132,50,103,81,72,28,123,55,73,98,5,70,89,25,38,18,111
6,1
66,129,69,32,96,121,73,79,49,104,97,77,38,25,9,114,57,15,90,120,16,88,48,58,132,115,13,56,20,3,60,21,133,126,62,119,108,106,95,82,134,103,78,128,33,29,105,130,110,92,72,19,112,22,41,23,30,24,17,124,12,102,122,0,63,40,99,26,39,50,123,116,65,53,118,67,31,76,36,89,64,107,7,84,14,51,54,135,70,43,11,111,10,91,46,47,117,94,100,68,101,86,42,2,61,52,85,5,80,75,1,109,6,37,125,8,113,127,93,55,28,98,35,45,131,59,81,34,74,44,27,71,87,83,4,18
2,3
88,45,9,82,15,57,121,47,4,35,101,96,103,84,107,65,129,64,36,19,25,71,23,100,105,117,120,61,109,0,2,17,94,30,133,125,34,55,58,67,1,26,13,72,10,52,51,104,41,31,40,29,91,42,24,78,93,44,89,95,127,49,5,54,50,74,81,110,106,16,97,118,38,3,83,32,7,79,80,46,131,111,37,119,12,76,98,48,114,21,28,102,11,123,8,75,22,108,60,112,116,90,99,113,115,70,87,92,68,134,63,14,86,18,135,33,59,77,122,124,6,128,53,85,73,27,39,69,66,132,20,62,43,130,56,126
1,6
76,116,70,101,91,113,45,81,63,17,54,32,128,115,77,125,74,4,40,10,89,12,82,69,50,60,52,65,103,134,0,133,110,44,111,31,25,46,1,99,58,64,29,51,59,124,135,9,49,66,61,114,56,106,57,71,41,38,130,39,22,117,102,85,18,21,2,55,34,28,67,127,7,122,86,35,62,8,72,97,42,3,68,13,112,23,30,95,119,108,79,104,20,107,36,90,27,87,118,43,37,33,126,132,131,80,121,26,123,88,6,105,15,75,83,92,16,47,94,19,129,24,5,48,120,96,14,11,93,98,53,100,78,109,84,73
4,5
116,97,50,4,51,100,121,16,82,69,76,10,95,9,115,56,24,98,11,114,101,28,65,18,107,124,64,8,135,54,66,58,78,68,61,25,48,29,36,0,57,34,33,87,74,71,79,103,67,80,129,130,38,1,32,7,62,119,59,126,73,26,49,92,63,46,127,2,94,86,3,44,131,125,111,41,113,120,55,70,104,93,40,30,90,132,89,84,53,105,15,72,27,88,43,75,77,42,122,96,118,31,109,123,102,5,20,37,21,81,128,52,12,85,6,17,13,91,23,117,106,112,35,133,83,134,110,39,14,22,99,19,60,108,45,47
1,2
123,125,81,46,129,7,98,38,88,52,58,119,26,59,78,50,126,76,44,63,11,124,35,82,34,135,37,45,121,25,47,18,6,89,20,116,4,100,86,66,111,93,42,16,72,128,43,29,79,41,75,9,67,57,33,90,61,31,39,40,71,27,51,60,48,21,117,107,102,113,92,87,65,101,22,132,73,13,85,105,23,12,1,103,110,53,68,112,49,127,10,36,3,56,80,96,133,8,120,104,99,106,32,69,0,115,70,114,97,19,122,30,5,83,108,134,15,54,28,24,62,17,2,64,77,14,55,130,131,84,95,109,94,74,91,118
3,3
35,120,0,75,53,109,135,34,48,74,68,64,101,67,33,90,62,116,26,3,61,54,69,63,1,89,118,119,23,117,77,49,17,100,14,80,12,8,110,124,25,31,87,44,2,105,65,111,21,50,47,131,56,16,7,102,36,45,32,123,86,91,59,42,41,52,125,104,81,85,60,121,30,18,79,58,133,37,92,78,97,39,96,107,114,134,15,71,73,126,10,24,51,27,115,88,112,130,132,55,43,11,13,106,122,22,20,99,72,127,5,83,128,76,9,40,6,84,103,38,66,94,95,19,113,93,4,108,70,46,57,129,29,98,28,82
1,3
55,52,103,28,84,24,78,47,41,44,98,68,121,27,89,95,116,1,46,15,20,79,50,75,100,102,114,29,25,126,17,97,4,81,3,11,7,123,64,60,6,2,128,12,36,18,70,53,94,13,82,110,62,59,21,118,19,40,31,87,54,77,127,101,132,34,42,69,76,83,14,134,111,74,0,66,61,122,125,117,65,133,107,67,119,124,80,30,113,35,129,105,73,49,104,33,93,135,57,8,120,91,38,71,51,48,16,26,37,131,106,85,43,96,72,88,10,45,108,130,99,112,63,58,5,39,23,86,9,109,22,90,92,32,56,115
4,2
28,61,0,66,64,72,32,127,131,119,81,27,36,134,14,93,31,125,80,19,103,23,118,65,74,73,33,102,107,53,13,120,37,106,109,101,30,92,114,22,110,86,5,3,68,76,112,29,60,54,113,123,130,18,47,26,111,57,21,15,78,116,1,46,89,52,43,16,77,9,39,7,62,98,10,79,35,25,2,87,129,20,133,71,44,94,124,55,121,42,82,45,40,4,115,17,83,126,85,56,59,135,8,12,91,97,96,50,88,41,58,84,38,70,90,49,67,128,11,63,104,24,75,122,117,132,51,105,34,6,108,95,48,100,69,99
3,6
35,132,84,0,86,130,9,20,58,74,116,17,135,30,101,78,94,105,120,100,3,39,37,11,121,12,25,23,119,75,47,5,46,107,79,124,1,48,90,28,77,65,118,52,99,62,27,57,115,123,2,44,51,117,129,96,7,113,49,31,89,133,82,76,21,95,104,56,32,111,60,16,64,92,67,4,53,14,85,91,66,134,128,106,55,38,103,97,10,63,13,73,69,102,50,40,88,93,18,29,108,80,70,26,59,71,41,54,87,68,122,112,109,126,131,19,81,61,8,127,15,6,34,33,36,110,98,22,43,42,72,45,114,24,83,125
2,6
90,113,80,120,33,36,106,131,19,88,103,4,86,122,20,135,69,62,10,63,109,117,77,27,118,0,55,129,47,51,14,60,108,99,56,100,112,13,126,79,81,92,130,101,83,35,102,39,107,85,70,104,8,71,22,78,24,57,93,52,89,64,23,127,116,5,76,41,95,31,73,65,59,26,15,40,82,38,105,25,72,132,121,67,58,115,16,12,32,9,84,48,98,110,21,133,43,28,17,11,91,45,1,3,6,75,50,30,97,74,44,128,87,49,111,7,54,94,34,125,2,123,68,18,124,46,66,134,42,119,114,37,53,29,96,61
6,5
79,31,117,105,110,77,30,50,104,99,19,8,108,51,89,125,116,80,59,9,0,132,13,102,93,97,95,27,86,81,123,96,15,135,56,122,84,16,57,92,121,12,124,94,36,49,70,1,130,20,69,54,35,10,90,109,82,78,127,115,14,25,106,118,7,40,26,22,76,52,11,119,111,4,133,74,66,23,87,55,83,71,2,28,38,65,29,101,47,68,103,114,64,18,41,43,24,6,126,134,58,60,88,45,120,128,91,53,63,61,46,107,100,85,62,3,131,113,75,21,44,129,33,32,73,42,37,67,34,72,17,112,39,5,98,48
3,4
59,2,107,78,135,38,129,4,15,109,11,105,99,37,116,77,126,53,86,50,117,57,118,25,1,6,119,88,58,55,121,87,94,101,73,130,31,20,74,115,63,3,128,90,70,80,13,16,127,120,23,27,24,64,113,35,52,42,41,54,68,7,84,69,45,89,28,108,46,110,81,72,30,21,122,100,132,22,67,133,5,95,34,18,85,19,39,40,36,123,125,75,92,0,66,102,29,98,112,61,134,82,97,9,62,47,49,8,56,83,79,106,10,14,124,44,91,43,76,60,51,12,96,131,93,65,71,33,26,17,104,48,111,32,103,114
3,5
64,27,132,2,4,125,102,39,123,80,93,112,1,100,97,72,74,124,48,60,10,105,87,12,109,32,84,135,63,3,122,49,79,23,71,26,83,52,28,5,128,117,38,104,121,31,7,69,68,101,18,95,107,103,30,65,15,98,41,56,58,89,91,70,14,78,86,21,114,36,51,42,76,133,120,81,13,50,130,118,96,19,0,73,35,119,61,88,43,9,11,127,85,108,45,57,25,29,22,67,47,66,34,75,106,126,134,116,90,53,92,59,54,40,17,46,33,20,111,24,99,82,129,44,77,110,37,131,115,62,55,94,113,6,8,16
2,1
111,89,56,40,127,96,14,67,85,77,27,31,108,104,81,35,48,11,93,80,55,126,3,117,13,97,52,39,5,119,23,135,41,100,103,82,42,36,8,124,43,61,63,79,24,33,88,4,6,133,19,92,29,57,114,59,105,2,110,101,22,112,50,44,102,70,87,75,120,74,38,58,98,28,17,64,37,51,84,95,69,125,15,10,54,34,115,47,132,18,94,90,131,91,121,60,21,72,83,65,66,116,1,46,45,26,122,68,129,62,113,30,71,118,128,12,9,25,130,76,123,106,16,107,49,109,78,32,53,86,7,20,134,73,0,99
5,6
10,72,17,66,2,84,96,31,47,106,116,88,114,108,122,71,135,104,4,36,98,34,53,126,113,121,93,134,16,44,83,80,13,81,92,35,28,119,27,105,39,14,59,85,21,103,79,101,95,12,94,23,75,73,128,41,26,67,61,125,48,112,8,11,15,57,117,124,24,132,22,51,76,87,110,3,82,18,68,118,107,32,129,115,74,90,100,1,97,127,45,102,130,69,40,62,37,29,86,120,50,133,6,111,58,9,56,131,89,60,5,42,7,64,77,0,91,65,55,33,123,52,54,43,70,109,78,20,46,19,38,63,49,99,30,25
4,6
103,101,135,102,4,58,115,29,66,132,47,134,89,13,63,121,2,74,8,54,69,50,71,35,81,111,65,37,42,10,15,27,130,68,48,85,60,83,16,133,73,31,23,34,21,43,123,46,118,86,9,110,72,88,57,104,77,82,116,92,97,127,64,108,76,61,1,11,26,129,53,5,91,95,14,7,99,67,39,30,84,120,19,33,28,40,94,78,6,55,126,114,96,52,112,93,20,75,122,79,90,106,62,49,44,119,117,22,56,12,41,113,24,17,36,38,3,124,100,105,59,45,98,18,70,80,0,125,25,87,51,131,128,109,107,32
4,3
91,52,31,59,50,9,134,12,131,75,128,135,39,17,48,47,19,96,103,34,74,120,99,61,132,38,89,40,114,8,108,42,87,133,73,125,4,79,10,72,95,122,43,56,21,1,97,102,62,90,78,76,127,20,33,85,98,124,105,27,64,18,84,30,57,58,7,113,3,37,111,130,29,14,110,123,67,71,88,28,55,109,107,13,49,117,82,115,77,15,35,68,70,116,112,81,93,2,65,106,26,126,53,44,86,54,60,69,118,0,104,5,101,129,92,22,121,36,83,46,63,25,23,66,51,6,24,80,100,32,11,16,41,119,94,45
4,4
75,61,95,12,67,27,19,47,28,21,8,82,52,118,130,111,102,132,13,43,11,26,134,103,101,49,42,18,50,74,44,25,85,56,121,86,33,73,23,10,60,1,83,7,76,72,114,59,41,80,54,107,6,16,69,97,24,126,32,55,5,22,93,106,34,71,58,131,57,90,120,4,87,116,17,2,122,30,123,88,36,104,84,109,100,108,62,115,53,92,66,35,39,98,0,3,135,117,68,89,105,127,94,63,119,78,96,9,29,81,124,125,15,128,37,48,14,20,70,77,129,133,46,64,65,112,31,45,38,79,110,91,51,99,113,40
5,6
66,14,125,24,78,100,109,86,34,38,131,1,3,44,71,120,96,17,99,90,69,122,2,107,134,32,40,62,57,35,45,49,59,60,16,73,130,51,10,67,19,41,48,52,26,114,6,58,95,8,63,11,23,98,36,77,25,46,126,104,7,50,54,21,13,56,116,28,118,12,83,117,75,18,89,106,94,82,88,102,79,43,121,27,123,111,76,92,30,80,74,72,39,55,61,108,65,53,9,5,42,47,31,85,4,29,91,135,103,105,70,113,93,115,97,101,81,119,15,132,124,64,128,87,133,110,0,20,127,22,68,33,129,37,84,112
5,1
57,98,110,36,132,70,29,120,28,91,73,108,11,117,1,59,8,103,31,78,68,126,114,63,104,100,55,101,115,94,15,64,9,56,135,62,88,87,47,134,113,80,24,10,32,85,107,46,52,17,72,0,92,95,48,54,42,127,19,74,35,76,43,13,27,124,119,33,128,121,7,30,25,41,71,12,6,23,90,39,96,67,89,50,105,18,45,118,106,14,34,60,86,130,111,58,69,77,116,61,102,84,112,49,125,20,4,75,38,2,82,37,5,99,129,97,83,81,40,133,53,122,16,79,44,93,123,51,66,109,26,22,131,3,65,21
3,3
6,115,132,104,103,39,44,129,88,30,28,43,8,102,29,21,84,50,81,7,90,106,36,123,100,31,85,56,67,122,10,134,71,11,86,59,65,74,5,32,42,133,61,22,41,101,119,52,45,26,69,24,113,76,38,13,124,131,91,94,79,78,92,109,127,116,17,93,98,107,9,111,72,99,73,14,55,135,82,64,12,19,125,75,33,97,51,58,49,66,117,0,112,105,3,121,126,53,34,27,89,48,87,128,83,25,63,4,80,60,95,35,20,46,68,54,130,96,77,16,18,120,40,57,23,1,110,114,62,15,47,118,108,37,70,2
3,3
130,89,74,85,18,94,21,7,114,95,36,14,83,12,128,65,49,115,37,46,34,33,123,57,84,69,71,62,54,86,77,44,61,129,78,58,117,125,72,2,29,66,60,50,110,135,10,109,45,134,99,70,4,106,73,13,67,102,119,11,28,91,92,120,22,87,35,48,100,26,112,47,121,88,122,107,0,133,98,56,51,127,116,20,90,5,82,111,55,81,124,126,108,38,103,76,68,41,15,23,104,131,75,53,64,25,96,32,9,80,79,39,30,42,17,24,16,6,19,101,43,105,40,97,31,3,27,1,93,132,52,63,118,8,113,59
1,1
45,32,106,113,3,98,95,123,133,54,76,69,78,37,111,112,79,40,93,90,99,1,18,62,67,89,10,82,124,33,39,110,104,48,6,81,129,121,57,122,42,74,34,9,43,119,20,116,44,130,65,114,125,115,86,14,28,88,41,91,27,97,127,87,83,117,17,61,100,36,94,15,16,101,92,12,128,55,105,21,52,108,72,70,102,4,53,103,77,66,59,24,84,11,25,26,29,47,13,50,126,23,46,85,49,30,73,2,63,135,35,120,7,38,118,60,58,0,134,31,107,8,71,56,5,131,96,132,75,109,19,51,22,64,68,80
1,6
97,128,52,37,68,66,10,6,95,118,99,91,81,124,11,108,133,93,5,29,20,103,47,3,53,94,70,41,113,111,123,44,104,134,105,119,19,89,18,4,49,96,55,98,22,135,36,112,33,132,13,21,131,39,73,40,15,64,78,80,60,46,51,87,50,25,102,56,1,12,67,126,92,8,9,116,120,24,83,75,72,62,74,127,101,109,0,121,100,58,71,16,38,110,107,23,90,34,63,76,32,125,7,79,84,43,77,85,61,54,45,88,106,17,48,26,28,35,30,69,82,57,31,129,115,27,122,42,86,2,59,65,130,14,114,117
5,5
81,103,73,123,9,13,0,56,130,75,89,22,78,131,65,19,104,122,127,3,77,10,11,85,105,32,29,128,60,129,24,51,49,43,4,67,57,2,39,76,61,82,26,16,115,90,107,20,109,79,41,66,80,50,97,28,46,7,124,114,132,110,42,102,38,44,92,71,84,117,63,31,120,72,108,6,30,94,25,62,111,99,119,35,96,40,95,33,74,5,113,98,8,106,53,93,116,87,101,64,112,83,126,69,125,18,135,47,68,23,45,121,27,59,15,48,12,55,37,118,86,54,91,1,21,17,133,14,100,88,134,58,70,34,52,36
2,1
43,30,132,88,103,102,120,76,117,66,29,60,72,39,20,46,57,12,121,8,2,81,16,106,4,109,70,34,133,108,38,56,95,79,62,32,107,0,98,26,7,75,47,116,61,135,49,41,85,110,42,5,40,44,36,23,130,97,25,94,73,64,124,10,113,126,53,78,112,80,127,45,18,6,65,37,33,15,67,119,123,114,89,58,1,69,31,11,9,83,90,50,55,82,115,74,131,118,96,19,129,68,21,91,3,101,105,63,77,111,134,128,71,13,14,122,51,86,28,17,54,104,84,59,125,35,24,22,93,92,99,27,87,100,52,48
5,4
133,135,122,69,47,75,40,103,21,70,73,51,2,76,65,17,117,52,35,93,42,60,9,86,63,41,1,26,25,91,0,44,131,31,115,61,110,82,36,58,62,126,87,109,71,22,53,23,78,95,84,15,96,55,37,92,14,59,79,33,18,134,108,32,43,7,6,104,113,24,12,97,111,34,116,99,94,106,16,66,121,125,107,68,27,132,112,56,105,81,5,80,119,10,20,48,100,83,130,30,38,90,123,128,19,85,120,50,124,49,88,45,118,129,127,77,3,64,57,28,13,98,74,67,89,29,54,102,8,4,101,114,39,72,46,11
2,2
109,82,40,124,61,79,12,78,97,117,102,87,83,120,103,9,36,105,69,85,72,0,65,110,112,1,106,52,6,64,128,37,115,62,15,101,5,2,94,14,26,129,55,17,53,118,135,46,54,23,108,126,20,8,132,73,111,21,71,67,100,33,95,63,99,86,48,3,27,123,91,13,70,75,84,76,77,25,57,127,130,107,90,74,4,81,131,98,35,133,11,39,7,22,16,32,66,119,88,60,44,114,68,121,93,42,24,34,113,10,18,38,122,51,134,58,56,19,92,29,80,41,125,43,116,59,31,104,89,50,28,47,30,49,96,45
2,3
133,39,46,9,61,69,33,119,83,52,57,108,71,116,48,125,5,76,101,2,64,54,126,11,73,82,25,88,59,77,118,120,100,84,6,70,20,45,22,121,12,30,23,49,132,38,40,15,93,96,41,68,66,114,78,128,90,113,4,92,74,124,127,86,80,95,67,99,89,85,56,28,16,91,72,122,27,8,104,19,7,18,81,62,130,10,50,75,43,26,34,44,58,14,105,102,97,37,36,32,53,51,107,87,79,65,3,31,112,131,29,63,106,117,134,103,60,1,47,17,110,42,111,24,21,98,129,123,13,0,35,94,135,109,115,55
6,6
113,116,32,72,83,19,68,77,67,30,20,41,12,100,21,76,80,101,107,10,97,108,39,25,4,130,78,81,132,90,58,6,47,24,36,74,46,45,34,134,122,106,96,43,44,48,64,120,52,63,15,0,127,102,60,124,79,128,56,103,50,59,57,119,82,37,35,8,11,75,40,33,85,84,29,16,49,55,89,22,13,70,54,111,87,53,18,104,73,38,42,27,3,131,9,5,1,123,91,117,112,133,23,7,99,95,126,62,115,121,31,93,66,110,28,114,26,51,92,109,118,71,17,61,129,135,105,65,98,2,125,88,69,14,94,86
6,1
127,59,40,60,122,105,41,132,107,114,48,11,54,92,31,32,2,58,113,111,106,1,76,25,70,63,42,84,104,55,95,101,126,131,56,100,44,120,121,6,98,68,91,50,10,135,9,22,4,46,75,115,0,110,62,16,34,38,17,89,45,97,23,109,57,87,123,83,37,117,18,14,80,69,78,77,67,65,128,36,24,52,66,3,12,7,51,49,74,19,96,130,94,61,15,8,93,27,129,30,72,29,53,82,64,71,133,73,28,33,88,116,124,99,5,90,26,134,79,102,112,108,20,43,13,81,125,35,21,103,39,118,119,47,85,86
3,4
51,20,123,115,126,52,26,106,15,21,35,24,73,47,54,88,125,103,92,36,9,128,91,10,135,80,101,98,41,18,16,1,97,57,119,58,30,61,105,6,5,108,85,93,23,38,39,65,114,110,109,87,49,71,59,0,13,117,33,29,32,40,79,107,132,124,28,96,113,127,130,17,95,27,129,56,84,19,37,53,122,11,111,133,116,72,67,118,120,68,83,8,94,82,81,134,3,78,89,131,50,112,70,104,77,66,43,7,74,102,69,48,60,22,34,14,121,25,63,99,86,31,45,90,4,46,44,2,75,100,62,76,42,12,64,55
3,5
38,63,52,129,16,59,24,17,102,94,10,18,73,92,7,128,87,45,116,101,13,58,72,123,80,3,89,57,88,26,56,8,113,132,25,130,44,36,69,96,6,114,107,20,91,15,112,70,28,42,84,48,53,109,34,79,27,62,39,23,12,9,120,104,115,76,126,46,125,93,14,103,2,43,127,35,41,19,64,82,100,37,0,99,117,119,50,111,21,66,97,5,31,67,108,68,86,51,81,85,1,74,131,105,98,90,106,22,135,78,95,122,71,55,40,11,33,77,65,54,60,61,4,118,110,133,29,121,49,83,32,30,134,75,124,47
3,3
124,76,39,117,50,14,4,58,64,51,77,2,47,19,42,34,38,62,92,13,129,130,57,128,1,101,32,112,36,82,29,73,89,61,79,69,23,55,118,17,122,131,120,91,28,104,74,126,70,115,16,123,106,3,133,12,6,75,9,86,114,22,31,11,94,52,68,21,25,125,87,81,107,93,8,41,80,98,43,109,100,105,33,30,102,53,54,56,26,5,135,40,27,7,63,78,49,121,88,95,96,71,111,127,110,20,119,66,59,10,65,84,45,108,132,35,0,18,99,134,90,67,15,44,83,85,113,116,24,97,48,103,37,46,72,60
5,6
100,19,31,33,105,73,99,104,12,41,74,11,90,36,71,4,60,94,52,119,37,120,1,110,89,17,6,126,38,53,50,45,34,16,56,134,97,123,5,121,18,40,87,108,47,127,131,8,29,80,82,0,81,69,59,21,133,3,124,27,109,25,130,92,128,68,51,2,44,70,117,63,14,115,62,7,125,35,98,107,106,79,28,135,85,122,114,61,20,9,42,58,48,32,118,75,116,46,86,23,72,15,93,95,10,84,55,22,113,64,96,54,43,13,83,129,76,91,65,88,103,111,78,26,30,24,112,57,49,39,101,67,132,66,102,77
2,3
51,111,84,118,37,104,54,49,20,73,91,133,65,98,1,45,8,88,112,25,103,43,114,97,63,116,42,11,109,32,129,93,132,77,78,113,3,18,55,59,105,72,107,61,130,64,44,29,26,52,66,17,33,15,30,24,125,27,0,79,31,89,60,119,41,83,47,40,134,81,126,46,4,56,117,2,9,128,35,80,100,85,86,58,13,82,92,115,7,123,75,102,53,87,50,12,22,39,38,76,10,122,96,62,19,5,124,127,16,121,28,106,74,57,101,95,94,131,67,21,34,108,120,71,110,99,48,69,23,90,135,70,6,36,14,68
6,3
49,58,83,110,26,73,84,48,25,46,70,133,64,92,132,55,135,134,124,65,130,126,3,129,118,111,78,15,114,105,116,37,131,45,41,36,20,13,16,100,103,123,59,7,98,89,47,29,91,31,32,119,122,68,11,104,21,120,44,2,1,27,12,117,88,35,96,113,90,82,85,5,4,56,8,72,97,67,69,66,54,23,108,50,106,125,61,94,107,127,57,80,24,43,112,9,95,79,115,101,71,38,75,17,128,52,6,28,121,102,22,18,53,87,30,51,14,10,63,40,42,93,76,62,33,19,81,77,109,99,39,60,74,86,34,0
5,5
11,74,37,89,135,40,62,67,28,41,77,121,88,127,59,123,91,81,110,8,35,58,71,44,114,48,84,54,69,115,78,1,129,113,70,133,46,118,130,97,112,131,108,4,51,134,111,106,42,43,13,82,132,22,72,101,85,2,109,15,126,98,128,107,93,32,104,33,95,47,73,49,12,38,60,19,57,64,10,79,53,76,50,16,87,63,55,94,117,122,6,96,119,3,20,83,27,24,120,92,65,7,90,100,80,0,21,56,66,99,102,124,25,34,14,36,75,17,31,125,61,23,103,45,86,5,26,29,9,39,30,52,68,116,18,105
5,1
64,101,129,60,94,102,89,17,71,44,13,54,29,46,6,134,72,123,77,74,47,128,80,86,126,76,57,73,68,79,83,122,81,125,49,93,24,113,92,87,62,90,95,124,63,39,112,25,11,75,70,118,111,21,48,23,91,121,5,58,35,15,98,66,37,85,1,8,120,32,0,36,53,31,67,2,84,10,28,43,97,7,20,40,96,106,110,65,22,109,69,27,133,114,132,130,56,105,16,115,100,116,12,41,18,99,78,19,52,135,119,45,108,9,88,59,61,50,107,42,38,51,14,82,131,103,104,4,117,3,55,30,127,26,34,33
6,3
126,54,58,19,62,52,88,133,67,129,51,20,74,8,68,72,99,32,124,21,101,47,114,127,119,45,37,22,112,115,102,111,128,18,85,40,80,110,43,24,70,71,14,78,15,82,104,33,59,106,57,81,46,89,95,65,63,86,17,27,131,4,16,91,69,38,135,12,48,121,123,30,50,7,36,73,90,5,61,55,109,93,13,39,79,64,0,35,125,6,92,76,25,49,23,122,44,34,3,84,28,103,108,97,77,94,120,83,118,98,1,130,56,87,42,11,31,132,53,134,113,117,41,66,29,100,96,60,26,10,75,2,107,116,9,105
1,3
70,46,67,55,96,119,63,10,64,94,57,56,89,34,121,131,49,68,32,12,23,103,42,134,65,82,80,22,92,45,7,76,135,20,85,33,28,0,104,73,112,43,129,66,88,25,126,62,51,78,81,54,130,117,118,37,83,59,133,1,99,127,95,123,52,110,13,113,31,18,132,69,17,11,50,60,48,84,122,98,15,38,29,114,79,14,75,91,108,19,128,72,61,40,24,47,111,36,53,116,27,101,74,4,2,26,109,3,105,86,39,35,115,58,30,5,16,8,107,41,87,44,106,9,93,6,97,100,102,21,124,90,125,71,77,120
5,2
90,20,38,71,37,56,130,128,66,12,61,120,29,63,50,76,16,86,72,82,88,84,34,21,17,124,135,89,62,113,14,46,78,107,131,115,28,110,77,125,10,58,15,95,73,103,68,118,9,33,132,6,97,47,11,67,0,23,119,105,70,8,127,94,75,112,42,111,51,54,36,74,22,104,85,106,31,53,109,87,64,26,43,102,60,59,121,98,80,79,7,57,27,96,44,93,114,116,100,122,32,5,45,126,65,133,49,134,39,69,129,55,3,40,2,30,83,52,123,41,25,19,13,108,24,1,4,48,92,91,35,81,117,101,18,99
1,5
80,38,106,119,121,23,59,32,48,107,96,62,98,118,17,72,79,45,75,31,44,51,56,6,53,76,116,57,63,110,78,18,95,84,67,125,117,28,108,3,90,10,11,14,112,97,93,22,135,109,87,100,70,29,9,101,123,61,12,126,69,34,40,24,66,104,47,111,130,26,81,50,30,129,21,122,58,55,60,103,1,85,128,20,91,8,77,114,82,33,113,0,54,35,132,39,99,64,88,92,36,134,105,2,102,71,89,133,13,94,25,73,120,19,86,41,27,43,68,65,49,46,4,42,74,124,15,115,7,37,83,131,16,5,52,127
1,6
45,59,108,26,58,71,78,91,60,37,61,20,16,76,1,103,96,53,14,105,109,131,114,129,102,48,120,10,125,74,36,113,134,106,64,126,70,38,123,23,35,83,13,40,46,118,68,24,98,63,51,81,119,115,29,122,30,92,18,97,100,66,130,7,86,57,32,28,73,116,127,54,87,19,55,5,82,89,67,79,107,49,88,34,101,85,135,8,2,21,0,75,95,62,15,132,39,43,124,104,93,112,27,12,84,69,99,128,133,11,3,22,77,6,31,50,9,56,72,25,80,41,47,121,4,65,90,44,42,117,94,111,17,52,110,33
5,1
110,77,42,28,98,75,128,116,132,89,44,14,6,117,5,108,68,88,135,70,104,134,43,92,81,109,91,57,11,20,16,37,96,51,76,99,25,33,55,39,64,118,97,69,41,54,73,79,63,82,86,45,119,56,94,124,52,36,103,3,130,21,47,74,127,85,0,7,8,80,15,34,66,1,23,72,90,111,40,125,126,2,58,49,105,4,31,106,27,121,19,114,10,129,83,32,133,113,122,67,30,38,29,9,123,60,13,120,17,24,93,84,65,22,107,18,35,112,100,62,101,131,48,59,26,50,61,115,78,53,71,12,95,87,46,102
2,1
73,60,129,93,97,43,89,47,66,31,74,17,50,22,54,44,34,113,40,46,25,19,85,79,62,4,72,98,122,107,2,9,81,121,95,32,108,112,35,127,51,59,33,114,8,132,75,84,70,118,61,86,63,76,96,101,77,45,21,39,12,36,92,11,53,80,115,64,102,49,99,71,58,68,124,78,105,65,94,103,48,20,15,67,82,41,16,26,117,120,0,87,116,88,125,104,119,1,57,130,23,7,3,52,28,55,69,106,83,29,42,30,14,56,126,100,18,131,135,110,27,13,128,133,6,111,10,91,5,38,109,134,90,37,24,123
5,4
103,135,118,76,34,1,36,83,60,52,48,108,61,53,45,114,9,126,57,17,82,86,35,64,33,132,99,51,68,117,44,58,90,71,80,3,32,13,134,49,84,30,47,22,28,19,124,65,123,125,96,120,95,50,62,88,101,113,110,79,46,37,87,92,16,2,81,70,100,55,116,102,59,12,21,133,91,4,43,0,128,29,67,129,14,66,20,38,97,40,98,85,11,107,74,105,41,10,89,77,130,94,24,39,18,54,25,7,119,104,23,127,111,73,69,56,8,115,106,6,131,75,15,121,63,27,109,78,122,5,93,42,26,72,112,31
6,3
29,110,23,19,103,84,117,130,8,85,16,50,46,18,35,22,6,10,91,73,122,87,115,38,66,44,79,68,107,61,17,3,135,76,34,104,4,109,37,82,7,125,78,45,126,93,13,42,15,0,52,1,77,105,92,60,64,47,114,113,55,108,129,36,124,127,40,11,99,128,56,20,71,80,62,69,70,5,119,24,28,101,25,33,81,96,89,65,49,86,134,133,2,83,131,57,9,111,90,14,88,30,27,67,48,98,21,31,58,121,43,26,106,63,41,132,116,32,72,53,12,54,75,74,39,102,118,94,51,123,59,100,97,95,112,120
2,2
134,74,72,10,116,45,65,5,87,31,38,34,95,71,6,83,78,68,54,24,127,39,77,26,112,114,57,75,22,133,101,110,14,21,44,63,50,89,115,7,56,23,35,0,64,108,66,41,84,118,76,58,102,105,93,99,17,128,18,15,120,36,42,109,132,97,13,100,51,37,122,48,19,131,32,53,61,94,49,4,1,117,119,126,104,27,52,40,43,69,88,46,125,30,80,111,73,70,96,113,82,81,12,47,25,85,124,2,33,59,121,62,28,129,20,9,60,3,106,55,8,107,92,79,103,135,90,130,16,86,67,98,29,123,11,91
2,6
83,93,49,17,101,60,35,85,69,53,131,50,128,76,124,88,34,73,98,61,87,122,25,4,48,56,120,129,123,11,74,89,109,63,82,112,79,100,51,45,2,68,13,24,46,78,102,6,117,115,29,90,64,81,20,80,72,47,108,134,8,114,26,130,58,38,77,94,42,52,9,84,96,116,135,55,14,15,3,7,105,132,32,28,57,107,106,104,19,31,111,126,67,39,121,37,99,71,75,95,43,27,110,23,92,41,127,59,66,33,18,91,133,62,125,1,54,97,65,44,10,36,21,16,119,103,70,113,30,118,12,22,86,0,5,40
2,5
82,58,31,33,90,123,66,84,62,43,75,63,15,14,36,39,81,30,79,11,101,115,19,109,91,55,108,119,57,73,120,80,61,89,103,76,7,116,69,27,118,88,99,74,45,18,24,133,28,124,105,25,21,47,130,86,8,35,22,100,52,117,132,72,12,113,67,49,60,129,68,121,104,135,78,94,2,23,9,127,56,10,26,42,122,4,51,98,32,40,85,134,13,46,38,107,110,111,92,131,125,71,126,77,106,87,17,44,70,59,93,102,97,83,5,112,48,29,53,50,95,128,114,6,3,16,34,1,37,41,65,96,64,20,0,54
4,2
28,3,90,110,68,66,88,115,14,95,48,105,19,59,55,123,94,113,30,46,73,13,104,106,9,124,130,44,67,122,62,24,98,86,69,15,51,127,17,70,102,80,0,120,56,91,93,74,75,78,71,121,107,125,41,49,50,16,96,1,112,5,109,12,26,37,10,103,29,76,21,42,131,85,35,132,65,8,25,134,135,119,72,89,64,133,114,20,116,117,128,60,54,39,100,7,84,58,22,34,6,129,33,118,31,83,18,36,52,23,27,82,92,4,77,40,11,61,79,99,97,32,81,57,47,111,63,126,101,43,38,2,108,53,45,87
1,2
88,117,34,90,18,13,57,115,92,27,127,31,52,0,98,39,70,107,79,75,86,84,60,72,80,99,53,85,104,114,24,6,48,103,63,109,112,94,64,50,7,108,65,76,102,51,38,21,124,41,19,101,129,119,37,59,81,47,105,106,20,10,82,29,2,93,125,49,17,116,54,25,8,134,3,26,95,122,58,9,22,55,113,71,132,32,40,23,4,1,28,118,43,96,5,42,62,121,78,97,30,111,69,100,46,77,89,130,14,126,15,36,35,44,16,45,87,66,128,61,83,12,120,73,123,68,133,56,131,67,110,74,135,33,11,91
4,6
47,17,114,72,16,41,26,39,9,97,80,111,81,15,55,32,94,106,48,37,67,3,92,118,98,51,57,34,13,18,101,30,33,20,130,102,89,11,115,38,99,63,104,75,14,127,5,61,105,66,109,128,45,68,52,112,88,46,36,113,42,135,125,44,87,28,120,133,83,69,122,64,53,56,110,21,100,29,8,59,90,54,25,91,6,84,96,71,12,43,107,58,27,1,22,126,23,86,116,4,134,82,108,65,119,121,79,10,50,40,131,35,60,49,129,0,123,77,78,7,73,19,85,70,2,132,93,103,62,124,31,95,117,24,76,74
5,4
112,9,50,104,134,2,88,131,42,103,56,111,94,102,93,34,10,70,16,109,123,76,83,6,78,81,24,8,106,100,127,23,29,26,86,48,12,18,101,135,133,19,113,64,20,55,47,41,96,84,98,75,97,52,27,89,4,119,129,99,124,44,85,121,115,118,33,54,87,11,43,114,14,122,71,68,65,22,53,73,128,39,28,132,49,117,120,79,25,46,32,90,105,31,74,69,110,72,62,60,13,0,7,116,107,40,66,77,45,61,125,63,82,17,1,80,3,37,130,95,15,21,108,36,35,126,91,92,51,67,57,5,38,59,58,30
3,5
128,55,106,79,53,19,67,59,54,89,96,76,113,102,7,17,90,105,16,100,123,21,25,127,28,93,69,51,13,68,117,122,88,81,20,110,27,104,101,34,43,26,125,49,56,47,75,52,107,95,4,31,126,130,86,85,97,129,108,62,24,33,71,11,74,80,111,112,70,119,73,1,44,60,84,42,135,78,92,121,0,8,32,131,132,46,118,94,87,116,37,58,91,9,38,57,39,18,82,63,61,5,115,83,103,99,3,45,14,133,12,98,29,66,114,64,2,120,124,40,15,65,48,35,77,30,72,23,134,6,10,22,41,50,109,36
3,3
57,87,133,116,75,120,130,30,68,48,95,121,58,71,74,35,59,79,65,77,11,131,92,124,63,56,12,14,1,20,60,52,64,73,90,85,83,118,36,72,78,29,106,26,105,16,54,117,128,109,93,103,15,13,61,22,96,34,80,110,18,46,23,38,43,5,94,28,62,6,24,70,115,27,31,112,132,66,42,69,135,44,3,25,122,108,126,89,129,127,7,81,37,2,104,100,10,19,17,51,40,107,113,114,49,101,99,134,50,111,102,91,32,82,41,67,45,123,55,88,21,9,76,47,39,119,86,0,84,125,33,4,97,53,98,8
6,3
105,81,45,28,106,37,42,47,89,58,86,41,27,56,110,124,32,90,91,53,25,3,96,51,83,80,6,10,125,19,107,20,38,134,9,52,73,127,40,22,49,0,30,133,31,108,67,33,43,82,109,23,97,85,2,122,128,98,119,78,57,16,18,79,72,84,15,126,65,4,135,54,44,62,60,121,21,64,36,12,39,95,70,26,1,116,114,132,74,88,71,115,103,94,87,101,63,111,104,92,29,75,13,35,8,46,112,7,102,120,69,66,68,123,59,100,48,129,130,76,34,117,77,118,17,113,99,131,14,61,55,5,93,11,24,50
2,3
85,49,27,89,46,73,29,47,55,119,35,33,52,86,83,13,56,51,132,65,134,82,104,23,48,18,70,77,101,110,14,133,25,107,19,60,80,100,68,43,122,26,50,120,15,58,115,117,11,28,54,113,4,20,0,94,32,99,38,59,112,90,121,76,135,71,103,9,12,61,24,63,3,66,2,91,34,109,40,127,88,81,102,62,8,17,92,95,5,22,37,131,118,126,78,128,129,106,111,125,41,84,42,69,67,6,105,36,7,31,30,130,1,44,114,96,93,97,124,74,75,87,57,64,39,10,72,123,21,116,45,98,16,79,53,108
3,6
98,61,56,15,74,132,51,76,105,32,126,20,109,123,117,5,67,125,114,30,47,48,101,99,24,16,36,127,65,21,19,26,34,41,106,133,130,92,128,102,13,100,110,0,63,35,64,10,31,58,94,11,97,108,69,8,14,44,2,113,7,111,135,50,6,112,78,45,4,115,95,75,129,53,66,12,25,107,28,124,55,87,23,119,81,89,59,54,77,122,120,62,22,27,18,33,68,131,84,83,52,73,91,49,1,121,42,70,93,29,82,43,46,118,90,116,9,37,96,134,86,79,57,85,3,103,40,104,17,39,72,38,71,60,80,88
2,3
67,57,18,77,72,129,51,101,113,68,121,3,8,16,102,97,134,55,83,118,95,69,82,116,96,62,38,128,48,81,40,75,80,122,110,105,30,74,65,13,32,93,12,2,14,41,73,39,0,63,94,1,59,28,76,4,132,47,53,58,89,112,42,103,90,133,5,66,61,130,99,50,24,56,52,86,7,127,21,100,27,60,104,126,25,108,9,29,120,46,84,37,98,34,70,114,49,15,87,43,135,64,79,19,23,22,88,111,45,71,17,6,44,85,10,54,131,106,123,33,35,117,107,78,91,109,20,31,26,115,119,36,124,125,92,11
6,1
4,55,135,118,11,6,100,27,115,43,47,33,1,130,95,99,98,124,72,9,25,17,44,68,77,74,102,29,82,71,59,22,30,116,104,15,70,45,5,89,52,51,21,80,107,40,133,90,75,31,8,26,38,86,20,19,50,16,62,93,76,28,122,126,41,81,73,37,66,57,106,2,36,18,113,83,34,111,127,131,117,121,79,134,78,35,48,112,119,65,101,14,92,103,96,54,42,3,24,10,129,114,84,132,23,13,49,87,97,123,39,56,120,94,88,109,60,53,110,64,105,128,108,61,0,32,63,85,91,58,67,125,12,7,46,69
1,2
96,113,134,68,122,81,35,92,45,37,72,39,104,48,6,124,17,78,36,5,74,60,103,50,65,15,133,80,110,128,46,1,57,21,16,101,2,52,109,24,64,0,26,94,13,126,33,121,66,77,4,49,120,100,119,125,9,12,59,51,86,63,76,27,28,22,23,25,8,93,95,32,97,111,90,20,34,89,84,70,116,105,127,112,31,43,73,44,69,85,47,56,67,131,10,108,102,14,83,71,62,107,118,117,123,98,132,135,88,30,38,7,75,18,11,40,129,53,99,115,19,29,79,61,41,82,114,91,3,58,87,54,42,55,106,130
1,2
36,47,41,52,72,101,96,22,28,110,31,55,32,132,82,98,84,104,74,20,43,66,21,86,112,91,109,130,60,53,79,13,113,117,67,51,135,125,116,6,99,88,114,120,123,75,48,81,83,39,38,129,95,108,126,127,77,78,107,57,4,92,56,35,115,1,71,65,105,124,111,12,29,9,64,17,25,14,90,61,106,121,42,87,100,40,27,37,103,85,58,45,33,50,49,54,18,46,62,10,134,19,16,59,63,128,89,133,80,23,119,122,34,73,69,7,26,2,5,118,0,24,44,11,76,70,30,131,3,93,68,8,15,102,97,94
1,4
93,28,95,111,103,72,39,51,79,91,12,50,46,43,102,96,106,75,1,7,118,122,90,67,59,87,32,135,134,17,23,110,62,84,41,133,97,113,49,86,47,9,36,131,26,5,132,108,101,60,109,77,48,125,80,2,70,35,88,66,71,34,82,126,73,89,22,107,94,114,117,85,57,11,45,128,8,123,10,115,63,40,27,98,18,37,61,105,0,119,130,99,65,104,112,31,127,6,56,4,64,52,100,116,14,30,15,55,16,69,19,21,81,76,29,121,54,33,53,13,68,25,83,120,58,20,129,74,42,3,44,124,24,78,38,92
5,6
133,121,129,36,19,75,32,62,53,89,115,56,85,49,25,124,95,71,17,86,54,72,20,99,37,134,80,31,11,13,16,88,27,38,43,55,26,117,131,127,79,4,5,123,98,84,34,108,113,47,42,91,0,8,69,83,103,102,65,120,46,100,40,7,67,51,111,14,39,97,60,92,50,125,9,2,90,59,104,116,70,122,6,135,81,73,45,64,29,96,35,44,106,18,28,112,110,57,15,101,21,128,66,63,132,119,1,10,77,82,24,33,3,78,118,74,107,48,58,12,93,30,130,23,76,61,87,105,94,109,68,52,126,22,114,41
4,6
44,51,2,130,22,19,89,30,40,95,94,39,66,24,4,23,74,62,75,103,29,135,52,7,17,65,20,118,85,132,92,42,81,47,97,110,84,76,86,61,8,11,60,78,122,73,116,59,99,117,120,67,43,63,108,48,79,56,27,119,14,102,88,25,93,109,123,127,31,55,15,37,131,125,72,83,105,90,124,64,101,107,126,32,129,49,106,70,115,80,111,69,6,71,98,28,114,100,34,16,54,13,113,82,121,68,35,50,18,58,3,21,96,10,112,104,45,5,133,128,26,46,41,12,36,87,9,33,77,53,1,134,38,57,91,0
1,5
67,128,55,20,85,96,14,39,72,101,56,42,88,27,125,109,15,41,126,99,122,127,93,12,130,79,38,123,32,118,87,37,2,131,75,18,34,106,53,62,10,35,17,95,73,11,135,64,92,117,70,121,74,33,111,133,4,40,46,0,115,65,25,30,84,51,24,3,69,113,134,116,112,43,80,68,57,22,26,82,108,120,61,58,8,59,60,31,105,44,77,66,48,114,103,104,52,63,97,29,54,129,16,1,90,110,47,23,76,50,19,100,119,86,7,9,78,28,98,6,132,45,94,124,13,21,81,5,49,102,91,83,89,71,36,107
1,6
105,14,87,31,59,123,83,114,5,77,81,51,122,18,20,119,28,42,80,23,32,99,125,36,38,21,102,47,10,44,22,124,95,24,12,1,9,110,132,35,100,16,90,8,93,4,134,54,79,62,108,17,75,49,128,89,56,104,71,133,63,135,53,120,7,65,11,129,121,117,127,33,55,66,3,115,50,116,88,6,57,0,27,2,85,29,112,96,113,126,107,74,86,40,70,34,131,13,60,111,92,39,109,25,97,46,103,106,19,61,130,82,41,15,101,43,48,98,91,78,72,118,30,26,73,68,64,76,58,84,45,94,37,52,69,67
4,2
83,55,32,125,43,122,46,82,76,133,64,80,75,128,19,56,47,71,109,10,35,16,113,123,111,115,11,42,91,23,37,40,124,79,103,20,99,94,53,104,7,49,27,52,0,90,70,25,112,2,54,12,60,106,29,26,63,78,8,89,87,31,102,36,118,59,134,126,88,110,4,85,39,48,81,96,9,95,116,21,135,41,101,14,34,69,6,108,120,38,44,67,51,58,5,92,73,18,28,65,17,127,93,130,68,131,117,105,1,84,74,15,22,45,72,33,57,114,97,77,107,61,119,121,129,100,50,62,66,3,24,98,13,86,30,132
2,3
7,81,44,48,28,29,8,45,21,20,3,87,82,123,77,24,93,135,4,84,47,116,119,111,124,120,64,106,94,0,105,115,68,95,99,35,16,73,27,89,126,114,104,56,41,125,109,1,91,53,25,51,22,86,5,2,57,54,117,58,12,49,110,11,63,121,66,61,52,85,37,98,13,130,19,132,34,60,40,32,129,96,46,107,23,33,122,112,39,97,38,17,92,103,74,55,118,59,6,90,113,70,102,69,31,42,15,36,76,88,30,101,128,108,26,50,71,78,65,72,83,18,10,80,127,43,75,79,9,67,14,131,133,134,62,100
3,4
