35,0,77,135,28,132,61,8,89,107,26,32,125,52,131,88,45,19,55,87,110,109,66,15,91,114,36,40,22,33,84,29,38,121,7,59,23,17,99,25,100,24,92,41,11,123,133,112,75,129,117,103,94,82,126,6,4,34,56,130,3,14,2,10,118,86,60,64,93,119,69,54,105,57,5,102,9,116,81,108,74,70,20,63,47,113,31,42,1,83,76,67,43,115,95,62,30,101,122,106,51,65,27,127,71,46,79,104,68,124,97,85,72,50,78,73,39,98,16,90,21,13,53,96,120,44,134,80,49,128,18,12,58,48,111,37
5,4
99,59,121,43,108,4,54,126,42,80,82,116,8,134,128,120,95,111,64,17,26,19,18,13,24,123,93,57,77,135,33,14,67,41,71,91,37,72,86,50,5,51,83,6,35,32,88,52,131,125,30,60,87,15,7,76,102,78,119,81,84,61,132,130,127,101,70,31,103,118,34,48,105,122,12,66,53,74,40,62,107,55,110,16,109,3,79,129,56,73,92,65,46,75,25,47,100,68,0,39,113,36,2,21,22,106,45,11,44,97,1,9,94,89,90,96,28,133,85,114,27,124,115,63,29,23,98,38,112,58,104,10,49,117,69,20
6,1
84,23,50,36,4,86,60,57,102,5,34,81,1,85,114,35,125,12,100,52,122,8,21,77,25,17,18,3,44,108,14,78,6,68,96,37,126,106,89,9,123,70,88,99,129,55,28,15,104,72,98,103,51,82,66,75,38,80,115,124,59,116,58,64,46,83,135,92,13,91,117,65,110,87,40,45,94,19,27,73,107,63,62,69,76,133,67,119,29,113,10,42,31,56,20,26,105,101,24,16,131,118,48,61,127,54,95,97,132,11,134,109,32,43,112,128,2,74,111,0,79,30,130,41,22,120,53,71,90,93,121,49,47,39,33,7
4,1
58,51,94,16,1,83,132,91,62,90,12,89,128,86,5,24,15,10,61,76,115,55,6,73,71,105,41,117,66,121,27,85,114,123,44,65,131,93,99,37,52,84,79,127,109,21,19,74,40,125,45,47,28,23,50,60,67,133,103,111,42,35,34,88,87,97,0,98,77,126,14,46,8,81,96,29,92,59,95,119,120,56,36,63,11,82,68,32,113,57,72,102,20,13,53,107,130,70,78,4,135,116,22,100,108,104,118,69,122,106,49,134,17,124,30,3,26,9,112,101,38,110,18,7,31,25,80,64,48,129,43,54,75,39,33,2
4,1
69,27,32,26,76,28,1,23,86,91,58,51,109,111,61,44,22,120,8,83,103,134,106,115,11,60,33,93,97,119,62,75,24,20,17,96,110,94,47,114,43,125,53,135,124,116,34,46,118,88,19,40,64,70,121,113,59,108,3,84,2,10,133,31,39,78,72,87,50,98,38,7,54,81,6,29,9,74,126,105,0,14,102,123,122,66,12,21,90,36,73,117,85,71,45,101,55,35,52,99,4,15,68,18,132,16,48,63,42,49,131,129,130,95,80,25,112,65,41,13,5,37,89,30,79,57,92,127,82,104,67,128,56,107,77,100
6,5
47,45,77,65,44,61,10,120,78,123,66,53,22,121,21,97,18,29,59,1,128,23,20,19,104,51,34,113,8,0,36,96,131,88,114,95,87,106,116,69,119,118,55,49,71,35,60,46,129,135,103,83,2,52,68,38,93,7,82,67,28,4,9,92,101,40,124,72,81,102,73,91,54,31,76,127,108,112,56,86,39,50,74,117,99,122,6,13,125,48,85,132,115,37,75,17,41,130,5,57,84,64,12,3,134,133,90,16,89,63,58,26,30,25,32,33,100,111,42,79,110,109,126,80,27,14,15,107,11,24,70,98,43,105,62,94
5,5
110,113,43,81,83,25,37,99,9,44,0,59,11,19,93,21,121,7,129,23,75,133,67,78,20,94,128,28,104,122,30,58,5,115,16,130,64,86,3,63,82,84,47,105,48,125,29,131,101,116,39,127,71,69,120,31,134,62,38,97,88,90,34,1,57,114,68,8,126,51,26,60,102,103,96,50,106,91,108,100,33,92,56,40,74,41,119,17,14,109,89,72,13,42,24,4,73,124,35,2,65,87,49,18,61,118,70,10,6,80,95,22,27,98,52,111,112,79,135,12,32,77,45,55,76,36,123,117,54,132,53,66,107,15,46,85
2,5
71,63,51,12,104,52,36,132,48,95,127,20,103,1,21,28,114,120,90,41,13,69,44,108,109,59,30,126,6,55,131,53,31,27,85,68,64,42,47,2,67,74,3,116,87,133,78,58,16,123,39,61,121,130,113,112,91,122,43,92,49,62,72,34,45,115,98,32,17,54,73,99,75,79,125,111,26,117,50,110,38,57,129,29,106,107,84,70,118,88,18,25,101,5,96,80,40,119,4,135,22,94,100,65,76,19,89,97,128,9,105,35,83,102,8,93,33,11,46,82,24,23,77,86,66,134,124,10,15,7,60,81,37,14,0,56
1,4
0,121,26,55,12,118,18,3,117,85,94,11,59,57,34,58,15,60,111,29,45,100,71,62,110,84,96,20,40,79,47,27,6,103,56,129,113,83,126,52,42,132,51,105,122,38,116,112,21,39,124,50,1,82,123,67,9,13,81,5,135,2,114,109,30,73,49,43,90,16,14,80,63,69,17,75,134,65,48,92,106,77,23,72,54,22,86,128,88,76,98,120,108,53,8,25,89,24,10,95,97,68,133,64,91,130,46,99,70,32,35,87,93,102,7,33,119,104,28,74,19,125,115,107,31,61,101,37,131,66,36,41,127,44,4,78
1,4
47,78,51,129,25,108,28,34,80,63,111,73,29,103,55,18,101,109,117,32,116,24,70,89,30,66,36,61,74,105,112,123,17,49,83,12,75,98,81,7,33,134,91,22,110,76,77,26,86,68,118,92,99,15,130,65,54,90,46,135,53,1,96,16,133,35,9,5,2,60,57,126,120,131,4,93,48,102,23,14,0,87,97,122,59,106,19,50,67,37,10,3,127,84,40,132,20,88,44,8,94,56,39,85,114,71,41,21,124,11,69,121,6,64,104,52,82,119,45,38,95,27,79,113,62,72,115,42,107,13,43,100,125,31,58,128
3,1
65,59,27,114,37,85,110,11,126,56,122,96,82,25,51,106,5,95,104,20,39,128,36,48,125,14,113,10,78,116,35,1,16,6,101,93,63,130,111,57,102,118,89,105,108,77,132,18,134,8,98,121,32,62,12,44,31,38,9,84,75,76,124,4,86,45,83,55,13,67,127,119,68,131,21,129,40,58,80,120,88,41,34,99,100,72,46,74,24,0,28,29,135,107,53,81,71,2,7,91,17,33,94,133,61,54,90,22,49,30,92,3,97,15,115,70,23,26,64,66,50,79,47,69,117,60,109,73,43,112,42,87,103,19,52,123
4,3
10,113,55,93,61,101,22,50,119,25,4,99,12,118,26,45,129,76,128,1,52,85,116,134,37,75,103,88,64,31,19,79,87,69,92,41,68,106,67,28,72,84,20,65,5,51,24,18,27,89,105,102,35,43,46,33,9,114,135,11,13,98,0,96,53,124,21,112,82,83,117,42,38,14,3,29,70,63,122,133,8,104,39,73,47,120,66,44,23,62,108,49,91,30,127,34,107,90,86,57,32,15,80,58,77,2,16,36,71,7,78,126,95,130,97,121,123,74,111,81,40,132,17,54,115,110,6,125,131,60,94,56,59,100,109,48
5,5
89,99,43,78,115,41,76,133,122,96,124,56,12,119,125,129,97,67,110,113,16,102,64,75,14,130,104,80,18,53,22,59,20,63,123,28,62,103,42,100,92,85,73,57,98,23,82,83,40,135,94,11,36,68,128,70,61,35,132,66,49,95,87,65,52,17,47,71,44,2,19,21,109,27,26,24,114,93,32,30,0,79,86,134,112,107,74,25,101,8,46,45,69,118,37,81,55,77,91,106,10,31,29,117,126,58,120,48,116,1,34,50,33,9,3,5,60,111,15,54,51,88,6,72,90,108,39,127,7,38,13,4,121,84,105,131
3,4
52,78,106,61,47,76,87,51,82,43,120,85,77,96,123,75,101,74,119,33,24,126,19,112,80,46,12,59,79,3,2,13,6,9,90,99,67,16,35,132,102,129,53,71,15,122,70,135,95,125,103,41,116,94,93,10,27,32,37,45,38,50,121,23,66,91,62,34,127,68,98,8,5,109,26,111,4,89,84,118,44,69,55,22,100,113,72,97,39,29,107,49,17,133,18,115,110,54,7,63,20,60,105,65,56,28,1,30,117,104,128,130,31,57,131,108,0,81,14,21,73,48,11,92,124,86,40,88,134,25,64,83,36,58,114,42
3,3
116,128,64,70,51,84,96,80,75,101,30,129,118,1,34,60,55,102,58,107,61,109,6,52,104,31,99,113,23,112,97,29,127,57,32,66,18,69,28,48,130,93,38,68,81,14,19,90,63,103,11,8,115,86,71,111,7,43,82,72,114,42,3,122,44,27,62,16,77,35,89,94,36,123,74,134,108,21,79,37,47,78,92,50,117,119,20,85,46,13,88,106,105,125,12,121,4,15,131,124,24,40,76,87,95,25,5,9,39,49,41,135,59,45,83,126,54,132,53,26,67,65,110,0,91,10,17,22,120,33,98,2,100,73,133,56
4,3
61,66,49,23,79,99,110,135,108,96,77,4,75,48,14,125,46,15,28,126,57,121,87,120,76,105,122,60,113,56,78,114,85,5,33,3,80,123,89,81,71,62,7,38,1,124,88,82,27,31,109,83,6,35,39,47,104,13,128,90,68,51,16,133,111,102,101,11,65,40,0,53,103,95,42,45,69,112,36,41,118,29,17,63,70,24,54,100,50,58,127,94,73,84,86,67,93,132,72,64,130,34,20,55,98,22,91,37,26,115,52,134,131,119,10,19,59,107,21,8,43,117,92,30,12,129,74,25,2,106,9,18,44,97,116,32
1,2
124,75,50,63,74,135,8,101,5,78,87,132,90,104,114,122,41,106,10,77,116,80,127,25,51,9,105,86,113,37,115,83,103,34,17,131,56,53,19,91,54,73,18,24,69,29,6,84,108,60,16,36,7,128,42,64,119,55,15,58,43,133,129,0,126,46,120,49,130,109,95,3,30,112,72,68,57,35,67,88,12,1,93,66,14,62,65,4,118,99,23,21,26,13,40,102,11,82,134,117,59,61,94,22,98,39,45,71,47,123,96,81,76,121,31,33,27,28,44,110,2,38,52,100,48,92,107,32,89,85,20,70,97,79,125,111
1,4
36,17,105,56,26,121,15,35,97,22,48,96,28,112,73,43,16,52,111,24,27,32,133,103,107,109,55,19,114,11,86,80,104,45,65,72,4,10,131,40,117,38,21,33,88,81,84,66,123,64,70,127,37,13,113,95,93,118,67,92,129,12,5,98,115,76,3,51,83,62,46,78,68,101,31,60,74,94,110,132,126,29,14,61,63,59,85,125,57,71,53,134,8,58,91,79,69,50,128,18,6,130,42,100,54,1,9,108,23,0,106,30,87,20,116,7,122,82,47,119,34,44,41,120,99,39,124,75,135,90,102,25,89,49,2,77
6,5
97,76,111,129,27,41,38,88,35,46,104,98,83,43,128,53,23,131,122,6,33,24,101,127,116,29,100,125,59,60,108,67,1,15,107,11,92,109,95,80,120,70,66,130,99,81,42,32,96,2,49,85,119,17,20,25,77,13,64,28,134,54,19,9,62,0,106,55,52,72,18,47,82,121,26,69,135,79,110,86,40,102,74,113,132,68,51,8,39,103,50,73,65,31,115,45,63,117,57,14,71,36,87,22,114,44,37,21,5,94,90,89,10,48,75,105,78,126,112,93,61,58,84,12,123,124,56,118,4,3,30,133,91,7,16,34
6,5
79,69,111,96,76,78,89,3,72,105,17,43,109,87,80,20,106,88,2,70,71,24,126,16,120,115,44,34,13,121,55,49,57,100,64,25,32,29,67,4,22,51,131,99,48,27,119,128,112,12,127,59,124,7,33,15,39,82,129,42,1,9,0,114,54,8,28,50,10,135,117,74,41,85,102,130,6,91,36,77,122,104,62,31,60,83,56,123,118,134,53,95,103,81,52,26,63,110,101,46,35,97,21,133,68,98,73,40,47,116,30,14,19,75,61,65,45,38,94,132,90,113,92,37,86,23,84,108,5,58,66,18,93,11,125,107
5,2
88,30,80,45,1,53,50,62,127,97,28,83,122,89,119,25,32,20,114,90,121,0,109,75,4,100,104,118,98,79,9,12,113,11,21,46,87,36,65,61,29,26,134,125,48,129,14,33,51,37,71,76,120,22,43,15,39,101,99,2,74,86,23,116,92,93,18,41,123,103,132,24,133,69,106,67,16,17,68,82,107,54,94,108,81,131,49,59,64,112,40,3,5,31,44,102,77,57,110,130,63,124,115,66,70,7,52,84,58,47,8,78,55,10,96,6,13,126,111,128,85,34,73,60,56,35,38,105,72,27,95,91,19,117,135,42
4,3
85,40,109,58,11,124,30,79,47,91,35,96,53,29,75,43,33,103,52,61,45,100,19,44,98,121,108,83,2,41,81,1,12,111,88,23,123,39,9,119,94,55,128,37,8,86,130,18,36,57,87,20,112,93,82,27,107,78,116,69,21,114,16,74,102,134,118,60,31,80,28,50,76,4,104,71,99,42,92,38,62,117,73,133,49,67,22,70,7,105,63,129,46,0,126,120,122,14,77,66,32,90,101,13,24,56,72,48,6,127,5,3,59,84,110,34,115,97,68,25,17,132,113,135,65,95,10,131,51,64,89,26,125,54,106,15
5,3
47,81,88,7,52,13,120,23,46,54,125,36,122,131,123,12,18,80,72,56,105,119,121,107,126,129,75,94,37,1,30,24,97,33,127,135,39,111,83,84,35,8,91,19,114,118,130,67,78,60,28,85,95,92,11,109,14,104,16,98,17,29,3,0,70,89,112,102,32,86,96,110,51,68,93,99,87,73,41,2,134,55,49,61,40,58,6,63,62,26,31,27,50,77,69,66,132,25,124,42,43,128,53,34,76,20,90,59,79,21,44,65,15,4,133,57,113,5,45,9,101,38,48,64,103,82,71,117,116,74,10,22,115,106,108,100
4,1
32,59,43,77,135,110,5,67,102,122,26,104,133,37,52,79,108,64,27,131,93,85,75,111,11,30,49,105,117,56,128,16,91,113,99,114,17,107,48,129,73,29,34,76,92,120,23,130,100,39,109,112,14,98,53,50,62,115,54,116,57,78,24,86,13,18,31,8,68,19,80,55,36,2,12,103,82,125,74,127,4,20,87,15,119,106,83,47,71,118,1,65,61,51,70,81,126,35,63,6,60,45,89,21,58,38,123,46,69,22,101,88,124,41,132,3,9,95,25,94,28,33,97,121,72,84,42,90,7,44,134,10,96,40,0,66
5,4
42,80,82,20,7,135,59,76,123,49,85,125,107,92,11,21,67,29,100,32,88,129,119,84,116,90,70,57,60,30,115,133,132,73,28,48,56,50,128,91,89,104,95,23,34,22,39,6,117,109,36,35,12,126,26,72,63,53,14,120,3,98,65,45,71,97,66,99,122,87,78,17,94,51,75,68,101,61,41,37,112,106,10,64,121,111,124,113,130,46,15,40,13,0,24,47,110,44,83,81,31,18,131,79,52,105,74,9,4,19,8,118,86,43,134,1,25,96,69,33,27,114,58,5,55,62,16,54,77,38,102,93,108,127,103,2
3,1
74,97,61,38,112,90,60,49,37,64,5,7,42,88,92,14,69,113,71,44,22,99,109,98,121,56,12,86,51,130,77,119,73,117,27,63,3,6,21,120,45,39,36,59,0,93,50,128,106,115,96,41,65,1,131,83,67,129,18,33,48,116,19,66,118,55,95,110,114,31,100,101,30,13,134,103,125,126,127,34,16,79,29,54,46,58,4,122,94,135,11,47,76,26,133,80,20,124,25,75,35,89,52,123,53,91,81,28,72,82,2,10,107,104,105,23,78,87,57,32,111,15,132,24,68,102,40,8,70,17,43,84,108,62,9,85
3,5
108,116,35,85,24,49,98,91,64,135,93,14,42,111,118,62,59,104,126,28,115,102,79,23,88,19,40,80,31,134,106,122,7,56,1,17,77,119,54,133,109,96,2,52,61,103,107,6,84,9,130,65,18,70,81,112,66,95,37,30,132,12,60,68,50,72,36,71,33,51,3,67,34,44,55,43,97,27,4,48,90,75,8,92,101,83,15,78,73,86,63,82,57,114,41,47,46,25,128,105,117,20,5,120,32,127,53,121,16,26,124,13,110,87,22,39,10,29,76,113,21,69,94,100,45,89,131,99,58,125,11,0,38,123,74,129
5,3
110,31,12,38,17,13,54,114,135,92,5,99,28,56,47,46,22,64,84,2,115,53,68,42,104,34,98,14,112,130,67,96,49,72,133,16,48,118,66,79,101,113,52,59,100,103,132,24,39,55,129,6,57,108,93,131,90,134,116,70,119,76,44,128,30,51,63,75,60,78,106,126,121,89,15,62,120,23,117,87,77,81,27,61,11,41,10,122,97,20,45,43,32,127,109,36,3,125,124,18,105,94,82,65,71,35,9,88,25,91,33,21,85,69,40,111,7,29,74,73,50,95,102,26,58,107,123,80,37,8,19,86,4,0,1,83
4,4
76,2,117,129,36,4,124,102,59,112,72,29,14,35,7,39,25,28,81,126,131,70,128,88,104,123,54,125,6,115,93,23,91,20,73,50,40,127,109,110,16,96,85,10,75,87,67,61,103,5,111,119,32,113,106,52,45,84,108,133,86,79,83,66,48,8,99,69,18,98,11,114,120,107,132,68,57,43,21,134,58,100,64,116,0,49,51,3,74,37,56,24,44,78,38,15,41,55,1,94,26,65,46,60,121,130,77,47,101,31,97,105,34,89,53,135,12,42,30,92,9,27,80,122,62,17,118,82,95,19,90,22,63,33,13,71
3,4
6,49,103,117,127,113,106,118,13,67,12,125,15,25,65,9,52,23,119,74,132,22,104,111,28,105,2,86,75,97,37,71,107,126,40,10,109,73,114,5,110,11,72,39,94,88,123,0,35,38,124,29,82,91,14,120,96,16,80,53,130,68,84,98,99,102,85,27,133,7,17,128,131,42,83,89,4,134,79,76,60,24,55,8,1,101,47,45,62,69,54,66,51,34,43,135,112,30,20,115,31,18,95,122,61,78,46,100,58,64,87,92,32,81,41,90,116,70,121,19,26,59,93,48,50,77,57,21,63,33,129,36,3,108,44,56
2,2
24,100,73,82,58,63,18,109,134,86,41,55,104,94,111,45,128,81,60,56,59,16,19,83,88,131,38,29,115,12,21,48,4,80,102,50,14,107,110,36,39,23,3,71,105,30,84,44,122,113,129,95,51,72,117,64,108,101,20,116,76,33,49,77,124,47,65,27,90,135,125,91,127,132,10,54,93,123,61,103,62,9,57,112,69,97,92,43,46,17,75,85,15,32,118,67,74,2,106,120,8,79,7,66,133,126,52,0,26,53,34,35,6,119,22,99,5,37,96,1,78,31,114,121,11,28,68,89,98,13,130,40,42,87,70,25
5,4
77,15,19,135,4,58,111,66,102,134,45,65,36,68,40,18,46,72,88,118,13,101,74,108,112,92,67,99,89,61,0,59,106,115,124,86,107,11,53,76,22,119,71,125,1,41,60,116,52,35,91,114,113,110,57,12,8,21,95,14,51,44,54,130,104,79,5,25,70,47,133,7,31,87,33,122,43,126,17,38,117,82,123,84,98,9,48,100,109,56,50,75,6,132,85,27,131,103,105,55,32,120,97,73,127,81,42,26,37,29,64,78,49,23,34,83,63,94,62,128,28,129,93,30,10,39,24,20,121,2,96,69,16,3,80,90
2,2
84,103,106,79,56,43,85,87,73,1,22,51,89,62,6,49,9,52,76,15,68,82,101,61,108,34,124,74,27,135,132,88,3,0,121,32,53,26,40,116,7,33,38,44,110,12,128,20,115,54,97,130,111,47,122,60,86,18,123,107,114,5,29,19,8,94,57,77,23,42,13,90,72,112,70,119,37,64,125,66,14,95,4,46,41,75,11,30,134,24,50,16,96,81,131,92,35,105,133,2,104,10,36,17,129,102,59,127,83,91,100,126,45,63,21,55,39,78,98,118,69,31,120,117,25,113,65,48,67,71,109,28,80,58,99,93
2,1
108,119,67,121,23,104,95,86,111,105,127,133,41,82,84,93,51,17,4,122,65,125,38,92,63,117,99,115,126,49,42,135,44,100,97,89,106,71,96,68,3,74,124,66,78,75,103,60,64,1,120,30,69,26,24,40,33,12,58,77,31,57,46,36,52,5,79,90,15,43,94,19,55,81,62,28,54,109,27,50,45,98,76,85,70,0,35,25,61,53,22,11,34,73,37,48,129,56,47,29,102,6,91,7,21,59,39,123,114,2,16,72,88,116,110,107,87,83,10,32,134,131,118,80,130,9,101,8,13,112,113,20,18,132,14,128
1,3
36,83,65,88,25,90,100,108,85,133,27,132,84,7,17,99,21,33,71,103,81,129,111,23,37,118,40,22,35,101,6,87,119,8,19,31,102,45,79,105,29,38,117,9,56,107,48,34,91,5,73,120,68,28,69,89,123,130,12,104,122,128,80,75,124,15,95,13,42,96,67,134,59,4,11,113,43,93,49,131,63,30,1,0,41,115,92,53,70,82,47,50,106,61,116,98,135,57,77,2,24,127,74,72,44,16,121,46,32,39,62,54,18,3,20,55,94,66,97,125,58,51,78,112,126,64,109,60,10,52,76,26,114,86,110,14
1,5
72,94,133,48,44,31,103,61,102,38,107,45,127,80,118,128,1,82,42,68,97,70,78,26,114,100,122,49,84,30,8,59,87,134,62,75,115,63,3,113,14,6,123,58,43,104,39,116,50,121,119,99,55,40,35,21,12,69,17,25,27,92,5,13,18,83,29,71,41,98,76,93,81,105,120,4,56,19,117,46,79,112,15,28,126,22,57,91,96,9,24,47,129,125,132,90,33,11,64,37,60,53,109,86,16,7,20,67,130,52,85,65,2,73,110,32,77,74,108,88,36,10,111,124,66,135,106,34,0,54,131,51,95,101,23,89
5,4
132,134,10,19,68,112,60,50,77,31,74,103,125,126,17,49,15,111,107,91,94,106,53,21,24,38,122,40,99,57,135,6,129,84,133,58,116,5,93,33,90,92,35,114,52,20,47,130,119,102,27,56,23,78,127,3,69,51,113,85,81,30,65,95,86,29,46,73,89,109,88,98,45,97,59,87,70,42,16,44,79,34,131,75,115,83,4,64,100,39,22,128,48,104,13,26,43,9,71,36,7,12,14,120,18,80,101,121,62,123,0,25,110,67,105,55,8,117,96,28,32,1,2,37,11,124,72,66,63,61,54,82,76,118,108,41
5,1
111,8,98,88,67,132,97,48,54,41,34,114,90,70,25,133,39,116,26,47,79,57,43,3,71,126,56,1,10,52,115,19,4,59,61,103,94,121,24,27,72,122,127,74,110,89,42,93,107,0,75,86,120,134,29,50,100,63,80,60,14,128,44,76,16,58,135,131,81,5,12,129,117,30,36,65,113,17,125,69,28,55,23,73,123,15,68,106,51,33,22,95,64,13,45,38,105,40,77,83,82,84,118,102,7,96,119,91,108,66,85,32,9,130,124,11,92,87,62,99,101,109,49,112,104,37,53,78,46,2,6,21,20,35,31,18
6,4
63,77,69,112,70,127,36,42,129,24,21,23,130,74,84,92,128,126,91,64,132,11,121,66,122,56,19,96,47,118,61,131,116,102,43,81,59,28,83,104,75,22,29,17,73,40,119,67,87,65,39,6,89,109,25,4,120,32,46,57,26,44,15,86,58,7,93,111,1,31,53,105,78,71,79,107,30,68,55,9,13,95,124,51,38,14,97,49,20,135,27,16,99,2,114,98,33,106,117,35,45,18,52,62,54,34,101,82,80,133,94,90,113,60,8,103,123,108,100,5,88,110,0,3,85,10,50,115,72,37,134,76,41,48,12,125
5,2
92,110,109,132,17,1,30,34,131,107,31,6,13,40,103,74,82,37,60,94,14,61,24,72,49,83,56,80,47,97,88,101,79,129,46,0,42,16,73,69,81,84,102,96,51,25,48,58,127,5,70,122,50,2,38,55,86,93,43,113,9,115,71,59,44,67,123,133,3,12,76,99,15,77,111,117,45,18,62,89,26,8,95,128,53,33,54,4,7,22,126,68,35,85,65,52,124,19,118,119,114,87,23,116,39,66,125,112,121,130,29,75,10,20,11,134,36,108,78,120,32,63,135,90,98,41,104,21,27,28,100,105,106,57,64,91
5,1
19,74,84,120,43,9,135,123,7,87,34,94,59,37,128,127,118,67,48,116,39,8,134,81,55,133,14,110,45,44,38,54,78,27,91,68,2,16,66,61,85,129,11,71,117,93,62,50,125,124,90,40,100,101,15,12,4,97,111,102,13,76,92,65,96,131,77,6,86,36,33,108,73,109,75,49,57,72,119,46,41,89,30,98,69,70,29,24,80,83,64,22,132,114,103,31,122,106,60,3,25,1,88,58,121,105,79,10,20,95,82,107,28,99,113,52,26,42,5,0,126,53,17,51,18,56,115,21,32,35,104,112,23,130,47,63
4,5
100,96,118,34,38,93,21,98,48,54,37,50,16,57,5,69,119,126,74,86,134,43,76,13,106,66,114,107,46,135,123,91,83,53,58,112,103,3,33,29,25,6,65,60,59,4,30,128,75,24,26,17,79,9,55,19,94,131,110,89,14,52,39,71,70,64,78,68,62,67,102,2,97,42,116,7,49,23,105,35,133,127,108,80,81,130,122,95,117,51,84,22,72,31,120,15,88,73,61,101,87,121,82,8,109,56,32,85,36,11,41,125,0,40,45,77,92,132,1,18,99,129,104,90,12,124,27,63,115,28,20,10,47,111,44,113
6,3
127,115,22,16,53,10,27,74,78,132,49,84,116,63,119,96,33,61,125,21,43,41,117,79,106,13,123,25,54,57,114,131,51,0,2,1,38,45,67,8,9,18,64,110,42,26,133,120,121,83,68,87,118,111,71,31,35,122,17,56,92,39,82,58,28,126,105,108,97,69,100,30,73,47,34,112,62,4,86,128,129,36,99,72,23,55,77,52,46,75,37,70,103,107,11,102,113,130,15,6,29,93,19,89,124,65,85,50,94,88,98,60,81,14,109,3,91,20,59,101,24,32,12,76,80,90,7,66,40,44,104,5,134,48,95,135
5,3
1,35,85,87,128,89,12,62,97,22,132,120,26,112,16,123,39,111,32,115,65,29,78,107,5,82,51,45,119,50,37,53,114,8,69,18,56,116,110,79,100,38,131,33,80,3,91,36,28,81,48,76,109,61,40,118,0,122,124,121,83,42,96,95,93,67,63,104,60,71,31,84,34,106,52,98,101,77,105,10,135,20,113,43,66,57,4,73,72,130,44,2,94,133,23,64,134,46,117,55,41,68,15,24,58,25,19,126,21,129,54,47,6,9,74,27,14,92,88,7,59,90,108,13,17,86,125,75,11,70,49,103,30,102,127,99
4,4
78,96,19,32,135,95,82,121,53,49,132,92,100,85,41,67,113,131,80,108,15,33,65,112,37,10,76,45,81,93,57,134,70,6,72,89,64,9,75,106,31,66,44,46,74,111,122,115,28,73,20,17,54,59,123,24,133,101,29,16,94,47,127,69,88,1,40,11,61,0,42,120,22,51,119,13,3,14,79,21,2,27,55,18,114,48,63,84,130,25,104,8,97,128,107,124,30,62,68,87,52,117,5,91,125,102,23,4,38,110,34,35,90,71,83,105,58,56,103,86,109,36,129,99,118,7,60,12,39,50,26,116,77,98,126,43
3,4
3,96,88,14,79,118,5,89,28,90,52,34,99,35,84,66,97,91,59,45,58,116,85,57,11,94,8,134,7,38,80,6,49,108,12,70,110,82,10,51,75,67,128,37,21,0,98,105,48,64,65,41,126,100,50,60,15,114,4,55,72,13,92,124,102,111,22,43,135,73,103,25,17,69,2,133,18,62,78,131,83,47,33,123,95,121,112,115,113,76,44,1,20,68,129,93,104,119,101,130,87,9,56,120,71,127,39,109,19,32,77,63,31,36,46,106,23,81,27,125,86,40,107,26,29,30,61,117,74,132,53,122,54,16,24,42
5,2
74,82,58,93,101,96,88,11,12,42,77,72,29,87,95,112,31,53,20,115,1,100,78,134,33,6,25,56,65,113,108,68,60,27,32,105,125,119,69,62,43,91,66,35,47,103,118,111,63,120,126,28,51,122,23,41,10,114,40,44,3,54,131,121,129,71,110,83,70,0,86,73,57,18,26,36,7,67,107,81,38,124,84,49,106,13,130,24,80,102,22,55,97,128,61,59,50,46,39,132,116,5,135,2,94,75,52,123,17,45,16,133,76,4,90,89,19,104,9,48,109,98,64,127,34,8,30,37,14,85,21,79,92,117,15,99
5,6
25,42,68,97,114,69,41,107,30,131,70,98,79,124,103,90,95,31,116,38,17,83,15,44,52,13,72,73,64,104,125,11,122,28,130,96,132,62,0,5,86,99,26,43,109,46,6,21,4,81,35,78,129,112,84,88,105,56,134,80,102,106,10,2,74,33,71,24,3,49,22,127,87,133,45,1,12,91,58,53,48,118,60,113,29,117,128,27,39,47,51,9,34,77,115,18,50,108,110,120,40,8,135,14,16,66,57,93,32,94,101,59,100,36,55,54,89,123,75,92,7,61,20,82,63,121,37,119,76,67,19,126,85,111,65,23
5,2
58,61,6,30,94,124,3,49,52,35,78,101,27,80,105,16,2,14,41,111,133,23,8,89,88,114,76,112,10,46,96,15,43,106,87,128,73,95,9,68,25,126,113,100,104,22,107,36,51,67,97,54,71,69,21,20,110,109,45,65,99,33,91,86,44,129,72,125,77,63,1,93,31,102,90,135,108,59,134,123,120,34,55,39,119,24,18,64,47,103,5,32,131,12,84,116,11,74,40,122,28,82,26,60,50,115,117,53,38,62,7,56,4,17,98,29,127,19,66,42,48,13,75,85,81,118,37,79,0,70,92,83,132,57,121,130
4,4
29,36,92,71,51,22,109,10,72,2,58,86,59,125,94,106,53,79,34,88,9,111,7,102,126,103,96,45,78,44,124,25,89,43,63,75,134,40,99,129,1,4,33,26,135,13,57,60,50,8,28,49,64,62,80,54,27,100,116,107,3,77,41,131,82,24,46,69,113,19,35,84,74,47,123,38,66,130,104,32,6,17,85,95,16,112,5,128,42,21,90,101,20,56,67,14,68,87,105,127,119,65,18,115,73,133,91,23,114,121,55,15,0,52,93,70,81,118,83,31,97,48,11,39,98,110,76,117,30,132,108,122,37,12,61,120
2,1
131,94,15,84,104,102,25,114,16,111,129,26,98,19,55,31,61,48,39,79,130,85,28,116,76,65,4,112,30,20,78,87,64,126,22,93,46,24,72,29,68,35,117,37,6,113,44,32,14,36,134,54,12,63,67,49,110,125,77,100,122,9,123,43,95,92,13,40,17,107,45,23,18,96,83,119,120,2,52,88,59,41,82,69,56,81,27,53,11,132,33,50,109,1,60,105,80,70,91,106,10,51,128,127,66,34,38,118,73,133,108,90,58,103,86,101,99,3,97,89,135,75,47,8,121,115,21,71,57,7,42,5,62,74,124,0
5,4
56,8,120,32,127,7,40,15,62,103,126,132,104,76,91,25,51,34,52,50,90,1,17,81,84,28,48,27,124,130,134,71,93,4,33,114,74,117,45,43,36,58,26,119,38,70,100,35,106,96,57,64,83,121,29,41,68,60,95,97,66,112,19,22,135,94,13,46,61,92,23,122,82,129,67,39,59,20,24,42,54,53,44,31,80,79,49,133,101,111,30,11,118,72,47,6,89,85,75,12,77,18,99,131,86,115,55,21,105,5,116,65,107,73,10,125,98,78,108,3,37,0,88,109,113,9,123,87,102,63,16,128,69,14,110,2
3,4
69,119,17,52,43,57,66,14,123,101,115,15,72,74,128,62,79,31,120,103,54,59,109,28,99,44,65,4,6,13,75,12,60,10,102,18,0,130,7,105,49,26,92,55,30,122,23,40,11,87,33,93,106,8,37,91,27,64,97,110,80,111,134,88,39,135,56,82,133,46,32,89,125,86,84,116,131,21,114,9,25,112,108,129,1,68,90,78,53,24,76,45,124,41,113,22,118,2,63,81,67,95,58,35,50,70,3,132,98,38,83,73,127,126,121,19,71,5,94,100,42,16,47,34,51,29,104,20,117,36,85,107,96,48,61,77
3,3
10,88,1,106,83,95,19,66,8,14,108,125,48,28,31,99,90,32,44,103,75,119,71,30,65,104,122,121,91,129,56,12,85,111,13,97,59,69,127,45,120,70,86,110,34,105,94,47,87,21,114,33,49,38,54,37,17,63,84,11,4,27,76,133,0,40,52,20,96,15,117,36,67,35,74,131,29,118,130,93,18,26,9,132,81,79,135,68,112,72,126,89,116,51,39,115,60,22,73,42,2,55,53,82,134,102,113,24,98,80,46,123,16,128,23,7,124,41,43,64,78,25,62,57,77,3,107,5,58,50,100,61,6,101,109,92
6,3
133,47,97,109,61,67,127,117,130,8,107,14,81,25,104,100,77,51,33,29,82,96,134,26,124,63,119,24,102,110,123,42,66,106,30,0,50,90,128,18,53,43,49,65,64,115,72,12,36,118,103,101,93,68,69,125,34,16,132,112,88,9,113,59,111,44,2,126,74,38,3,5,121,22,73,114,95,20,105,13,54,37,57,99,6,45,78,10,98,11,135,94,83,89,15,56,55,31,58,1,86,131,75,62,120,80,40,108,23,46,84,4,70,92,129,91,17,85,19,71,122,39,48,27,76,52,60,28,41,35,87,32,79,116,7,21
5,3
59,8,121,90,57,114,119,104,75,33,9,125,89,84,130,113,12,76,18,73,47,58,44,34,41,46,133,68,128,32,50,48,17,31,21,98,112,30,109,77,78,97,1,52,81,40,115,95,107,36,60,101,13,91,25,26,74,117,45,62,15,19,22,124,122,37,65,56,127,135,70,105,94,5,131,51,27,118,83,69,4,106,28,93,35,38,88,49,79,132,103,129,82,85,16,80,6,43,63,87,102,10,100,126,110,61,53,66,3,42,2,111,0,23,54,134,92,24,99,20,71,11,108,67,116,29,123,86,7,55,72,120,64,39,96,14
3,5
104,123,77,76,88,37,45,30,14,24,115,17,68,119,16,97,7,89,95,94,15,69,28,100,130,72,64,12,19,107,91,62,63,66,99,135,2,67,113,55,106,120,23,128,44,32,124,20,39,133,103,57,26,109,108,82,87,79,92,40,34,83,4,5,80,48,36,61,75,25,52,41,110,53,116,101,43,126,3,114,35,96,85,117,131,58,121,56,70,38,59,98,129,31,10,21,93,134,84,125,13,60,102,132,47,1,65,33,73,9,86,78,49,22,90,112,46,6,27,105,18,42,74,50,54,127,29,118,0,111,71,51,122,11,8,81
1,5
80,104,117,64,19,126,16,90,42,118,40,88,1,0,99,83,120,58,36,9,26,34,73,84,134,63,105,81,115,129,56,123,132,135,112,96,114,52,39,122,121,128,54,10,6,2,131,12,97,125,18,46,25,77,7,124,59,109,4,66,75,27,28,133,44,98,70,111,22,93,106,74,35,60,31,37,24,48,20,14,87,91,15,95,43,38,79,29,62,67,53,47,11,85,55,51,94,71,68,101,49,119,8,23,45,130,61,32,107,69,108,82,3,17,30,100,92,127,57,13,5,50,33,76,116,78,65,103,113,89,86,41,21,102,72,110
5,3
68,44,13,95,130,24,88,14,91,22,108,75,101,35,67,118,2,25,40,45,29,93,46,8,90,107,115,73,123,66,54,33,134,1,20,30,131,9,119,129,104,81,26,94,16,92,23,6,113,74,84,57,27,85,17,105,87,34,83,36,56,124,135,65,12,41,128,5,47,59,120,71,111,39,31,52,126,78,117,15,133,63,61,69,106,102,121,19,21,77,103,4,122,42,132,62,99,0,11,18,112,51,49,43,60,109,97,28,79,96,70,10,89,7,55,3,100,38,80,53,32,114,48,82,76,110,58,64,86,127,72,116,50,37,98,125
6,5
96,19,113,101,93,129,99,33,84,27,34,40,54,132,38,29,63,100,39,69,72,57,9,87,130,2,135,68,24,118,14,48,8,16,13,17,103,133,18,64,41,119,76,128,15,97,59,5,115,12,122,81,35,86,92,36,66,85,43,30,78,58,77,70,95,109,102,61,123,55,110,106,74,67,134,28,53,124,114,111,0,25,62,11,71,83,116,105,23,121,3,32,42,79,50,56,112,73,47,51,6,37,80,65,91,127,26,90,49,94,117,10,31,82,108,4,20,75,131,60,125,52,98,126,44,7,46,21,1,45,120,88,104,22,89,107
2,6
29,68,56,116,8,17,5,131,59,69,106,122,125,90,83,67,65,101,27,4,97,127,96,71,55,75,81,133,78,70,48,52,92,76,94,11,34,86,9,104,102,103,39,107,93,19,12,10,44,45,32,119,74,40,2,89,111,30,112,114,99,115,110,24,64,16,95,91,108,128,124,62,53,134,130,23,129,57,135,14,58,73,79,33,38,0,126,37,35,31,120,87,60,6,132,63,21,121,42,49,72,41,20,3,66,118,43,113,61,100,15,1,22,46,88,28,26,36,98,25,84,85,13,80,50,109,7,123,54,47,117,82,105,51,18,77
5,4
126,9,100,87,104,134,47,38,130,68,89,30,45,91,112,3,128,40,15,28,131,13,22,111,108,66,109,41,73,118,64,23,54,18,36,82,102,90,105,49,14,2,10,101,129,58,35,122,56,5,79,29,116,88,103,75,80,42,62,63,1,26,92,61,21,53,17,46,95,44,94,120,11,43,0,85,31,121,77,55,19,7,83,135,124,34,6,78,27,99,132,93,33,32,72,86,65,25,57,20,115,110,84,119,69,96,8,24,71,12,97,16,52,59,4,37,107,106,114,39,123,50,74,70,60,67,127,133,76,51,113,48,81,125,117,98
2,5
37,52,20,1,86,110,82,31,2,33,45,17,88,58,35,43,28,96,64,29,97,27,61,118,13,55,90,126,121,91,107,66,131,75,32,124,71,7,130,54,34,22,79,56,30,41,49,134,24,114,100,81,111,73,95,116,89,84,133,42,109,46,106,105,62,93,99,15,23,87,11,57,25,85,68,70,60,127,132,129,18,26,38,9,123,63,0,119,74,128,103,113,12,50,59,6,102,122,76,69,77,94,8,51,80,19,108,21,47,72,101,120,5,10,115,65,98,92,39,40,4,78,48,104,135,14,44,83,125,36,67,117,3,112,53,16
5,5
102,127,42,118,112,79,125,109,7,67,62,131,35,74,99,24,6,106,45,60,104,121,12,4,105,124,61,117,71,113,75,93,8,72,64,32,120,53,92,41,89,46,101,27,13,18,21,128,28,119,97,3,47,87,70,134,73,0,81,59,19,38,17,69,98,95,115,51,107,86,85,83,78,29,56,110,36,88,111,50,133,40,5,114,103,11,91,2,49,14,80,76,30,15,94,34,129,33,31,26,23,116,43,96,55,90,39,58,132,63,65,66,123,1,126,77,57,52,122,108,44,10,68,25,22,135,37,9,130,84,82,100,20,48,16,54
3,1
117,116,97,67,126,87,50,95,89,109,102,80,47,31,124,18,125,56,77,41,118,62,100,65,104,16,78,91,107,13,123,54,57,28,122,86,90,129,51,63,92,9,40,132,29,106,2,99,25,79,75,36,15,4,113,22,83,81,37,108,103,26,130,111,76,96,68,35,105,93,115,49,30,17,14,1,72,3,84,121,24,135,94,55,5,74,48,23,39,85,43,52,131,64,0,110,88,19,21,82,20,60,73,71,134,112,127,70,69,34,7,33,10,66,38,98,119,8,61,128,101,42,120,44,45,59,32,133,6,114,27,11,53,58,12,46
1,5
55,109,111,7,91,95,84,85,132,24,61,8,112,118,71,20,121,29,28,42,37,129,62,46,9,12,41,122,128,79,81,86,43,88,87,38,68,14,134,31,19,78,26,107,69,103,44,117,104,106,52,33,67,80,5,22,65,119,126,94,127,124,72,51,15,34,3,131,93,47,54,120,101,66,25,82,0,75,35,1,18,99,10,123,130,92,16,64,70,108,113,89,27,36,110,63,135,115,73,60,59,49,21,100,30,2,50,58,76,105,45,32,39,77,40,48,53,83,90,125,74,133,4,102,6,11,97,96,57,98,13,23,114,56,116,17
2,2
79,93,3,26,95,18,37,47,52,83,118,73,53,5,74,132,87,13,124,69,80,42,56,127,60,89,122,6,4,19,25,113,17,128,94,11,114,91,129,131,28,50,86,72,85,16,125,36,82,109,100,7,108,135,76,119,102,49,34,121,0,98,123,63,134,107,43,9,10,66,133,55,32,90,64,39,75,111,92,8,51,88,81,115,103,58,57,67,62,44,96,54,117,101,1,105,65,23,27,21,112,15,104,130,84,22,41,61,2,70,30,29,97,59,106,48,78,68,71,38,99,46,77,110,24,33,12,20,35,120,14,45,40,31,116,126
2,4
41,46,135,29,89,114,55,37,6,125,66,18,88,22,31,104,0,40,2,14,116,128,75,3,52,86,106,92,67,130,60,115,11,110,102,45,78,47,117,35,44,51,58,85,13,28,57,77,5,126,111,26,112,122,49,99,98,50,7,36,39,12,74,76,72,124,120,30,34,81,19,64,70,113,61,93,132,56,79,118,62,38,103,80,63,105,25,94,119,32,33,69,71,129,83,48,27,20,91,84,134,1,23,68,127,87,82,8,96,10,43,53,123,108,4,95,90,16,21,107,73,100,9,17,54,65,121,97,42,24,101,15,131,59,109,133
2,6
90,101,20,80,61,79,120,3,126,129,71,54,0,6,93,127,33,110,131,135,102,86,96,9,66,29,123,22,114,130,41,36,111,67,34,105,48,112,104,24,53,32,46,124,73,5,19,7,39,8,83,121,65,40,15,78,99,1,14,122,128,58,27,87,25,47,30,42,116,113,91,62,26,92,44,107,134,43,21,84,50,68,94,103,109,82,57,52,45,55,2,4,81,72,95,69,16,18,75,17,49,12,100,64,35,70,28,132,31,119,10,23,38,51,115,89,59,13,60,74,77,106,125,11,37,85,56,97,76,88,108,98,133,118,63,117
6,3
35,86,100,124,69,74,58,83,55,133,13,61,97,81,64,128,123,1,108,116,23,102,78,18,91,8,19,52,7,94,121,127,95,101,31,93,125,15,68,98,82,36,126,119,103,104,27,60,14,43,135,105,115,62,79,45,26,65,84,4,54,44,50,21,48,88,9,114,132,130,110,20,3,122,53,70,77,92,47,76,109,80,118,89,6,120,12,85,5,34,49,17,25,113,33,59,129,28,22,117,71,90,66,72,41,32,11,134,112,29,24,51,75,38,111,96,87,16,0,10,73,42,106,57,56,37,39,46,40,99,2,30,131,63,107,67
4,3
26,128,31,109,60,126,23,55,46,36,132,58,135,47,100,53,76,10,119,62,102,98,65,12,96,37,25,84,67,33,61,71,121,66,89,2,28,64,20,101,35,8,118,39,87,82,88,38,34,29,104,123,72,81,1,85,19,0,13,43,18,80,32,103,130,69,116,105,94,9,30,41,117,127,27,125,120,50,97,51,115,108,113,95,48,6,111,3,90,42,122,107,56,63,78,40,4,11,44,14,49,74,91,114,92,99,134,106,5,75,110,52,7,24,83,124,93,59,54,86,16,73,17,57,68,133,45,112,131,21,129,77,79,70,22,15
1,2
110,48,84,126,113,115,37,72,50,4,53,41,111,85,63,130,22,114,7,36,39,92,73,109,33,116,96,78,23,102,95,108,12,24,20,34,132,28,9,112,123,15,40,32,19,62,51,125,99,3,56,91,5,21,135,67,80,47,16,2,105,94,118,117,30,65,121,76,128,122,74,17,69,97,0,38,93,100,64,103,43,49,52,129,77,6,35,87,46,81,42,1,70,119,88,60,13,11,101,90,29,134,55,14,127,124,107,45,66,68,133,25,18,10,86,83,58,26,89,120,44,61,59,71,31,104,106,82,54,131,57,98,8,27,79,75
5,3
79,56,18,8,121,41,14,89,62,24,26,81,5,63,113,90,30,38,2,88,7,60,109,114,59,51,28,91,102,98,35,133,21,108,47,110,15,37,86,55,82,97,9,92,71,94,115,85,12,70,104,22,40,119,29,67,49,116,52,50,135,78,73,74,34,46,3,100,65,105,80,122,27,87,11,111,130,117,57,23,99,126,131,61,77,124,120,43,32,4,13,101,123,64,36,42,93,84,17,128,106,127,0,107,48,75,83,54,58,33,72,95,19,66,53,45,39,16,68,44,112,1,132,20,31,25,134,10,6,125,129,76,118,103,69,96
2,4
31,93,15,128,131,92,67,33,134,46,54,77,64,35,42,104,5,101,78,79,41,130,106,132,8,86,100,117,51,70,109,3,62,55,110,0,115,6,34,12,10,21,47,118,38,112,87,124,108,96,72,49,133,90,40,107,53,13,16,99,120,103,119,43,126,17,61,63,71,25,89,91,28,127,26,122,22,65,111,98,116,68,129,80,69,75,135,30,14,76,36,84,59,48,57,19,2,125,94,32,105,85,1,45,7,18,88,123,113,9,44,52,121,60,58,66,114,39,74,11,50,56,81,37,83,20,24,102,27,73,82,23,97,29,4,95
2,3
88,87,109,56,106,8,32,33,54,104,74,36,118,86,43,103,34,52,84,69,20,12,6,130,5,91,55,79,45,37,99,113,70,92,83,50,63,94,15,14,77,47,85,30,105,41,78,108,46,115,121,26,75,123,38,114,25,64,59,76,22,7,116,122,23,82,1,44,60,80,24,57,42,53,72,61,126,124,62,66,10,40,133,98,129,112,73,128,107,18,131,28,81,9,132,13,102,134,96,95,111,93,58,51,125,3,65,100,117,0,101,68,27,48,39,4,21,110,120,97,31,2,135,35,16,89,11,71,19,90,67,17,127,29,119,49
5,5
38,35,125,87,89,43,27,85,28,64,6,63,25,99,39,51,83,34,37,94,32,73,124,56,98,69,106,17,103,8,77,11,100,33,121,82,123,129,109,111,57,30,71,90,29,70,91,10,127,97,117,14,18,31,0,44,131,13,5,126,108,115,79,130,75,86,9,65,114,122,52,102,93,120,110,104,112,62,54,49,47,88,7,67,113,134,66,80,2,48,55,118,68,58,16,132,95,36,40,20,23,21,1,59,78,61,96,60,116,50,46,119,3,53,128,92,4,15,84,101,133,74,22,26,41,76,42,81,24,12,107,45,72,105,135,19
4,1
118,48,2,33,86,129,7,102,49,97,105,91,3,16,115,82,66,117,17,54,15,12,76,39,18,53,95,73,104,107,70,124,122,26,5,126,133,85,55,83,1,6,113,108,11,38,27,43,29,99,103,98,67,0,132,24,80,127,8,22,14,109,114,40,79,34,101,21,50,78,20,77,125,36,35,42,106,119,68,92,4,75,19,62,120,81,94,93,121,44,57,30,96,61,123,69,128,130,72,71,28,31,59,74,112,46,111,37,41,89,45,52,100,56,87,90,58,131,60,32,25,116,23,110,135,9,51,63,13,65,47,64,84,10,134,88
3,5
30,93,129,130,58,80,94,25,107,117,47,72,91,34,42,96,22,108,40,27,67,76,95,133,132,85,90,20,134,11,88,100,14,127,109,0,97,12,77,44,43,86,112,16,46,19,36,79,66,54,70,45,126,50,1,31,62,115,59,61,13,99,4,8,32,98,120,5,110,68,135,41,113,21,51,128,105,24,111,78,131,118,53,106,81,74,28,87,101,3,15,38,102,56,84,52,69,92,116,10,39,6,17,122,103,33,123,35,75,71,57,65,7,37,29,23,26,121,73,49,9,125,48,119,2,104,83,114,82,64,55,18,124,63,89,60
3,3
16,21,98,65,50,117,49,125,85,67,71,97,59,15,114,130,44,69,55,95,115,29,99,31,2,83,103,91,124,92,126,42,88,118,64,39,68,66,25,101,7,135,22,128,0,80,51,10,129,47,54,74,84,102,105,111,79,89,61,104,134,56,43,5,11,26,1,127,8,87,133,17,63,120,76,53,113,122,72,33,96,121,62,70,18,82,28,75,13,112,45,20,81,108,14,34,9,27,90,73,40,4,77,24,41,37,48,119,6,35,19,3,30,132,32,58,38,86,46,109,106,93,110,131,123,12,36,94,57,60,100,23,107,116,78,52
6,5
19,44,9,48,63,73,117,105,58,32,11,92,127,42,13,56,135,65,107,29,38,90,75,25,5,51,94,88,77,4,33,46,10,37,21,12,14,104,79,55,98,20,93,81,115,69,111,60,103,18,113,118,84,49,53,112,106,30,119,64,72,22,0,43,26,71,68,57,45,1,31,50,101,39,16,122,123,89,47,15,36,116,129,124,6,80,109,7,41,102,131,74,8,99,86,28,54,126,35,66,78,121,67,95,85,100,132,61,110,34,52,2,76,82,120,91,134,96,70,108,62,3,40,97,130,128,133,87,83,17,24,59,23,125,27,114
1,5
129,17,86,118,83,62,57,78,39,133,32,88,89,114,33,77,0,125,14,8,2,101,120,26,35,9,25,65,97,135,24,110,38,27,49,91,61,56,12,132,52,20,104,121,5,58,82,69,75,72,4,29,95,68,37,63,42,105,124,92,103,64,22,10,117,60,48,66,123,46,59,94,21,53,18,73,107,119,90,30,44,47,84,67,128,108,70,15,109,79,54,134,116,1,131,71,80,34,31,113,81,74,99,102,126,45,127,55,13,19,43,11,3,23,100,87,122,130,106,40,36,111,28,6,85,41,98,16,7,76,51,115,96,112,50,93
2,3
7,90,27,112,100,81,96,108,115,32,87,41,114,89,43,55,120,97,13,117,35,63,22,86,113,57,107,17,91,88,93,76,118,84,38,82,20,16,95,4,116,3,14,127,31,129,73,30,135,28,19,72,103,59,132,104,66,92,134,128,123,99,119,21,131,24,79,23,61,51,42,74,33,8,67,71,124,98,106,39,0,46,77,125,15,85,37,58,62,68,78,64,45,83,29,25,126,101,53,70,5,102,47,34,10,1,40,48,56,69,75,60,54,65,130,26,110,111,122,52,121,133,80,105,36,109,50,6,49,94,12,44,2,9,18,11
4,4
96,133,55,28,31,135,95,77,126,101,108,100,131,4,24,1,71,6,47,40,72,20,0,91,48,88,85,17,124,74,3,13,69,121,97,75,30,119,99,21,45,130,105,113,22,61,68,14,35,115,52,81,80,43,79,37,54,50,7,111,89,118,73,65,134,82,25,46,23,29,116,70,110,127,39,19,125,67,53,104,18,11,66,117,128,60,76,16,51,122,123,32,94,38,44,2,87,83,114,92,8,33,78,129,109,59,41,26,98,15,10,62,93,12,106,36,9,34,5,58,42,64,49,86,112,120,90,56,57,103,63,27,84,132,107,102
4,4
20,124,104,60,83,95,116,111,25,117,113,33,119,57,75,18,50,7,41,115,122,35,62,24,92,128,133,132,88,100,53,59,6,70,64,13,4,105,87,110,12,14,15,78,47,85,34,48,44,27,72,91,10,21,126,36,32,79,66,52,40,109,31,38,30,84,103,22,55,73,17,108,2,96,67,11,112,129,131,1,130,134,56,86,49,19,0,99,46,90,81,28,107,102,135,127,16,9,98,26,114,77,97,51,121,3,29,118,101,65,69,106,80,8,125,54,93,43,5,74,61,45,37,82,89,94,23,39,123,42,76,58,71,63,120,68
1,2
110,129,32,65,126,22,37,95,17,74,97,134,16,23,29,71,11,105,39,99,127,106,8,84,25,83,6,10,116,72,3,31,108,76,90,43,80,93,15,67,55,49,38,117,53,0,111,85,86,59,125,79,89,133,63,14,58,121,28,19,64,21,119,100,9,77,33,113,24,118,12,46,87,123,135,52,70,92,96,18,132,5,81,130,101,73,34,66,131,69,35,30,104,120,4,45,7,54,94,48,78,47,57,27,91,102,61,68,98,122,112,50,114,124,20,60,40,115,36,26,41,13,103,2,44,82,56,107,1,42,62,75,51,128,88,109
1,6
49,76,109,124,81,96,98,80,85,126,119,36,1,2,4,16,120,130,45,79,101,88,24,65,82,105,47,58,110,3,121,27,21,78,32,70,54,107,52,97,127,93,116,133,18,33,94,55,104,128,115,61,0,84,90,46,69,125,135,112,17,44,51,66,86,64,77,9,92,57,19,73,83,75,29,59,13,95,108,40,60,22,72,71,53,63,48,91,87,89,31,100,34,26,15,6,129,117,41,39,131,38,56,113,20,62,123,37,5,111,30,35,14,74,67,42,99,8,134,43,118,28,7,106,25,102,68,114,132,23,10,11,50,12,122,103
1,3
10,119,87,70,25,6,125,24,117,79,56,36,95,23,29,52,93,123,105,118,42,89,41,21,32,14,74,106,34,124,80,71,49,128,46,26,20,84,44,5,98,51,30,47,130,90,133,131,61,96,28,86,27,45,116,82,122,2,75,38,115,22,100,113,104,107,57,69,12,126,73,58,102,37,9,55,13,112,15,31,4,92,48,16,65,19,1,108,78,59,35,17,62,97,18,83,91,60,110,129,68,88,43,40,120,103,53,85,81,72,54,3,67,66,114,101,64,8,99,33,63,50,0,121,11,127,135,109,77,94,76,132,39,134,111,7
5,4
47,99,40,50,67,33,0,48,94,114,25,134,90,112,53,24,84,103,61,126,123,110,125,39,28,130,65,46,35,55,5,85,107,9,92,18,68,105,6,23,128,108,96,71,132,15,58,38,21,63,52,127,77,20,113,66,19,10,81,12,75,41,97,45,102,72,3,57,95,8,131,86,93,31,79,116,124,11,98,119,73,56,43,78,89,104,4,13,51,129,83,34,42,115,82,135,91,59,111,64,62,74,16,54,36,1,133,32,49,101,70,100,121,60,109,76,29,17,120,44,14,87,80,22,88,27,37,2,26,118,30,69,106,117,122,7
1,5
114,120,85,78,42,10,12,95,96,97,46,53,80,48,87,127,45,20,32,105,118,49,52,116,66,90,81,13,17,2,38,86,82,65,61,40,76,4,67,15,0,84,7,3,56,103,29,122,60,117,112,69,55,92,68,79,104,135,39,8,132,30,121,51,101,111,109,26,89,64,94,57,126,9,6,18,77,11,107,28,36,70,124,23,134,75,129,73,128,72,54,50,5,102,88,37,58,14,98,33,108,24,115,22,93,130,71,119,123,62,113,131,63,25,44,27,59,99,74,21,34,43,133,1,16,41,100,106,83,35,19,47,91,31,110,125
2,1
77,42,109,34,134,106,61,30,44,87,23,40,116,95,15,105,6,76,73,113,117,92,126,11,125,67,9,129,79,107,4,32,80,7,133,122,17,99,128,24,55,53,111,60,114,28,29,93,63,19,82,123,57,91,112,68,65,33,48,135,39,25,71,100,41,131,20,90,45,101,5,69,62,18,96,70,49,86,36,66,0,52,47,58,120,88,59,54,81,22,130,27,21,132,83,35,78,121,85,31,56,94,3,72,64,97,13,12,118,98,14,103,46,2,75,84,124,16,89,102,43,108,38,26,51,110,10,37,119,127,115,104,50,74,8,1
4,2
67,108,79,125,82,86,46,58,119,104,71,115,133,50,23,33,8,31,128,66,116,25,134,73,109,59,21,1,40,92,28,69,24,87,54,26,36,91,103,129,121,29,114,70,106,131,15,68,3,43,38,111,55,27,6,94,78,95,83,2,99,93,4,49,34,110,74,130,90,56,37,60,20,51,61,32,81,132,30,10,9,105,88,64,39,89,0,42,120,44,101,53,126,135,48,85,62,107,112,124,123,76,11,63,45,127,100,65,41,22,72,19,47,18,80,96,16,75,35,84,113,102,98,57,118,12,14,117,5,77,97,122,17,7,52,13
6,4
93,13,106,128,66,29,64,52,63,7,116,40,131,35,83,79,44,43,9,39,90,99,16,67,41,130,58,109,107,4,122,78,100,71,1,15,80,82,96,20,132,36,88,26,84,92,55,103,22,33,28,91,105,115,12,54,30,94,5,113,124,19,77,3,127,95,2,38,123,70,98,111,112,129,57,81,25,32,75,97,21,85,119,121,73,56,46,6,53,126,17,42,51,37,117,59,24,8,0,120,134,102,65,50,68,62,45,31,23,14,114,72,27,60,47,133,10,101,34,49,11,125,110,118,135,76,61,108,86,74,104,69,48,18,87,89
5,5
85,77,21,119,15,5,57,29,10,108,8,90,7,71,31,75,103,111,99,135,40,91,80,32,43,73,51,2,112,126,116,96,82,107,27,61,36,0,123,79,94,9,70,63,100,11,54,74,104,58,87,95,44,86,115,19,48,39,69,14,46,23,81,118,4,132,105,113,68,3,67,28,120,131,30,13,49,59,101,127,64,125,76,114,20,133,42,53,35,106,128,56,47,60,97,83,93,55,16,124,130,38,1,22,12,78,66,26,117,121,92,129,25,72,50,134,98,65,6,37,109,52,88,24,45,33,17,89,84,102,110,41,62,34,122,18
1,6
11,39,9,111,43,18,4,59,99,128,74,71,131,102,22,29,30,50,109,89,90,118,82,44,122,27,121,98,28,35,61,63,97,34,75,21,7,78,126,3,55,51,116,108,119,20,120,23,32,79,41,54,47,42,6,56,80,84,115,12,16,107,67,25,76,94,110,112,17,103,106,31,117,86,93,10,125,92,65,73,48,15,129,40,124,13,85,19,130,127,8,24,38,53,64,100,2,87,1,91,37,36,135,114,113,70,101,26,57,66,104,14,134,5,68,105,83,45,58,49,33,96,77,52,46,123,72,0,132,62,88,69,95,133,81,60
1,1
51,21,107,61,30,19,29,120,123,83,11,84,16,57,75,45,40,23,56,118,101,18,106,114,116,9,82,97,42,131,74,17,78,80,67,70,91,113,7,3,49,1,12,22,87,121,115,28,110,41,102,55,58,130,104,38,52,24,14,126,37,39,128,96,25,117,135,44,92,105,50,94,86,6,133,85,36,4,65,68,109,35,43,89,48,60,15,98,119,0,125,63,71,77,31,34,108,20,103,88,33,111,59,69,47,122,90,95,124,76,53,129,8,112,32,93,134,62,64,26,13,27,2,72,66,79,100,132,46,5,81,73,10,127,99,54
1,4
23,30,76,134,125,71,22,101,31,25,123,32,128,106,109,64,7,85,74,58,100,96,27,28,13,112,99,29,103,108,68,56,52,81,122,79,2,59,6,40,97,116,14,82,131,77,53,121,20,19,66,17,4,42,33,95,54,0,70,135,75,46,61,118,35,62,11,24,3,49,124,132,119,127,12,114,1,38,16,43,88,48,26,55,37,45,36,67,83,102,57,92,107,5,94,60,80,120,98,21,9,34,130,78,105,73,8,129,115,93,104,113,51,117,18,87,47,89,86,72,90,41,15,63,91,44,126,65,84,111,69,39,50,10,110,133
4,1
103,37,17,128,7,134,45,42,13,131,4,88,5,85,51,125,6,55,92,119,59,114,132,27,19,9,40,38,56,105,82,68,76,102,122,69,113,108,62,10,25,96,109,52,2,22,135,99,39,29,106,15,94,43,117,127,28,104,110,84,81,90,89,73,66,58,31,46,97,126,30,116,86,24,26,65,47,98,124,80,18,107,75,64,0,53,71,112,111,20,83,11,100,49,118,8,36,123,67,57,91,14,41,79,35,33,50,61,23,70,63,1,32,93,60,44,121,21,12,101,34,87,120,133,129,130,78,95,16,74,3,72,48,77,115,54
6,3
15,105,46,99,79,94,49,118,60,104,61,112,111,17,82,98,50,7,93,55,81,53,95,47,58,33,43,83,77,10,124,135,40,133,28,54,123,132,122,102,57,96,39,101,127,91,73,41,90,1,121,126,125,20,45,38,51,100,76,116,89,19,5,9,86,52,108,2,85,56,44,134,87,114,128,35,78,0,103,75,110,129,12,69,48,37,30,72,107,113,115,88,3,120,14,67,106,23,26,13,71,63,70,80,65,131,18,6,16,74,25,8,97,64,4,92,21,11,42,32,130,29,62,27,31,109,68,34,84,59,117,36,22,24,66,119
3,6
9,83,52,117,11,79,53,20,108,98,101,114,32,93,107,92,33,68,115,94,56,130,127,29,109,116,24,1,35,57,36,134,96,100,62,104,59,123,99,70,106,85,63,26,23,61,7,41,48,87,31,17,66,112,45,88,18,65,2,34,81,76,15,30,89,39,51,60,55,69,67,111,84,103,13,10,22,125,19,0,77,120,5,135,44,6,64,73,46,126,91,8,58,124,43,113,47,131,129,75,40,102,3,122,50,110,4,118,133,21,72,27,90,80,95,25,74,37,28,121,78,119,12,132,42,86,71,82,49,105,38,128,97,54,16,14
3,6
107,0,84,50,96,97,38,87,23,5,110,135,45,72,106,103,105,131,91,82,51,33,88,2,92,73,66,6,37,125,1,63,117,99,104,26,58,74,71,47,43,112,21,54,31,127,86,114,11,129,30,29,65,27,62,39,80,36,22,100,70,81,90,116,98,64,25,118,134,78,115,108,15,46,130,61,32,14,3,77,89,55,111,126,17,49,79,109,20,35,28,34,52,4,12,121,19,132,60,85,95,67,59,57,113,124,42,9,8,56,24,16,48,101,75,119,7,68,93,94,53,102,69,41,122,40,13,120,10,133,76,18,44,123,83,128
5,4
