51,115,98,134,56,101,90,70,18,53,82,111,46,84,57,128,102,41,89,64,44,1,45,69,43,100,119,17,109,52,27,60,29,10,92,95,76,36,125,28,112,66,20,34,81,12,39,88,94,38,99,131,132,59,129,4,16,63,77,79,123,62,78,108,73,19,96,74,26,14,31,55,13,48,15,122,83,22,54,72,118,121,32,8,42,21,105,6,23,68,24,40,104,97,61,5,133,130,35,120,106,127,65,86,33,25,117,9,80,47,71,67,91,11,103,85,2,124,50,93,135,87,114,0,110,7,58,116,75,30,113,3,126,107,37,49
1,2
19,132,106,44,133,77,75,104,55,76,36,50,74,81,8,27,28,6,102,41,72,29,96,88,39,112,32,110,11,69,33,98,1,116,66,134,87,13,71,100,3,34,127,42,52,38,125,20,124,129,109,24,118,40,86,135,121,120,65,70,48,17,131,58,2,68,56,128,63,107,94,105,18,43,5,54,99,22,84,15,111,51,67,9,93,108,62,82,10,57,130,35,122,61,60,53,113,73,47,59,78,103,26,80,16,21,49,14,79,115,7,117,95,37,23,114,45,119,83,31,91,25,30,0,90,64,12,126,101,85,97,89,46,4,92,123
6,2
7,131,53,12,39,17,93,9,63,34,128,114,32,62,119,61,113,4,50,85,29,28,104,83,23,30,135,133,92,33,71,84,106,0,37,38,118,117,105,11,126,14,96,95,80,68,65,127,1,112,19,81,26,100,49,77,47,130,27,91,86,20,57,48,10,89,64,59,78,40,16,99,25,82,35,111,120,69,36,88,55,46,8,132,97,102,121,125,67,21,72,41,94,22,134,45,24,42,103,31,87,110,13,101,3,123,124,2,75,54,109,73,56,122,79,129,115,6,76,60,5,66,107,43,15,52,116,58,98,44,18,108,74,90,51,70
6,3
127,46,58,60,6,48,31,13,105,77,112,128,28,76,125,11,90,41,32,104,85,75,116,71,84,118,45,36,100,111,124,20,92,15,97,34,110,42,7,24,123,117,131,53,27,62,130,56,5,38,16,94,51,68,3,126,73,55,29,87,59,86,119,64,129,50,91,109,80,108,89,70,40,132,74,121,44,99,43,4,72,22,17,81,114,14,19,120,106,23,37,122,35,21,79,2,134,30,1,8,52,82,67,78,12,101,88,103,83,54,135,69,93,49,113,26,63,0,57,61,96,98,9,18,47,115,102,10,25,95,107,133,39,33,66,65
5,6
28,49,99,74,84,8,63,56,62,134,106,5,125,100,109,45,110,94,20,124,72,126,44,59,95,89,117,76,53,42,7,102,15,81,54,85,58,48,88,98,16,14,9,32,127,129,43,71,39,130,46,97,122,91,34,70,22,66,65,118,68,105,12,24,79,38,19,104,78,93,121,29,112,0,31,135,131,27,67,77,23,61,18,101,52,40,120,123,116,82,6,103,37,133,86,13,107,41,3,83,35,47,119,51,87,60,17,10,26,132,96,80,50,108,90,25,57,115,11,128,1,21,36,73,55,92,4,30,113,64,114,33,69,111,75,2
3,2
114,92,32,73,103,34,50,126,59,72,63,118,29,129,101,78,40,98,120,35,102,10,23,113,81,52,39,57,71,122,60,132,37,36,93,0,61,48,107,51,27,64,7,128,9,82,55,15,13,135,100,65,68,84,5,26,117,115,110,67,70,104,124,121,96,77,130,99,89,86,66,131,33,133,22,12,69,46,88,74,116,25,108,4,125,8,62,42,112,14,90,49,123,30,44,91,28,95,19,3,80,56,85,75,17,11,106,111,24,6,119,38,2,1,76,109,58,87,134,45,83,31,20,54,16,21,47,18,53,41,97,94,105,127,43,79
5,2
58,98,9,108,38,30,97,116,15,118,12,131,37,56,13,50,132,46,29,20,109,66,81,125,63,31,48,32,90,36,113,119,25,120,67,80,96,54,126,123,75,2,134,62,47,33,86,78,49,22,35,4,95,3,61,93,5,11,51,101,102,91,84,82,124,70,19,76,64,39,17,94,7,60,40,130,21,72,14,105,83,34,42,28,41,44,122,10,133,52,69,85,59,27,43,16,112,57,24,99,107,45,65,135,8,18,127,129,89,77,87,73,74,110,6,71,117,100,88,111,104,121,0,53,79,114,115,1,55,103,128,26,92,23,68,106
1,3
21,130,100,95,36,44,30,54,107,84,69,32,63,90,23,27,86,110,125,28,38,46,88,60,5,51,87,47,117,93,22,78,4,1,94,96,45,79,72,68,26,128,33,104,118,35,97,133,15,10,29,83,70,106,113,24,109,111,50,3,34,6,25,74,56,89,98,57,81,135,122,131,134,9,76,20,119,115,49,124,8,39,11,112,42,92,31,19,75,43,40,67,7,53,16,105,108,17,82,55,101,102,103,65,48,66,13,85,91,62,114,41,0,59,99,121,129,58,132,120,61,14,126,116,37,77,2,123,73,18,12,64,127,80,71,52
2,4
119,124,90,19,97,66,110,78,113,29,95,121,77,40,72,53,28,82,61,24,92,39,16,65,76,5,52,105,25,135,112,79,46,117,67,20,89,57,75,106,123,103,12,86,101,73,126,134,51,60,69,102,115,26,80,104,3,85,9,68,94,17,6,47,22,133,44,118,50,21,18,128,88,132,81,43,96,129,23,84,54,64,10,30,127,2,114,8,74,107,48,98,42,87,49,131,11,56,41,13,33,122,99,35,62,31,109,63,120,45,36,27,130,83,15,91,108,37,116,14,93,1,71,59,58,0,125,70,111,55,100,38,7,4,34,32
3,2
57,30,99,4,132,126,107,125,104,98,31,40,5,115,119,97,102,44,27,9,15,35,112,20,43,131,95,36,58,37,19,53,68,23,6,13,73,135,24,74,82,51,62,88,18,116,77,106,87,127,52,94,11,71,42,114,38,124,32,122,1,92,39,49,47,54,72,90,123,0,65,118,86,55,26,117,22,64,111,10,91,21,69,109,59,2,63,96,110,101,8,105,79,84,80,120,113,17,46,12,75,16,50,133,25,66,100,108,78,85,60,14,70,130,93,3,45,41,128,103,48,76,134,29,56,33,61,81,121,7,129,28,67,83,89,34
3,3
62,135,103,0,108,84,114,76,95,20,133,60,23,57,2,131,111,112,80,54,25,36,56,27,6,29,97,13,90,58,118,8,71,63,52,113,102,99,120,122,74,1,59,37,31,39,7,38,116,107,91,22,9,105,82,28,15,129,30,79,55,67,86,3,85,19,47,93,109,34,106,66,110,89,53,119,32,134,115,69,73,124,130,92,51,104,5,121,68,64,26,14,46,96,17,4,40,128,61,70,123,98,44,65,125,94,87,11,127,81,100,45,83,21,43,10,33,18,24,35,49,132,126,41,42,78,75,117,50,72,48,88,101,77,12,16
3,3
68,52,9,64,17,78,28,41,22,114,15,103,120,12,112,10,126,71,31,122,34,76,72,29,111,5,99,91,118,119,58,2,102,14,131,109,23,54,1,95,89,11,96,47,130,108,132,100,77,6,67,124,27,94,16,56,61,93,129,59,33,80,40,69,90,7,62,98,32,104,8,110,79,13,134,133,38,113,55,4,101,37,106,19,57,66,39,115,49,45,107,3,125,82,50,92,48,20,35,83,25,81,105,70,24,97,128,87,42,123,44,63,21,74,84,0,18,86,85,88,75,117,127,53,30,135,116,26,43,51,121,46,73,36,60,65
2,2
0,62,44,60,105,86,76,33,45,51,93,17,18,73,42,40,88,20,36,130,100,14,43,133,79,15,119,13,71,95,120,67,34,132,28,77,47,22,110,135,125,54,90,4,58,72,49,108,16,63,126,91,46,94,39,2,128,29,81,134,26,35,37,48,124,103,1,21,74,3,101,123,117,66,80,10,92,89,32,104,24,85,99,75,38,97,102,9,111,31,30,57,82,83,131,6,59,121,115,116,69,107,25,27,11,61,98,87,12,78,70,113,129,109,127,118,84,64,56,68,19,23,50,7,55,112,65,52,114,53,8,41,106,5,122,96
4,5
76,111,53,71,41,78,92,93,57,59,19,100,114,107,4,131,126,86,97,127,0,124,123,132,14,67,79,96,128,70,52,33,26,31,9,103,75,130,112,69,8,56,48,34,13,133,17,94,43,101,28,62,7,81,21,115,105,77,54,3,35,6,68,91,104,46,89,73,99,109,80,25,125,42,50,18,129,36,102,87,22,51,49,39,16,37,10,65,5,120,82,74,106,47,90,45,95,64,113,98,83,27,135,23,122,58,118,44,2,20,119,63,134,24,32,60,30,88,108,84,116,121,85,1,117,29,61,72,11,55,40,15,12,38,110,66
5,5
86,25,63,82,79,115,126,62,109,132,30,120,102,123,4,40,57,133,93,23,58,46,39,73,6,35,1,51,90,110,60,71,59,37,77,98,8,17,15,29,97,72,52,122,75,13,53,12,70,99,103,16,101,55,74,119,65,88,106,67,100,21,124,32,85,36,10,11,112,47,91,107,14,28,64,117,48,111,44,130,3,121,89,81,104,95,50,78,66,125,116,131,108,114,26,61,2,76,54,87,0,5,34,24,9,45,134,94,42,33,27,22,49,43,20,83,129,68,127,128,19,18,7,96,41,135,69,56,113,118,92,105,38,80,84,31
2,4
88,90,68,72,122,45,25,35,96,71,32,48,53,115,46,4,113,120,11,6,54,80,2,91,111,95,110,123,8,21,103,16,83,27,93,92,47,119,78,125,33,15,1,30,135,19,79,124,98,20,59,24,97,77,74,67,58,52,56,39,133,17,84,70,38,44,73,104,99,49,29,85,86,112,100,107,3,64,51,40,37,0,63,26,101,23,134,81,65,121,60,106,12,114,61,87,69,57,7,105,127,109,50,28,130,9,36,75,18,116,31,76,43,117,13,108,126,94,41,14,55,22,66,82,118,34,131,62,128,129,89,5,10,42,102,132
6,2
76,58,74,4,86,135,51,133,72,122,23,15,80,79,90,8,116,5,112,28,102,42,96,61,24,13,6,49,120,63,14,73,16,64,30,3,26,114,53,124,65,93,69,115,1,17,91,68,47,9,84,10,111,94,32,34,33,45,125,18,67,104,59,134,20,46,92,100,99,12,106,27,119,85,105,77,128,89,101,39,107,130,103,132,95,81,131,88,87,118,98,113,56,108,110,109,117,83,52,75,70,66,127,37,11,31,57,123,36,35,25,62,22,54,82,129,97,44,0,48,55,19,71,21,29,38,78,40,121,41,7,50,2,126,43,60
4,1
90,78,2,79,24,9,128,102,130,50,27,34,96,94,59,19,70,45,135,54,60,33,99,58,48,112,88,91,83,52,40,89,62,127,18,1,7,104,14,124,5,0,73,108,80,43,110,126,69,106,39,6,29,35,57,118,75,85,111,10,47,119,81,3,120,74,131,93,97,65,22,101,86,28,129,26,115,63,38,55,116,13,53,23,49,41,31,72,15,87,132,20,21,25,109,105,71,107,133,76,134,123,92,67,114,113,84,37,32,122,68,61,42,121,56,51,44,64,125,103,12,117,4,36,8,16,30,77,17,66,46,98,100,11,82,95
3,5
122,93,114,1,115,0,121,21,55,8,92,83,41,108,72,3,13,9,105,129,123,14,112,54,66,96,84,10,80,35,85,45,76,127,79,50,31,134,90,34,95,109,63,113,118,125,53,73,33,133,116,25,16,46,23,135,20,131,97,56,32,47,111,88,75,78,71,94,119,30,104,36,19,130,98,37,38,120,110,62,27,49,67,89,6,51,17,52,132,11,29,86,70,22,101,128,126,77,12,40,106,60,57,28,26,107,82,64,99,103,7,42,124,48,65,59,58,18,61,15,102,91,39,5,44,68,81,43,24,117,4,100,74,2,69,87
3,3
65,13,29,37,31,43,87,26,94,64,9,2,96,30,27,21,80,35,45,57,12,109,73,81,34,16,113,84,107,19,54,128,51,115,40,7,10,86,24,60,8,0,92,74,75,135,85,53,116,72,55,70,114,14,39,127,62,18,61,77,125,3,5,97,132,102,119,133,126,88,112,82,122,98,38,106,99,71,124,134,78,76,123,33,95,118,36,28,20,129,41,121,130,93,56,48,104,58,89,66,69,120,44,1,42,52,117,23,103,67,11,46,6,108,4,100,111,15,63,49,17,105,90,47,91,83,79,131,25,50,32,22,110,68,101,59
2,5
119,4,26,100,117,30,67,116,93,71,63,88,91,73,40,59,87,35,110,20,6,130,51,3,0,65,61,21,22,83,52,25,45,121,102,123,68,10,38,41,42,53,28,60,112,79,131,129,14,95,76,115,114,1,128,9,135,72,90,86,16,122,126,18,48,57,120,108,64,49,85,39,27,75,43,97,92,104,94,19,84,31,133,80,7,46,5,70,111,37,29,101,44,124,127,69,32,66,34,107,2,118,13,17,109,132,54,23,24,134,47,36,55,62,58,15,77,105,89,81,96,33,12,74,82,50,98,11,113,8,106,56,99,103,78,125
6,5
95,68,85,123,119,127,93,126,66,55,56,99,79,59,40,50,13,30,70,27,117,32,124,73,69,128,81,17,97,133,25,11,78,20,26,45,86,87,61,22,35,80,34,91,24,65,62,38,130,92,111,19,114,83,63,129,37,109,64,96,89,67,46,28,107,131,90,0,134,71,101,14,122,29,47,120,102,7,100,41,15,54,4,121,31,9,105,112,104,16,6,10,12,57,36,72,23,3,98,132,118,5,125,103,2,82,43,77,58,110,116,49,8,84,48,88,115,52,106,44,135,33,53,94,60,113,1,39,21,18,108,42,51,74,76,75
5,2
129,132,51,11,43,4,57,117,79,134,104,10,94,70,110,114,86,50,2,55,91,44,107,42,3,28,30,131,96,126,130,95,32,12,33,112,37,23,41,15,72,34,124,109,61,8,56,69,39,21,27,116,105,135,120,64,9,62,26,16,47,127,111,123,103,6,87,45,98,89,108,63,106,38,1,82,29,99,66,25,77,125,24,100,13,68,83,101,22,18,53,119,48,81,133,121,58,36,65,88,76,71,115,14,40,75,93,7,122,35,85,80,92,49,118,128,84,113,67,54,19,59,31,5,102,20,60,46,97,73,90,74,0,78,17,52
2,3
132,116,99,105,110,10,24,39,102,111,72,51,53,91,82,16,129,27,80,74,106,112,30,26,28,41,42,47,66,64,55,95,11,0,56,130,15,79,100,19,33,34,78,131,21,67,37,31,135,52,35,17,115,109,86,9,20,49,88,50,122,117,127,89,84,61,4,5,22,25,68,70,87,58,81,63,44,120,14,65,128,36,7,113,40,118,12,43,94,96,38,114,46,134,3,18,32,71,97,108,1,29,83,126,62,45,57,93,103,2,54,98,92,48,123,101,73,13,121,90,76,60,124,23,75,125,6,69,8,104,59,77,85,119,133,107
2,2
43,36,135,86,28,45,23,63,113,79,56,33,5,66,76,42,72,103,53,6,104,64,67,62,20,29,7,122,73,30,11,115,108,25,98,69,129,48,65,119,44,16,49,95,8,74,37,68,31,22,87,85,105,15,92,2,54,24,70,34,107,40,59,90,94,77,57,106,14,26,19,128,38,80,134,83,71,91,4,12,88,35,10,130,93,18,132,58,55,13,78,124,0,81,123,97,100,111,112,133,3,126,114,131,50,41,17,39,51,101,89,1,46,52,109,27,118,21,110,99,121,116,127,9,102,61,96,82,47,117,32,75,60,84,125,120
5,5
66,30,102,117,94,37,27,62,87,72,92,20,83,107,11,7,59,44,115,88,32,86,23,0,48,46,51,134,131,74,55,84,108,100,19,9,97,118,21,17,116,25,10,129,61,57,101,24,120,122,110,3,124,35,45,130,34,54,119,127,104,42,49,36,93,22,60,13,105,128,70,133,38,114,16,43,1,14,99,80,52,50,18,15,81,56,106,28,113,125,135,5,78,123,12,76,79,85,89,63,98,2,31,58,67,65,103,91,47,132,41,68,71,96,121,77,6,111,90,82,33,26,69,75,95,126,40,39,29,109,73,8,112,64,53,4
4,4
115,103,10,64,125,122,76,3,86,57,49,19,42,46,101,77,89,59,102,1,108,55,13,71,53,127,6,38,123,22,91,40,54,33,97,78,100,112,66,62,26,5,39,128,0,17,84,109,65,27,44,110,16,106,35,56,58,24,98,4,113,36,90,37,45,121,34,82,99,30,18,52,132,9,25,61,133,119,32,21,94,104,41,72,129,131,50,31,93,116,68,69,70,117,118,7,114,73,85,134,15,95,51,120,88,28,75,29,126,48,63,83,11,43,2,87,23,67,14,92,79,130,96,81,135,60,105,124,80,47,74,107,111,20,8,12
4,5
57,77,31,86,71,126,75,13,103,76,16,131,125,56,89,29,34,12,27,40,79,51,87,8,39,2,10,85,41,133,119,42,100,114,80,35,115,106,122,68,91,94,129,23,88,53,111,109,15,134,116,93,26,55,104,102,123,78,117,132,0,38,6,74,121,108,22,33,72,47,128,84,61,37,54,30,28,24,81,70,66,130,107,97,52,64,48,17,83,46,4,92,105,7,58,65,9,135,36,43,120,110,1,3,45,90,63,96,82,18,127,99,73,19,50,49,101,59,112,25,20,113,60,67,14,98,5,124,95,32,62,69,44,118,11,21
1,1
64,95,52,119,16,59,51,32,109,135,42,58,111,79,31,65,128,44,66,69,38,87,60,9,2,57,114,91,62,132,26,3,7,107,74,40,92,68,43,112,14,130,73,35,24,113,108,55,37,105,70,22,83,115,54,49,27,82,98,97,125,45,21,13,41,86,77,25,106,90,15,100,101,124,76,50,75,122,39,129,33,103,104,34,1,110,18,94,120,102,93,89,117,12,10,46,29,56,118,19,80,4,84,121,36,8,126,81,116,47,6,134,30,133,78,23,63,71,99,48,123,0,28,17,85,131,5,53,20,88,72,67,61,96,127,11
1,2
95,112,58,32,131,60,22,134,79,111,68,105,26,75,48,52,133,121,84,124,34,119,16,13,9,115,74,11,123,114,0,49,10,97,50,65,62,82,42,110,78,100,126,61,12,71,129,90,53,27,30,70,31,17,81,66,43,132,85,1,117,36,91,102,21,92,125,5,35,122,20,56,77,19,57,28,63,135,93,46,107,83,130,64,4,73,6,106,127,47,3,76,80,89,67,41,88,39,94,55,23,51,101,99,40,113,38,14,44,54,98,33,86,69,7,45,128,72,116,18,87,118,59,96,8,109,108,37,29,25,120,104,103,15,2,24
2,4
108,85,70,102,21,25,100,73,66,38,117,22,125,121,115,124,40,24,4,104,93,109,127,77,112,114,103,96,16,34,84,119,37,46,131,71,133,29,134,69,58,128,126,83,67,135,81,72,92,47,90,61,57,122,17,50,75,110,51,88,62,64,39,118,99,60,48,52,41,91,31,130,44,55,59,6,76,116,11,98,113,107,28,36,95,82,43,87,111,49,94,53,129,74,123,80,18,5,30,78,27,14,8,86,63,65,56,9,33,79,54,105,97,120,132,19,3,2,101,15,12,7,106,10,23,68,45,26,32,20,89,0,35,42,1,13
5,1
4,56,26,93,59,31,36,97,88,27,55,7,130,32,8,111,90,13,49,47,22,133,63,128,85,119,115,79,89,62,42,74,135,82,66,12,129,131,15,118,34,17,76,2,81,77,95,105,5,37,110,60,108,48,87,41,113,29,84,61,75,127,86,64,112,107,71,3,103,33,92,14,99,40,96,51,78,39,18,132,70,0,11,69,24,1,53,125,10,52,120,106,102,80,43,109,38,124,9,68,28,6,67,101,104,21,94,100,114,123,126,73,116,45,20,25,50,44,122,19,72,35,91,65,30,83,57,98,23,54,134,121,16,46,58,117
1,3
125,109,85,67,127,23,16,61,55,129,99,126,6,128,7,5,65,37,31,28,117,39,104,57,4,9,119,82,103,35,52,46,12,51,56,76,115,107,114,135,11,87,93,66,24,98,21,58,2,73,84,111,50,106,41,79,110,10,18,113,63,100,15,91,25,81,54,88,101,3,33,74,1,44,121,102,123,26,22,90,47,8,131,97,62,83,59,96,77,68,30,132,45,13,70,75,20,60,53,134,42,27,48,95,0,34,94,17,38,49,116,78,118,43,120,130,40,71,32,36,133,14,86,105,124,80,92,112,69,19,72,89,108,122,64,29
2,1
116,113,30,18,40,70,84,85,88,117,97,109,87,11,29,126,61,44,12,95,9,123,79,89,59,0,127,41,83,62,103,91,21,108,15,98,31,81,6,65,131,94,119,3,101,86,57,105,14,106,53,71,128,10,55,107,34,68,118,8,39,36,38,26,13,63,76,25,134,104,124,133,32,52,48,112,121,80,5,17,56,60,49,77,130,19,129,37,22,100,102,125,24,33,46,82,92,93,1,132,35,110,27,120,64,42,4,50,54,72,67,111,96,51,90,115,47,2,58,28,122,73,7,78,75,74,66,23,114,69,43,20,45,135,16,99
4,1
94,68,58,124,75,116,55,19,60,91,20,31,54,51,50,106,78,85,39,24,14,105,102,6,115,74,67,76,121,119,44,52,108,117,123,63,130,48,13,92,98,47,42,23,15,93,38,107,101,7,33,135,65,18,5,25,56,2,73,100,86,62,49,4,111,69,80,64,89,10,81,95,9,120,35,28,103,127,96,32,36,114,41,72,133,88,87,8,109,21,129,82,90,84,125,70,57,61,43,30,1,53,71,40,3,131,126,134,112,99,83,16,22,122,17,26,110,46,29,11,132,0,128,34,27,97,118,12,77,66,37,45,59,79,104,113
6,5
123,70,129,20,12,22,61,98,84,65,89,46,69,3,117,63,93,71,73,6,101,97,21,14,78,56,128,83,112,34,18,74,47,35,16,115,75,1,77,45,66,32,110,68,133,116,10,36,55,39,2,19,131,103,85,111,31,26,4,13,126,28,125,24,79,15,0,76,42,106,67,119,135,29,27,8,120,127,72,95,40,134,62,9,102,100,44,108,11,132,57,23,94,52,48,87,54,17,105,92,104,99,109,91,7,53,96,30,25,122,38,49,64,33,60,58,107,81,50,5,113,130,86,90,41,59,37,124,51,43,82,114,80,88,121,118
4,2
118,9,34,112,26,35,114,40,29,0,66,130,49,104,128,32,129,59,122,108,81,90,43,68,131,80,111,33,4,69,11,3,31,105,126,13,110,1,107,82,46,42,12,70,115,79,63,61,77,101,135,47,15,125,54,113,121,93,44,20,53,8,7,74,96,109,75,85,24,94,2,132,84,58,120,123,88,51,6,91,76,30,27,95,86,5,19,25,60,28,37,134,99,23,97,133,102,39,103,98,127,38,22,78,117,87,100,83,57,17,124,41,16,64,21,10,92,71,52,65,48,119,56,36,18,72,55,106,116,89,73,45,67,62,50,14
2,5
86,49,17,133,63,101,38,89,107,40,3,71,53,51,70,106,100,96,117,46,97,81,2,111,127,82,56,35,28,113,122,83,34,92,110,32,24,78,58,104,36,134,73,27,13,1,54,6,33,64,128,61,94,15,130,80,7,44,116,68,45,12,29,103,115,20,8,55,37,21,25,126,48,41,135,99,11,50,120,98,5,118,95,87,26,85,76,62,66,31,88,69,52,16,114,102,108,121,79,93,60,119,39,131,43,91,23,14,74,65,112,72,47,22,18,129,84,0,42,90,30,124,132,19,57,125,59,67,105,9,4,123,77,109,10,75
4,3
9,40,47,57,86,94,59,115,2,64,41,119,30,53,83,132,13,39,48,18,70,117,8,89,81,16,76,21,93,100,111,130,15,56,120,73,75,109,108,23,131,71,24,65,101,11,20,37,58,31,36,10,128,26,97,42,134,84,54,19,1,133,122,82,135,67,35,102,114,88,79,80,55,74,123,66,46,61,25,50,72,49,22,29,126,112,90,32,85,121,4,0,110,51,87,98,33,106,68,113,52,124,60,96,38,107,91,34,104,99,125,77,95,69,45,78,43,105,62,118,7,6,14,129,103,116,127,3,27,12,44,17,92,28,63,5
5,6
79,45,7,21,65,78,100,116,33,81,19,121,41,50,59,120,71,40,54,125,111,46,105,102,74,64,51,84,123,32,103,34,70,73,90,20,28,134,61,129,126,57,112,38,49,13,66,47,77,42,85,0,69,26,82,97,119,43,12,117,27,29,80,109,39,53,113,67,76,135,87,108,15,130,36,37,132,8,44,62,98,106,104,88,94,16,22,48,56,93,60,83,92,127,35,55,11,25,3,68,2,5,18,14,128,6,23,107,122,10,72,133,91,1,75,101,110,89,99,63,124,86,115,118,4,17,95,24,31,114,131,30,52,58,9,96
5,4
32,47,127,31,126,13,65,89,84,114,85,110,7,133,25,60,57,83,29,12,3,117,46,5,121,18,52,21,10,54,132,102,48,6,16,45,90,33,100,92,88,66,116,37,75,0,17,50,59,82,99,76,79,28,118,112,135,131,22,81,9,58,73,53,77,129,111,115,105,30,34,86,134,130,80,96,19,43,94,26,128,104,69,108,42,44,55,39,78,93,67,40,98,123,2,101,87,91,97,35,38,95,119,103,49,68,11,62,106,8,56,61,41,15,4,36,51,120,27,20,122,1,24,74,113,23,64,125,63,124,14,71,109,107,70,72
2,2
92,57,50,3,41,66,43,12,97,85,44,25,113,107,133,79,17,99,128,123,21,42,72,112,120,34,80,67,9,27,95,38,15,40,1,102,53,8,65,13,100,63,48,93,109,77,19,46,18,33,135,20,86,119,78,23,127,87,76,122,45,16,103,118,5,51,28,88,129,54,0,31,74,61,110,14,84,7,105,117,71,73,121,64,106,94,36,11,104,52,90,70,26,125,68,114,75,29,59,111,116,24,126,32,89,130,98,39,10,30,6,131,60,49,82,37,58,81,56,96,55,108,91,134,115,101,62,124,47,132,35,69,4,2,22,83
4,1
68,87,75,28,8,3,107,49,132,58,19,31,102,130,15,123,29,70,6,4,14,26,71,20,122,47,64,112,5,77,7,120,105,1,90,117,106,44,89,18,59,111,45,48,27,55,114,101,84,62,54,97,115,72,134,110,61,108,104,41,30,109,53,38,91,42,23,118,35,52,119,85,81,133,0,13,40,36,88,66,11,93,63,17,99,100,65,51,16,43,9,37,128,78,103,125,95,113,80,86,34,21,67,96,121,79,12,73,129,82,39,50,74,56,25,126,46,124,10,98,60,32,33,116,94,22,92,57,127,131,24,76,2,69,83,135
3,2
22,129,9,15,109,103,18,101,12,125,10,62,13,45,132,34,118,77,37,82,71,74,87,31,98,46,14,113,21,130,54,90,3,7,116,102,106,99,100,68,25,84,26,73,92,65,52,61,57,29,16,110,35,120,67,70,117,38,6,40,49,86,122,53,93,64,66,94,51,81,27,124,4,28,8,20,41,47,89,2,50,128,114,33,97,36,126,111,17,127,78,108,0,43,24,19,133,1,105,58,88,83,23,79,5,60,59,85,75,91,121,32,119,80,72,44,134,96,56,55,131,42,48,123,30,115,11,135,95,107,112,69,76,63,104,39
5,4
10,15,94,12,86,128,17,56,55,45,110,88,38,57,82,109,135,37,127,107,50,35,117,69,19,40,28,76,34,3,134,93,123,92,116,63,118,60,26,104,11,7,121,122,130,16,125,103,54,106,89,108,25,91,0,1,132,95,52,31,100,97,75,80,81,4,48,49,68,22,61,59,13,14,9,111,8,58,90,47,87,64,102,113,53,112,46,51,5,20,114,41,21,101,27,24,71,73,67,120,78,124,105,79,30,33,42,44,119,129,29,72,99,126,98,83,43,62,133,131,18,65,36,70,77,39,6,32,74,96,66,2,115,85,23,84
1,6
64,88,26,92,78,114,127,73,81,123,15,75,130,39,90,8,9,44,100,74,22,29,58,61,3,122,95,66,72,50,18,99,37,98,124,2,97,82,51,19,126,71,34,13,60,38,112,24,69,101,105,14,45,0,85,59,63,109,86,20,111,77,129,125,104,115,46,80,93,79,70,121,108,107,12,133,30,52,41,96,116,28,56,33,7,117,49,25,57,106,6,103,110,35,89,1,31,43,11,118,83,135,32,67,131,119,87,53,23,128,113,16,62,47,17,40,36,4,21,10,94,120,55,84,76,102,68,27,132,48,5,54,42,134,65,91
2,5
43,44,27,61,8,133,117,113,73,107,81,60,111,124,49,122,105,53,67,46,17,86,28,128,9,102,109,84,11,38,134,121,55,130,115,21,36,70,108,83,1,41,50,0,79,80,104,85,88,78,48,37,68,59,6,69,2,10,101,72,24,33,25,94,93,3,29,26,39,18,89,96,54,123,58,127,66,76,31,32,23,47,35,110,4,13,14,135,112,30,51,65,103,114,77,95,99,125,132,62,75,129,19,97,74,116,20,22,40,87,82,12,63,126,56,119,34,52,131,91,45,92,90,15,98,7,120,106,16,42,100,71,118,5,64,57
2,1
40,90,15,60,6,112,135,59,78,79,5,131,36,103,118,24,99,20,111,45,104,107,122,61,17,119,56,93,105,33,7,37,85,86,92,1,76,8,124,49,67,28,31,58,113,27,127,87,128,23,4,47,81,13,9,91,30,109,51,69,21,134,74,44,26,125,38,82,53,116,39,12,126,34,57,95,102,110,46,101,77,88,32,29,71,115,18,14,11,121,16,10,35,132,43,133,94,48,52,98,55,25,89,84,3,66,64,68,108,114,100,2,41,19,0,83,73,130,42,65,70,129,120,80,97,117,75,54,62,72,106,22,50,123,96,63
6,3
89,19,33,81,105,110,61,118,103,66,87,3,27,116,84,63,79,59,11,99,69,25,21,57,112,127,70,92,122,113,134,50,32,52,55,78,67,101,120,49,65,119,75,91,35,14,34,8,17,74,123,45,2,133,26,88,114,9,37,54,39,132,86,60,135,100,53,108,42,1,38,12,102,29,47,23,121,95,30,51,98,73,58,107,64,13,46,7,68,72,94,71,115,6,10,83,128,131,16,5,31,43,130,111,62,4,44,77,117,18,40,82,124,125,48,41,90,109,22,28,85,36,129,97,20,93,15,126,76,0,104,80,24,106,56,96
6,6
63,49,31,15,88,109,101,48,70,128,51,24,58,23,9,0,43,119,97,4,69,65,38,67,121,120,45,28,124,102,21,72,95,2,19,8,6,11,18,44,22,66,39,98,79,59,89,99,87,27,129,52,53,134,1,55,54,75,36,86,107,132,57,26,40,122,34,125,47,90,85,126,80,118,5,29,113,82,103,83,91,12,114,117,14,56,35,94,92,73,68,41,17,112,84,32,33,123,104,93,42,7,127,50,133,76,64,105,116,74,96,60,71,115,135,108,16,20,46,130,13,30,77,106,25,3,81,100,61,111,78,62,10,110,131,37
1,5
27,132,134,36,116,29,92,32,48,123,49,78,130,74,121,20,68,131,22,64,39,21,113,86,102,80,81,19,40,73,0,58,110,83,25,43,88,108,97,66,65,96,85,101,125,10,129,31,8,30,11,120,13,28,87,84,76,109,1,2,15,93,57,82,75,67,135,55,70,35,5,124,63,42,100,34,133,46,38,3,94,107,111,4,122,115,17,77,103,127,14,50,95,91,53,7,71,9,89,16,119,61,45,12,51,24,33,56,62,117,59,112,98,37,105,26,52,41,69,47,90,118,126,6,79,104,114,128,23,72,99,106,18,60,44,54
2,3
90,43,7,12,71,47,74,18,128,121,39,91,110,120,109,61,104,9,108,32,2,95,127,79,10,11,49,93,100,98,107,119,56,77,67,30,55,78,113,70,14,68,69,0,88,123,31,26,125,54,64,86,34,75,131,58,115,16,21,53,45,134,73,124,50,25,41,35,8,20,117,37,80,22,135,65,122,1,60,105,83,101,130,44,36,116,59,87,96,133,126,111,23,84,62,129,15,48,112,6,76,13,85,46,118,4,5,51,92,103,42,29,63,106,82,24,114,27,94,99,81,97,52,132,57,28,33,66,40,89,19,38,102,17,3,72
4,5
100,75,76,131,119,135,30,125,83,33,118,124,122,63,128,48,114,95,47,13,66,72,69,91,12,7,92,21,51,28,46,25,78,127,82,0,68,86,123,96,22,102,97,87,62,19,113,35,88,134,116,27,98,60,117,50,11,77,44,17,57,106,84,10,107,74,129,52,126,56,5,45,81,105,40,110,93,79,130,132,104,70,20,112,89,18,37,29,3,90,1,8,39,53,23,115,85,67,31,4,109,49,99,42,58,121,16,64,71,41,80,43,103,59,108,38,15,61,2,36,133,54,32,65,34,6,9,55,73,26,111,14,94,101,24,120
5,1
109,54,135,69,40,29,106,124,60,39,104,81,100,103,2,67,36,52,128,16,83,32,23,48,33,9,94,30,64,42,125,50,31,47,116,26,55,56,122,120,22,74,15,133,71,78,38,121,132,95,105,41,131,101,3,134,77,130,115,96,58,97,18,126,72,80,90,25,65,110,119,82,10,8,45,20,28,79,7,99,37,21,12,46,68,53,88,24,66,44,91,11,4,51,73,86,34,63,14,92,98,5,62,118,59,43,108,76,84,127,0,17,123,129,75,112,6,35,57,89,102,70,13,111,49,1,27,114,93,113,85,117,107,87,19,61
6,3
76,47,63,15,123,72,80,126,128,83,118,89,56,90,48,112,77,10,120,43,124,32,1,94,45,52,24,86,69,53,96,38,115,129,26,55,116,110,65,79,85,44,14,74,16,36,5,23,21,64,113,132,22,57,105,66,101,6,7,73,135,18,33,107,11,28,131,125,17,103,99,59,30,60,8,46,41,50,84,75,58,27,100,82,67,114,127,25,102,0,29,134,34,122,51,78,68,130,91,92,35,117,106,93,95,97,39,3,40,42,13,49,87,108,31,37,4,121,70,54,20,98,133,61,109,71,2,19,12,62,81,88,111,104,119,9
2,3
64,8,31,28,80,70,6,89,20,98,109,124,92,134,41,52,113,25,4,106,21,66,48,110,103,85,125,38,18,76,17,62,63,57,91,131,33,44,0,127,115,121,87,129,29,54,10,104,97,114,45,1,61,83,27,2,102,67,43,78,42,12,135,7,3,118,14,117,56,9,59,120,94,55,16,72,75,40,36,128,15,13,23,96,32,126,39,116,81,130,50,95,34,90,58,22,93,65,26,111,86,49,37,60,100,119,132,107,5,30,53,123,71,74,99,112,19,47,73,122,69,101,79,11,46,88,108,24,68,84,51,82,133,35,77,105
2,6
99,34,129,56,71,64,10,44,97,95,54,73,48,133,74,103,62,116,101,93,45,86,113,17,6,85,100,91,72,4,80,130,118,50,98,112,36,21,57,104,108,67,61,134,30,47,41,18,24,69,88,81,2,92,109,96,115,43,46,25,89,120,127,131,20,132,121,19,114,75,63,106,53,16,60,111,9,76,77,23,123,87,82,28,39,38,27,110,40,94,119,78,107,33,26,68,59,102,8,29,7,42,35,31,125,126,1,51,3,5,58,11,22,117,15,12,135,83,79,70,84,124,49,37,55,0,65,90,32,52,14,105,66,13,128,122
5,4
43,32,79,5,127,77,57,44,6,71,49,12,100,17,123,121,35,27,33,56,85,95,120,93,63,61,15,46,26,122,83,24,116,115,96,119,47,74,10,99,105,37,92,48,102,128,125,101,91,21,55,45,50,13,40,58,19,59,97,90,84,25,109,30,124,73,4,117,70,39,14,131,36,53,133,3,62,72,54,65,112,113,114,42,11,110,7,103,38,66,67,82,16,81,94,18,41,80,9,1,107,132,68,135,29,69,75,104,23,2,28,87,22,20,106,89,126,60,134,78,34,88,130,76,98,129,51,8,86,52,64,31,0,111,118,108
4,4
58,104,91,17,95,24,81,108,5,43,114,121,111,90,99,105,116,79,14,65,39,61,13,60,66,21,100,4,62,134,32,131,132,135,89,69,47,87,76,84,67,37,93,103,27,85,124,54,55,10,102,22,125,25,96,34,35,64,33,119,50,128,88,16,41,51,15,3,12,92,118,109,48,82,68,49,8,36,20,112,122,46,72,113,6,56,38,130,117,63,97,115,0,26,80,57,1,77,44,31,53,86,30,23,94,2,101,78,29,70,59,11,45,71,18,126,106,75,120,74,7,98,19,73,123,107,129,110,42,52,28,83,9,40,133,127
1,4
38,30,53,128,122,39,40,6,97,78,94,101,73,18,113,26,109,120,37,63,14,31,93,86,91,110,84,125,127,21,68,132,48,103,83,133,119,55,99,77,32,0,27,1,89,59,52,12,130,34,106,4,3,75,58,65,115,7,47,41,25,19,35,50,8,72,56,42,81,69,61,22,33,135,70,16,60,79,85,17,107,117,46,121,96,5,82,112,134,9,54,36,20,80,102,118,123,64,66,90,71,92,116,129,10,131,28,45,124,111,100,74,104,67,62,108,43,114,105,44,11,98,24,87,23,29,15,13,126,49,57,76,95,51,2,88
4,4
135,40,12,1,18,28,49,87,104,91,118,42,95,102,83,121,16,25,70,89,130,22,76,0,108,74,112,116,3,32,15,115,90,60,125,21,20,48,97,80,57,82,85,131,100,4,34,79,37,134,51,105,50,33,27,73,106,30,19,58,123,67,103,14,6,132,119,38,52,114,129,7,36,110,11,72,124,41,111,86,75,10,126,77,35,63,101,133,88,98,55,62,66,9,24,93,39,84,54,59,23,8,47,46,92,96,69,56,113,99,45,94,17,43,109,61,78,71,26,53,65,120,44,127,107,128,64,2,29,81,117,13,31,122,5,68
2,2
72,88,102,74,27,119,38,36,8,58,3,84,29,124,35,51,53,1,56,115,117,52,60,63,26,39,33,70,68,40,135,48,94,116,110,134,106,42,104,65,21,129,89,7,86,47,103,105,78,18,125,121,133,92,132,46,69,123,13,83,25,93,54,99,6,95,67,79,20,43,41,75,80,82,73,100,31,22,44,112,71,120,4,19,2,14,122,130,114,34,77,9,96,50,131,128,101,87,109,81,15,118,113,59,90,64,24,49,57,85,62,76,23,66,98,111,45,32,0,91,30,127,107,11,108,12,17,16,10,126,61,55,37,97,5,28
1,3
2,57,109,66,73,98,122,80,120,56,34,27,93,38,3,102,53,41,11,113,25,36,134,101,48,64,76,103,42,115,95,108,85,90,72,45,86,130,94,81,71,18,50,55,6,92,77,110,0,112,61,24,133,79,128,13,7,17,127,51,91,125,106,97,47,131,22,65,83,117,9,21,8,16,15,35,37,59,26,111,116,19,12,121,54,99,78,119,104,4,33,84,100,67,70,74,87,82,69,60,135,30,63,88,40,10,105,123,31,23,68,114,62,29,28,49,107,58,44,43,46,39,89,32,75,124,20,14,132,52,129,126,96,5,118,1
1,1
23,17,119,58,125,82,116,76,88,84,107,102,103,47,57,65,101,117,46,129,118,96,56,62,22,104,15,66,3,43,100,64,79,18,124,113,133,55,42,135,109,69,73,11,114,83,2,87,35,24,81,1,10,51,93,95,75,122,89,32,90,39,29,134,128,49,91,111,9,72,99,41,8,13,60,106,97,44,77,50,131,130,105,25,19,71,5,85,121,38,112,48,70,68,27,31,54,4,78,21,33,63,94,98,110,74,45,0,80,120,123,28,7,20,92,52,26,108,126,61,40,37,34,127,36,30,14,6,53,59,86,67,115,132,12,16
3,6
8,10,88,66,121,20,24,109,99,110,128,11,67,135,32,1,73,83,89,81,63,57,41,112,69,104,4,0,130,118,64,62,68,91,85,38,22,131,107,80,33,55,111,76,106,87,19,9,59,77,126,72,7,47,48,133,74,58,40,39,27,120,132,12,94,100,28,134,29,5,97,61,30,54,127,117,60,95,103,52,50,96,108,122,113,37,23,114,129,44,34,26,71,101,42,105,75,119,123,98,56,31,21,84,51,16,43,86,36,78,90,6,14,18,45,102,82,124,115,53,93,3,15,125,35,49,92,116,13,46,17,79,25,2,70,65
1,6
79,33,92,125,131,128,5,37,55,21,56,95,42,46,60,70,58,38,108,81,64,112,13,59,109,54,127,118,22,44,49,20,66,27,110,107,17,35,98,101,106,129,28,132,47,2,72,68,53,48,135,86,102,113,105,100,15,14,40,130,74,91,8,93,12,120,31,80,4,36,87,63,75,104,25,7,84,121,78,43,24,77,3,30,115,73,114,34,19,57,124,90,76,45,119,83,1,67,123,85,134,6,103,61,69,0,32,9,94,89,16,111,41,133,52,117,39,23,96,126,62,29,10,26,99,51,82,122,18,65,88,50,11,97,116,71
3,1
46,128,63,76,124,39,49,92,28,56,94,133,122,70,45,110,14,73,19,100,25,54,13,12,95,47,81,93,7,84,38,115,11,1,16,109,17,8,90,71,37,78,31,132,24,125,27,77,48,62,113,112,96,18,99,108,134,131,135,34,121,53,123,58,40,52,6,127,98,80,66,97,106,5,67,9,30,15,87,20,105,79,23,89,61,102,65,43,114,88,86,10,75,103,117,57,116,64,4,74,101,129,126,51,130,104,68,26,32,44,85,41,55,35,3,33,36,83,107,42,82,60,69,118,120,119,29,22,91,59,0,111,72,2,50,21
5,1
5,86,15,44,53,63,46,129,123,79,18,101,70,97,69,1,26,99,72,10,133,120,124,96,51,28,58,108,35,125,84,43,131,55,98,117,93,36,2,20,64,114,135,130,0,33,87,75,14,119,128,73,92,22,52,41,102,12,16,113,81,50,3,21,74,88,60,47,4,19,42,115,94,48,89,112,25,82,31,127,85,24,118,67,105,91,54,107,134,132,27,65,104,9,45,80,62,90,100,34,30,6,83,23,122,111,8,29,126,76,109,39,13,57,103,7,95,66,32,17,110,49,71,78,11,59,37,68,56,61,106,116,40,77,121,38
1,5
81,76,29,80,37,24,39,61,55,98,70,78,27,97,125,122,36,25,118,84,34,64,119,26,57,120,92,95,30,16,108,104,105,42,58,48,38,101,85,93,131,117,90,127,50,40,6,75,67,54,4,107,109,53,46,133,56,41,99,79,9,94,43,116,13,68,31,86,44,32,35,2,14,69,0,47,5,111,23,28,51,66,20,63,8,7,22,3,52,114,126,18,106,49,21,132,77,91,62,83,17,65,12,45,74,121,15,33,124,11,134,60,115,96,88,128,112,19,72,130,113,129,10,59,1,123,87,73,110,103,82,100,102,71,89,135
5,2
60,47,119,14,64,31,88,15,38,85,132,131,106,92,110,79,5,74,3,90,107,32,34,59,19,113,126,48,40,103,26,27,25,35,121,61,30,23,76,102,77,29,116,68,97,105,37,135,100,49,96,127,73,33,125,22,104,133,67,53,50,21,51,89,17,72,62,84,101,45,83,10,18,95,63,98,0,117,11,130,128,124,75,109,57,9,42,118,122,4,6,94,28,115,108,65,80,111,52,120,43,24,112,36,20,13,70,8,91,114,12,123,99,134,81,69,58,87,129,1,2,7,46,39,56,93,55,82,54,71,41,86,66,16,44,78
3,3
98,100,16,134,34,54,60,113,32,4,130,66,42,56,114,95,12,80,135,85,75,17,27,118,111,128,62,46,83,44,58,120,50,14,127,89,11,2,55,125,31,29,109,51,59,102,57,36,124,13,91,30,76,47,25,43,5,77,70,35,96,64,94,7,112,24,0,99,92,41,79,97,8,116,33,69,93,72,126,39,101,105,132,117,21,106,103,88,133,129,74,73,3,110,123,1,49,68,65,84,78,53,131,40,81,87,45,82,20,63,90,121,52,23,115,38,86,22,18,67,26,19,37,10,122,6,119,61,107,108,28,9,104,48,71,15
3,6
67,126,91,78,2,102,68,123,6,5,9,36,40,45,13,48,31,66,59,38,104,65,97,20,125,15,27,132,79,8,122,135,114,34,49,25,85,75,19,37,127,62,100,1,111,76,42,39,58,130,69,124,133,23,21,93,7,22,81,109,101,119,80,10,30,110,87,92,54,71,0,99,107,118,131,29,44,33,46,96,115,16,52,60,82,43,63,95,120,86,108,116,4,77,18,24,105,73,121,14,61,90,72,89,88,94,134,117,128,12,70,50,17,51,64,53,56,74,113,3,55,32,26,103,41,84,47,83,28,106,35,112,98,57,129,11
1,2
93,9,133,90,108,81,94,18,1,57,32,106,79,87,30,127,128,13,20,118,119,129,54,48,97,17,112,88,16,82,53,28,23,69,134,72,68,70,73,19,66,37,55,2,75,10,116,105,4,64,130,56,135,107,6,86,22,100,77,21,61,95,65,98,113,34,0,36,43,50,91,114,80,38,5,41,122,110,76,58,92,115,74,101,121,24,33,40,84,47,109,132,83,52,14,102,26,46,111,96,59,103,131,35,15,39,89,31,29,120,85,44,12,67,117,126,78,123,104,62,49,60,25,51,99,45,63,11,71,42,3,124,27,7,125,8
5,6
33,64,91,62,68,56,133,105,117,34,121,71,78,20,17,102,127,23,13,59,115,77,61,44,0,41,53,54,69,9,12,89,18,1,52,106,35,42,98,6,32,63,50,8,129,58,113,126,30,125,99,76,60,100,47,95,87,2,51,110,80,111,73,11,27,10,75,72,85,22,3,45,26,81,79,19,15,24,97,116,82,108,29,28,88,40,5,55,70,120,43,104,74,65,124,118,94,101,103,130,112,57,16,37,49,4,84,83,122,119,67,128,39,134,38,36,66,46,96,90,21,123,25,114,92,86,132,109,14,48,107,135,31,131,7,93
4,6
40,106,43,36,75,12,104,96,80,70,0,81,56,20,66,83,41,3,89,50,77,117,78,130,31,48,27,128,25,73,85,58,67,51,65,6,87,72,135,52,133,64,11,105,24,1,23,44,17,88,57,32,97,61,129,55,111,86,19,33,132,122,13,108,18,46,103,59,2,79,134,37,120,8,107,54,42,95,28,35,90,7,112,119,99,68,91,102,74,98,124,109,127,82,69,22,29,14,39,53,100,121,26,76,49,9,47,123,63,101,118,110,94,113,15,10,125,38,60,92,30,4,5,84,116,45,71,131,21,114,93,34,62,126,16,115
5,1
9,127,67,38,91,28,82,129,20,37,54,13,78,95,27,43,30,105,76,87,122,55,53,125,79,21,6,58,5,104,109,14,90,94,0,57,115,1,17,84,118,49,114,98,8,74,117,65,40,96,102,47,46,77,4,50,92,63,68,134,12,97,56,135,59,99,35,33,69,89,119,110,83,3,32,41,45,39,52,23,71,31,42,103,107,72,62,123,106,131,2,93,24,100,64,18,101,15,25,75,44,130,26,61,34,85,48,80,111,36,7,60,112,86,73,88,108,81,133,70,16,121,19,126,51,132,120,11,116,22,124,128,113,66,10,29
4,3
56,105,50,39,6,38,37,120,13,35,132,58,100,129,80,10,128,36,122,62,67,45,112,95,12,94,115,87,33,108,116,114,61,24,102,65,40,69,4,19,2,34,51,109,30,70,29,131,86,52,54,16,88,118,11,57,63,103,92,117,113,110,31,119,66,83,133,91,93,104,134,41,72,123,97,26,89,55,43,53,64,96,1,78,23,0,27,48,79,74,82,8,77,17,14,98,59,47,46,125,107,90,15,84,9,127,60,101,106,124,73,32,42,75,85,20,49,121,7,76,3,5,21,68,44,130,111,126,71,81,18,135,28,22,99,25
6,1
8,98,40,64,85,93,68,131,103,82,105,59,2,38,74,69,125,112,22,106,53,58,77,62,39,52,133,29,6,9,36,94,78,24,128,79,126,124,118,17,5,86,104,70,110,57,97,123,61,101,41,35,119,107,90,127,44,27,46,116,122,47,56,42,49,31,88,130,55,30,11,50,75,51,96,83,129,108,16,72,12,1,67,65,26,113,73,3,76,80,48,37,18,34,120,121,32,0,117,21,54,63,87,89,33,91,19,28,45,60,13,25,114,92,20,84,115,81,10,132,71,134,23,100,7,102,43,15,4,111,99,14,66,95,109,135
4,2
129,122,29,68,48,103,19,1,100,94,57,44,67,3,112,86,124,25,23,97,83,18,134,104,96,51,49,33,2,14,50,9,28,87,105,101,121,76,34,110,22,89,111,6,119,99,106,84,93,38,62,102,109,7,115,8,40,128,118,74,63,42,125,26,45,54,66,43,131,120,58,17,20,0,39,81,13,88,46,70,60,65,27,61,85,90,82,79,132,47,55,30,113,80,36,69,64,95,91,78,35,133,92,12,59,15,108,52,123,53,114,31,73,24,56,126,117,11,127,5,72,116,32,10,130,71,37,21,107,16,4,75,41,77,98,135
2,5
31,6,8,15,41,94,21,92,57,29,38,76,65,4,134,102,96,117,30,26,82,127,34,50,42,9,39,90,78,81,22,7,105,106,46,25,69,113,104,91,54,122,45,115,63,101,1,120,36,126,12,124,108,62,47,71,128,97,55,19,80,83,110,132,28,44,111,84,109,93,49,64,89,73,53,3,48,17,70,85,79,99,56,58,118,112,130,77,72,107,10,103,20,88,61,125,135,52,75,74,59,87,23,129,24,33,13,35,67,5,32,11,18,123,133,119,37,131,116,40,2,86,27,14,114,121,0,100,16,98,60,66,95,43,68,51
2,5
37,50,117,59,75,70,46,124,4,82,45,116,24,95,48,101,127,58,76,118,41,74,115,125,100,94,25,71,15,27,2,7,57,21,88,29,44,78,134,31,77,26,61,20,110,113,130,19,68,11,55,22,69,43,28,90,96,93,84,49,52,107,98,17,133,1,92,128,112,36,73,81,30,8,123,109,65,47,23,72,33,129,35,80,38,85,42,12,83,14,5,87,126,105,104,108,131,13,9,62,120,6,0,119,103,40,132,3,91,67,99,10,39,63,16,111,135,106,97,89,79,51,60,18,53,121,56,122,102,64,66,54,32,114,34,86
3,6
99,85,107,127,117,10,68,20,73,132,124,6,62,77,64,13,105,28,12,135,0,116,1,31,70,11,58,90,125,89,128,52,54,60,118,82,49,113,115,95,32,79,111,9,47,21,23,110,44,121,91,46,66,129,26,40,61,123,75,102,131,122,53,38,83,7,17,18,103,134,88,109,48,4,84,42,5,133,78,63,65,30,112,92,16,2,119,29,98,130,55,33,57,56,101,22,80,93,34,51,39,114,37,3,19,43,67,35,100,76,15,36,108,106,59,81,104,27,97,71,96,87,24,45,14,72,126,8,86,69,94,50,74,41,25,120
5,6
13,71,131,76,119,126,78,130,3,27,123,114,102,9,90,112,26,106,66,29,31,7,113,39,110,134,111,18,109,60,56,85,1,64,16,12,65,105,133,54,68,15,101,42,89,99,57,4,92,36,33,121,117,0,41,93,59,46,58,11,49,128,98,73,81,61,48,108,20,51,75,127,8,43,95,70,97,22,38,104,2,94,24,77,91,83,35,84,28,40,107,100,120,34,62,25,87,10,115,74,19,86,30,67,96,44,50,63,21,124,79,47,103,72,53,69,132,17,135,52,116,32,6,118,45,88,129,125,14,23,5,82,80,37,55,122
2,6
52,113,79,118,134,42,115,39,28,33,22,91,106,90,120,63,92,78,60,20,6,83,116,18,1,56,61,15,54,27,4,132,108,131,57,75,45,11,2,88,89,12,103,65,43,121,87,112,117,72,71,67,110,94,0,5,130,82,109,53,31,107,100,32,122,76,68,16,77,81,49,58,111,25,55,3,84,29,105,14,9,123,66,26,62,102,64,30,99,129,50,119,40,24,21,80,125,101,126,135,48,34,19,133,38,46,69,37,98,13,97,7,44,114,93,51,85,127,8,70,36,23,74,17,95,124,47,96,35,128,86,104,59,10,73,41
4,2
8,35,31,82,101,84,73,76,88,56,83,9,16,25,50,7,69,116,55,124,27,49,61,68,15,78,107,72,81,22,5,127,34,48,60,117,122,38,100,132,114,89,58,104,125,47,112,6,26,0,102,46,24,54,2,95,32,63,128,44,1,109,113,118,97,74,96,133,80,42,91,126,62,131,92,71,37,121,79,19,129,41,67,110,57,53,77,10,43,99,130,17,13,3,11,70,28,12,98,66,4,75,59,23,106,111,93,85,30,94,120,103,14,65,123,119,64,135,40,134,115,29,90,20,108,39,21,51,45,87,86,105,18,33,52,36
5,1
52,65,56,32,133,103,102,21,18,83,55,71,2,96,60,62,44,109,14,74,17,42,1,31,49,90,46,121,72,5,91,47,30,101,86,104,89,16,40,20,64,84,125,99,92,7,41,122,34,128,77,88,76,94,4,127,108,12,37,75,117,87,114,118,50,19,131,66,28,45,80,39,120,36,130,54,119,35,73,79,27,110,43,53,78,106,25,124,0,24,123,95,132,58,129,135,100,113,57,8,33,116,10,107,26,3,38,23,82,22,68,13,105,111,59,15,112,48,9,81,126,6,63,61,134,93,29,67,51,97,70,69,115,85,98,11
6,3
121,44,16,90,22,107,100,42,27,11,1,71,9,129,50,120,116,10,69,87,88,29,133,60,47,39,135,92,82,109,12,13,106,84,54,64,93,28,2,130,48,66,7,79,45,76,30,37,78,36,53,99,94,83,65,75,105,21,43,127,114,52,111,108,117,8,124,118,131,33,40,55,72,24,113,103,17,134,41,125,112,74,119,97,26,51,128,101,25,20,86,57,102,62,0,98,3,31,32,89,73,91,77,122,104,81,85,110,34,35,67,38,46,5,4,126,6,70,49,96,80,14,123,23,132,58,56,68,61,115,63,15,95,59,19,18
2,1
84,24,119,108,0,31,111,23,76,127,91,67,27,123,75,57,43,30,101,105,85,19,44,115,46,79,124,45,98,33,32,54,120,82,132,109,131,96,17,38,59,106,87,63,129,2,20,133,72,4,5,53,83,68,88,135,114,117,97,10,8,12,95,37,28,47,15,89,125,69,1,62,22,134,6,39,51,58,26,118,74,73,16,52,42,48,14,113,49,121,92,3,103,11,61,34,71,56,99,41,110,40,7,9,77,18,13,64,104,36,65,50,128,90,55,81,29,25,35,112,122,126,66,78,86,94,93,102,80,60,100,116,130,70,21,107
2,2
86,18,41,103,112,60,85,34,116,102,39,124,95,7,126,101,48,132,38,130,9,125,81,108,0,21,73,114,25,36,43,49,53,89,16,117,119,107,57,40,109,127,6,19,54,58,50,35,82,28,46,100,97,30,11,135,84,47,17,122,94,42,14,118,15,26,113,44,115,71,78,111,8,59,33,29,134,64,20,98,128,3,121,61,66,55,133,13,87,88,24,52,22,83,69,91,120,63,105,96,80,129,76,123,77,72,106,31,10,92,56,67,74,45,93,62,12,32,4,99,104,65,70,68,2,90,37,110,23,75,79,131,5,51,27,1
4,3
4,132,11,116,6,51,15,28,5,21,49,59,95,68,29,65,126,104,17,122,107,48,118,2,121,58,78,60,86,66,98,106,31,91,70,115,76,135,61,111,69,20,26,96,42,53,63,44,72,7,84,24,55,93,125,39,34,120,9,129,37,74,123,40,32,131,22,82,134,16,8,85,54,92,113,127,94,45,67,62,38,128,97,1,130,43,18,105,80,3,79,25,36,50,90,41,23,81,109,77,83,19,110,27,64,117,124,112,46,0,102,103,100,87,75,33,57,101,52,88,10,99,35,30,133,89,56,47,119,71,14,13,73,114,12,108
6,1
0,121,107,40,83,26,74,32,28,61,39,134,69,96,85,15,11,114,66,43,5,104,108,48,24,34,80,125,123,81,84,21,98,106,19,20,119,113,59,8,133,6,135,72,94,116,42,99,33,47,75,124,122,18,118,120,35,68,100,49,126,77,38,29,91,58,71,55,76,52,2,45,65,79,89,70,17,102,36,56,115,86,31,110,4,129,46,111,7,82,95,27,22,132,131,127,109,101,41,53,92,25,13,64,23,73,93,1,3,57,63,67,97,88,37,105,130,51,50,16,128,44,14,103,87,12,117,54,90,10,60,62,78,30,112,9
3,6
27,9,52,54,72,124,97,2,5,134,14,33,50,53,82,11,81,107,78,115,62,39,121,92,30,13,49,23,87,126,88,111,123,71,43,86,105,63,35,3,110,25,122,61,94,93,73,38,55,98,45,103,77,18,102,133,51,22,120,125,130,16,131,128,65,6,15,8,117,118,76,114,89,20,80,19,56,10,84,116,119,75,46,24,83,109,29,113,17,112,96,4,36,12,64,85,100,67,101,58,91,79,57,41,70,40,90,108,7,127,34,132,104,68,59,95,66,28,32,60,99,106,135,0,48,44,69,31,129,21,74,42,47,1,26,37
3,5
105,1,65,64,110,52,129,103,99,37,133,35,16,9,92,72,109,26,118,29,96,90,19,127,47,122,50,135,89,30,71,84,126,113,114,11,101,124,104,14,10,120,111,44,94,76,8,3,119,2,56,57,73,86,62,88,100,75,48,78,79,132,108,121,54,68,66,20,106,23,61,102,125,53,59,39,116,95,33,41,28,36,128,130,21,51,97,63,24,38,46,40,134,69,18,13,27,131,115,25,15,82,17,117,70,83,31,67,34,6,74,107,45,5,58,112,55,4,81,77,85,98,12,7,123,49,91,93,43,87,60,0,80,32,22,42
2,3
48,77,5,119,30,103,47,39,124,99,104,107,82,92,110,70,81,55,129,42,95,108,125,15,61,0,28,56,66,32,65,131,49,78,4,37,109,50,64,6,36,115,112,17,44,68,1,132,88,117,3,60,118,79,94,23,34,85,33,7,90,8,106,40,53,122,133,29,121,16,84,19,87,120,21,86,134,43,97,71,45,52,101,25,54,102,93,127,9,89,113,27,75,57,20,22,59,58,91,72,80,12,18,62,114,98,83,63,76,38,35,31,74,10,130,100,126,67,26,51,116,123,41,73,13,2,96,128,11,14,46,105,69,24,111,135
2,5
70,90,106,78,61,131,25,101,34,89,3,83,118,119,88,20,108,115,121,12,84,100,54,87,53,110,133,93,98,51,91,56,58,22,77,68,19,39,72,62,124,129,105,43,32,18,86,128,114,96,26,82,113,21,14,107,46,2,92,69,76,67,17,28,5,97,50,48,44,127,109,6,47,63,64,9,55,38,95,4,71,10,112,27,123,41,122,30,31,57,37,1,65,11,104,7,102,40,103,35,135,81,116,0,66,33,16,94,120,29,134,59,60,99,125,23,80,75,126,24,42,45,36,13,85,117,130,79,49,111,52,8,15,74,73,132
5,1
39,75,55,22,94,38,101,1,109,28,117,5,70,17,59,37,125,27,92,131,123,29,78,54,14,19,12,41,7,15,44,91,88,61,118,126,82,124,134,71,97,132,81,112,85,74,89,129,116,102,108,72,63,122,114,24,57,96,120,8,2,106,43,121,60,87,13,6,83,45,66,36,84,11,32,110,51,47,95,25,50,133,93,30,67,42,79,103,119,80,113,130,99,4,23,20,86,33,35,128,111,0,98,73,21,115,26,52,135,105,10,46,65,77,107,34,18,49,58,40,104,68,62,127,56,69,3,31,9,100,16,76,90,64,53,48
2,4
54,113,0,9,77,12,100,118,126,101,111,1,15,129,52,33,99,127,94,30,67,112,117,96,19,106,123,23,75,74,116,59,83,68,97,60,58,40,103,79,28,80,21,119,37,53,29,131,16,2,84,4,102,120,18,32,36,135,17,125,13,132,98,63,95,105,11,64,38,35,72,81,27,50,61,114,56,65,107,78,71,124,49,133,128,87,70,108,88,104,24,8,66,57,47,41,22,62,51,69,43,34,110,115,39,82,130,91,3,90,76,48,85,20,46,109,45,7,25,134,55,31,122,6,10,26,93,44,92,14,86,42,5,121,89,73
6,1
90,17,22,132,32,39,125,65,126,8,16,110,47,19,84,12,119,66,55,43,105,81,108,80,134,122,48,121,60,3,95,2,52,23,107,31,76,20,70,10,89,56,127,34,88,79,92,131,57,64,117,116,21,50,33,40,103,59,106,27,15,1,123,73,135,63,6,93,7,104,100,112,82,113,69,28,133,30,42,53,111,87,120,124,58,85,118,54,68,91,97,61,5,78,99,98,44,114,9,74,45,102,29,96,101,24,115,62,25,38,51,109,71,46,83,94,41,128,49,129,36,72,11,14,13,26,35,75,37,86,0,77,4,67,18,130
6,6
26,15,11,19,114,67,129,97,100,128,74,45,68,76,98,78,110,23,72,46,70,39,104,109,86,61,62,35,123,73,71,22,56,124,106,41,0,34,18,116,125,101,90,50,105,51,94,60,48,3,113,93,10,117,121,92,42,130,111,27,25,55,87,80,134,135,108,32,64,126,12,49,66,119,63,102,59,82,107,91,79,96,21,75,47,2,103,69,118,131,7,43,89,120,88,13,6,81,112,44,57,122,17,20,28,95,1,40,37,38,133,127,5,31,30,9,85,65,36,83,16,84,99,53,54,14,58,115,4,24,77,33,52,29,8,132
3,2
9,91,94,2,69,47,27,114,7,130,79,38,68,111,21,102,67,37,10,121,100,42,34,19,51,109,1,65,56,48,104,13,82,5,123,70,131,99,0,87,8,97,132,96,101,72,25,88,61,44,24,103,30,41,53,54,85,89,46,84,39,110,57,40,31,133,83,58,129,116,76,107,90,98,3,86,4,126,50,71,64,124,33,23,55,17,26,49,95,35,80,119,36,16,59,66,60,78,112,120,118,14,18,115,73,134,108,12,127,75,62,43,93,122,29,52,77,117,106,113,45,74,11,22,6,28,135,32,15,125,63,92,105,128,81,20
1,2
