124,85,6,69,78,105,52,75,35,82,5,48,15,88,47,111,115,129,64,125,79,49,131,55,53,121,57,74,4,70,24,96,30,16,127,117,7,68,128,8,20,71,41,135,13,108,76,104,122,66,29,18,114,116,23,0,46,67,10,17,27,99,39,9,19,26,36,87,44,3,11,40,130,33,89,21,134,80,1,86,133,56,126,25,102,34,38,113,84,31,132,32,95,106,42,103,65,73,92,110,50,94,62,63,37,112,118,97,77,59,119,28,120,123,12,81,98,45,2,91,93,107,51,83,109,60,43,100,61,54,14,101,90,22,58,72
6,5
56,75,52,87,76,61,20,114,91,3,123,0,81,82,120,22,121,99,36,113,45,23,41,15,8,89,35,102,108,51,9,44,1,39,40,106,34,12,59,71,84,86,77,69,10,31,94,5,92,133,49,13,38,131,132,83,125,7,62,25,24,29,46,14,57,64,42,73,124,96,27,70,80,88,109,65,47,135,53,95,18,17,107,21,50,126,74,101,110,103,78,58,115,66,55,79,26,134,11,112,127,119,43,16,33,32,19,122,63,54,118,117,37,104,90,85,4,129,67,2,28,128,30,68,116,48,6,100,60,111,105,93,130,98,97,72
6,3
23,100,61,125,86,103,2,116,3,31,43,108,90,77,76,69,63,132,133,83,84,54,30,41,6,68,32,117,126,5,88,124,10,98,127,24,131,46,119,93,14,29,44,4,58,17,8,78,19,89,106,25,96,129,128,11,110,33,118,94,71,21,38,70,51,122,92,53,45,20,49,111,1,65,66,107,64,26,12,42,91,95,73,36,112,27,7,37,72,123,57,59,56,87,101,47,74,104,34,16,113,50,0,109,80,135,60,121,81,97,102,40,75,105,85,28,18,82,99,13,35,55,62,9,114,130,52,115,134,22,67,79,15,48,120,39
2,1
20,83,4,102,17,98,31,55,71,94,64,115,22,122,7,79,132,80,8,50,11,21,90,18,125,52,32,113,75,6,87,81,33,9,73,25,58,45,63,69,76,134,19,111,67,70,59,89,110,133,36,91,51,117,108,28,72,112,129,0,29,10,74,88,26,56,65,126,2,100,13,92,12,42,99,114,27,3,57,60,84,104,34,130,23,93,53,48,123,109,119,101,24,38,103,131,35,128,124,49,77,41,5,97,1,118,135,127,39,107,120,96,14,85,106,61,82,16,43,68,62,95,37,40,46,44,15,78,47,30,121,116,86,105,54,66
6,4
132,103,101,28,99,41,128,135,82,92,8,87,65,108,134,44,109,58,104,54,0,13,12,15,6,131,106,16,114,39,72,111,78,125,79,35,89,88,80,122,73,48,119,32,76,49,46,105,66,98,61,96,63,24,55,120,26,10,64,77,127,124,4,129,17,57,130,30,18,45,9,116,67,40,47,126,51,95,74,107,19,53,85,110,100,14,59,113,25,23,84,33,118,52,20,37,133,2,69,86,50,36,1,56,34,7,31,3,38,11,29,123,121,21,81,93,102,22,75,5,60,68,42,43,62,27,97,94,70,115,83,90,117,71,112,91
1,1
48,121,107,47,90,14,66,106,40,130,94,88,96,41,8,21,68,115,55,104,16,27,17,24,128,125,72,73,111,43,134,114,65,39,31,67,71,89,49,42,82,93,99,34,32,102,19,23,87,75,81,122,113,103,63,77,105,95,78,60,101,85,120,26,2,112,123,62,28,13,126,127,58,4,18,29,38,118,74,45,37,7,11,70,46,119,124,98,57,9,56,108,84,22,35,20,69,76,117,133,79,97,10,86,91,30,64,33,61,83,51,3,0,12,54,36,1,59,80,52,109,44,131,135,5,50,129,116,6,100,110,25,53,132,15,92
1,4
33,57,52,0,48,73,100,71,122,117,109,36,99,129,53,92,7,65,59,6,90,134,49,132,56,124,84,25,60,23,68,31,133,81,43,105,55,128,130,10,21,114,78,58,2,34,82,9,116,111,118,108,120,1,135,91,123,69,41,103,45,75,121,87,67,66,16,44,11,70,40,19,50,4,3,107,79,15,37,24,51,94,97,125,29,61,96,95,77,63,46,54,104,86,110,126,42,127,76,115,72,26,83,113,62,32,35,22,131,89,20,119,5,85,8,14,39,106,38,64,101,13,28,80,112,47,30,18,98,102,27,88,12,74,17,93
1,5
46,129,31,91,56,27,47,0,114,89,102,12,34,60,29,8,48,10,13,38,26,93,58,84,30,79,125,90,128,64,119,6,40,57,7,76,94,59,124,36,107,98,87,25,97,32,95,135,130,131,85,83,104,110,63,106,70,14,113,109,80,18,116,17,66,78,82,11,77,54,1,118,67,16,9,41,51,37,99,122,103,39,22,24,101,69,50,72,53,71,62,132,126,127,121,19,92,74,88,105,42,45,55,86,108,134,44,52,35,5,123,20,100,33,111,120,112,68,61,28,43,117,2,3,21,4,75,81,23,96,15,65,73,49,133,115
4,4
45,53,16,3,74,112,83,43,130,33,35,126,21,111,106,113,27,86,127,87,82,37,75,94,7,92,80,50,20,17,46,2,9,70,99,123,25,58,1,98,67,78,68,96,60,6,30,104,93,42,18,54,105,135,132,44,117,72,32,121,124,47,77,73,133,84,26,89,24,108,97,36,81,34,63,65,116,19,125,85,88,118,40,49,76,22,4,56,95,79,15,8,39,52,29,110,131,41,101,114,59,12,61,69,48,109,66,64,122,55,129,28,100,57,115,102,5,120,13,62,128,38,134,90,10,23,51,107,91,14,71,11,31,119,103,0
3,3
132,99,133,47,121,90,131,49,70,21,33,25,120,44,89,93,19,100,50,54,84,64,77,127,114,43,82,63,81,53,29,124,55,26,97,48,112,62,11,17,96,71,122,10,85,102,9,118,87,94,22,60,76,66,107,116,119,72,28,7,38,86,2,73,36,117,35,46,31,126,39,103,52,14,111,12,8,56,13,75,37,40,24,61,20,125,115,68,113,4,6,101,65,78,128,74,5,129,57,135,92,80,41,105,104,108,69,110,134,42,32,130,98,79,30,106,95,51,3,83,109,123,58,18,1,88,67,23,27,59,34,16,0,45,15,91
4,4
95,17,123,91,96,118,128,12,92,6,124,11,106,112,114,21,23,93,126,113,102,129,53,70,99,67,39,60,101,100,105,48,119,86,127,130,20,26,32,25,63,125,24,37,46,31,30,66,14,111,34,107,49,4,69,122,132,109,103,104,19,38,94,44,54,16,52,51,108,9,120,5,73,135,57,8,77,71,29,116,74,28,87,10,35,40,133,62,85,115,117,3,15,76,98,56,65,79,84,1,82,50,80,2,83,64,18,33,36,47,131,78,42,0,121,58,27,41,90,22,89,72,55,43,61,75,81,13,97,88,59,68,134,110,45,7
1,5
29,108,42,7,95,102,25,111,64,127,125,15,35,84,129,83,73,117,105,135,1,58,63,44,68,5,56,78,6,46,67,4,55,51,126,21,130,115,11,118,49,116,106,99,70,33,89,13,14,72,104,96,12,39,18,22,85,16,40,77,57,75,47,69,97,62,19,43,101,2,45,94,41,82,100,50,24,88,91,65,60,119,109,86,32,134,26,36,71,0,132,20,9,30,112,8,27,120,107,121,123,54,80,53,124,128,79,90,122,92,52,61,66,23,113,38,28,76,37,59,31,131,98,133,74,114,17,3,103,48,34,81,10,87,93,110
6,6
53,45,34,4,65,35,31,33,101,92,90,115,72,93,83,77,104,95,110,134,74,96,54,99,29,107,79,30,130,59,75,81,32,20,26,124,61,2,88,116,15,73,82,27,47,42,71,117,38,111,56,118,5,28,108,105,13,14,87,52,41,57,51,86,12,37,8,100,11,78,125,60,16,46,66,122,85,43,44,103,17,48,133,135,68,97,70,49,3,58,62,10,24,63,25,129,0,21,7,36,18,89,67,80,64,131,91,98,9,114,106,102,127,128,109,40,126,84,121,120,22,39,23,113,112,69,1,123,132,76,50,94,6,55,119,19
1,3
128,58,107,111,129,25,121,50,104,125,87,30,117,35,132,95,15,71,36,11,66,90,114,34,78,88,2,44,118,69,80,9,91,109,27,6,42,57,94,43,134,92,74,19,112,108,76,61,105,85,21,86,100,115,7,75,33,51,38,122,12,22,56,68,102,3,40,99,67,135,127,54,17,89,26,49,65,83,20,77,13,23,124,41,1,84,70,106,60,130,126,81,14,116,133,101,72,29,63,120,0,48,59,53,37,46,24,79,18,45,96,110,39,73,119,31,28,52,113,32,10,55,8,131,97,47,123,4,98,82,64,62,5,103,93,16
2,1
0,94,61,88,43,27,106,97,26,82,50,58,105,5,69,49,64,114,80,120,117,9,71,110,25,37,14,11,103,4,77,79,54,81,121,20,135,60,19,66,101,113,30,87,86,72,78,46,34,44,56,122,73,47,111,127,21,62,75,3,112,107,23,100,7,92,40,8,32,41,29,55,74,115,131,76,36,95,42,17,128,85,123,57,13,98,12,118,35,24,93,89,124,6,84,18,52,53,22,83,48,59,108,109,1,2,68,39,134,129,130,10,125,38,45,104,102,116,16,33,70,91,63,99,15,90,132,133,28,119,51,126,65,31,96,67
4,1
68,35,22,47,6,120,38,8,27,51,19,101,74,135,94,54,100,83,12,41,56,9,31,36,40,59,114,10,72,17,104,55,44,90,2,48,20,1,62,30,95,106,78,61,123,34,43,109,60,13,52,84,128,50,89,130,115,134,77,124,108,117,75,96,11,97,113,45,65,103,121,76,98,107,42,26,73,23,70,18,129,79,127,80,87,64,92,131,3,24,0,21,4,122,105,53,125,63,88,91,110,133,82,14,37,132,32,126,118,67,112,99,119,15,86,66,111,71,28,69,39,49,16,116,46,33,5,7,25,58,102,29,57,81,85,93
3,1
51,52,133,105,14,84,128,80,32,48,101,106,99,135,39,27,107,33,13,100,22,8,46,57,94,56,111,41,127,121,123,90,129,23,114,31,4,78,76,126,66,35,55,132,72,87,47,11,49,45,91,25,17,43,109,117,50,69,74,95,119,115,19,44,34,60,96,9,79,131,125,116,65,10,58,2,75,59,130,98,26,64,86,134,81,21,71,83,12,102,112,73,16,61,97,68,88,0,113,110,67,124,77,70,6,89,29,118,30,93,54,15,108,28,122,85,20,24,40,1,5,18,38,63,36,104,103,92,3,53,42,7,62,120,82,37
1,1
38,116,103,65,46,99,52,122,60,135,63,83,87,10,30,90,33,93,131,80,42,129,31,132,53,75,50,44,59,15,115,35,18,67,88,66,97,26,39,92,24,127,43,20,85,86,54,112,9,78,113,106,72,8,94,134,19,79,124,76,110,13,48,16,125,95,0,56,28,58,111,47,73,11,114,130,126,82,1,6,57,96,3,40,64,104,2,49,25,36,23,100,22,120,17,108,12,89,55,51,118,128,14,109,84,98,71,107,69,45,102,21,101,68,61,133,32,91,70,4,121,81,74,29,62,34,41,27,37,119,105,117,5,7,77,123
6,2
102,52,135,96,22,10,128,98,15,106,119,25,131,101,32,77,33,58,29,44,35,57,45,2,12,4,30,97,122,43,24,90,92,118,62,42,64,110,17,104,125,55,23,115,5,69,86,37,105,68,72,81,94,48,88,47,34,124,19,95,71,41,53,7,70,14,130,82,132,85,16,28,66,113,26,49,91,56,73,6,63,93,59,54,60,127,114,89,38,50,79,108,117,87,134,107,65,126,67,83,109,76,80,51,100,21,36,121,61,133,120,8,1,31,27,112,18,116,46,0,40,20,84,39,11,75,103,111,123,9,3,99,129,13,74,78
1,5
82,80,67,129,50,126,84,130,38,63,33,94,91,115,55,31,123,37,114,87,4,75,48,47,34,41,39,21,108,6,97,121,15,69,131,23,28,30,29,111,46,36,86,107,42,44,105,124,106,95,125,58,133,93,103,10,65,57,53,9,66,45,116,104,11,7,13,128,1,74,83,118,92,16,54,18,88,40,110,89,132,17,35,20,96,127,71,119,78,49,5,26,101,135,122,134,2,70,25,51,22,99,8,81,43,14,117,64,102,61,72,0,59,77,98,27,120,113,19,68,24,56,52,62,73,79,32,85,12,112,109,60,100,90,3,76
3,4
130,46,95,60,87,81,50,93,64,86,14,132,34,44,129,116,25,120,43,124,91,70,106,45,21,7,104,8,12,77,92,113,94,53,128,118,33,111,97,52,59,134,119,100,54,90,75,109,84,135,123,3,108,22,0,36,78,20,127,98,15,67,66,13,51,133,57,115,35,71,9,101,121,112,42,79,24,80,30,89,16,76,73,103,102,62,28,88,74,105,126,82,23,72,5,56,117,58,85,2,63,11,39,69,65,6,114,48,18,29,37,19,17,38,32,4,61,99,83,31,40,26,68,122,96,107,1,110,125,49,55,47,10,27,131,41
4,6
31,60,6,110,93,18,50,52,44,103,107,9,36,19,77,58,71,108,43,84,14,61,66,98,123,124,99,69,79,24,104,0,128,48,131,20,3,86,10,120,33,76,72,49,41,37,23,87,90,67,56,62,94,1,121,4,22,64,26,95,40,11,129,51,28,115,113,106,111,91,100,83,130,38,74,70,134,45,8,39,92,102,88,73,116,80,5,12,16,101,119,17,96,57,135,112,25,89,65,47,63,7,97,125,30,85,68,29,34,82,117,105,114,27,118,126,54,2,75,35,59,78,81,133,53,55,21,127,42,15,13,32,109,122,132,46
5,4
65,7,102,77,125,20,59,72,58,38,14,78,22,60,103,131,64,41,97,9,66,45,108,36,5,50,134,43,67,95,83,89,54,82,101,74,88,61,105,70,85,118,12,2,28,68,49,25,81,84,48,3,0,80,99,24,93,57,120,11,40,96,114,46,126,119,62,121,79,32,21,135,1,128,15,98,8,92,29,33,18,19,94,39,69,71,17,10,6,112,75,106,107,34,51,47,44,86,111,87,31,132,35,130,26,42,109,90,122,116,76,104,37,4,52,55,23,13,115,16,27,30,53,63,73,124,133,91,123,117,129,56,113,100,110,127
3,6
4,125,17,21,20,71,126,115,32,59,99,19,133,96,22,106,97,57,101,132,112,1,62,122,27,98,11,45,83,104,67,118,102,44,40,124,16,53,135,105,29,68,131,74,60,85,26,55,49,92,35,77,5,79,107,134,25,33,111,127,95,66,50,78,34,121,42,100,75,93,110,64,43,58,12,30,123,86,82,2,52,56,72,18,116,76,88,103,84,80,31,9,109,47,128,51,129,73,87,37,91,0,61,7,10,24,90,39,36,14,46,119,70,120,89,130,65,69,108,94,15,117,28,114,8,54,38,6,81,13,41,23,63,113,3,48
4,4
45,97,131,27,50,24,22,44,79,37,2,25,96,56,63,71,42,107,115,129,6,12,93,59,18,7,114,29,120,94,78,67,90,89,49,54,23,76,39,66,105,72,123,108,26,51,81,4,111,38,104,0,99,87,135,64,62,9,30,53,109,113,31,128,43,41,100,106,74,88,127,112,47,91,118,46,17,34,52,125,13,73,15,20,124,5,85,84,95,19,61,32,134,102,98,130,122,86,92,77,48,82,83,103,36,1,57,58,28,70,69,33,68,11,35,14,110,3,126,40,65,16,133,10,117,116,101,132,55,80,121,8,21,119,75,60
4,1
79,86,113,22,101,115,42,129,47,64,114,121,0,110,133,35,2,127,123,126,29,41,73,14,68,88,11,89,28,100,19,53,55,15,69,38,61,87,102,104,120,90,8,134,24,122,5,18,52,131,96,25,57,125,77,43,112,44,21,108,30,16,109,71,118,27,135,51,7,62,1,59,117,107,33,48,46,70,85,72,12,23,32,74,13,3,40,80,105,6,4,65,124,39,130,82,75,103,56,128,26,10,60,95,63,106,9,36,17,67,97,37,93,83,116,58,76,45,132,20,94,34,31,78,92,81,84,66,50,54,49,119,99,111,98,91
2,6
77,17,3,102,8,91,100,6,4,69,125,18,113,95,61,90,81,115,92,60,123,35,110,128,108,49,124,51,32,121,40,41,83,57,116,109,75,20,5,120,79,107,1,122,29,111,48,65,0,39,21,72,74,129,45,37,30,76,27,88,16,112,70,131,99,133,24,10,117,71,85,68,135,67,34,134,132,103,63,44,47,89,66,23,42,101,93,15,50,46,80,19,25,52,31,126,54,73,43,9,119,64,26,97,12,86,22,14,78,38,53,36,104,114,130,84,28,2,96,118,58,59,87,33,13,82,98,94,56,106,105,7,11,55,127,62
3,1
16,103,1,21,41,95,34,44,47,45,94,125,96,108,61,134,88,74,115,90,55,28,43,109,22,35,101,98,24,33,126,127,8,71,36,31,27,53,49,66,116,59,25,124,105,12,37,17,78,30,42,57,13,129,63,51,0,118,68,114,132,83,69,130,7,121,77,97,14,15,46,123,119,106,120,2,107,9,62,86,10,50,89,11,112,54,102,73,79,113,38,40,65,60,84,23,32,39,82,70,91,81,87,75,117,131,100,92,19,122,110,58,111,104,18,76,26,29,72,52,5,48,80,93,56,3,133,6,67,99,4,20,135,64,85,128
1,4
123,89,9,67,96,65,63,61,117,15,34,64,95,25,112,76,55,124,70,41,100,77,57,2,62,29,46,98,26,79,118,120,40,68,92,103,121,122,113,135,0,1,107,71,115,128,43,131,91,13,109,83,23,101,53,36,80,105,97,72,119,33,75,99,130,69,31,5,22,21,37,86,35,58,90,116,30,133,66,6,16,18,127,73,56,104,81,4,20,110,102,8,125,87,19,11,85,27,49,78,48,24,47,50,12,14,93,129,39,134,52,10,74,32,114,82,51,84,42,132,17,94,88,45,111,28,44,3,60,108,38,59,126,54,106,7
4,5
0,132,90,53,75,104,112,127,70,50,134,28,71,30,124,44,122,91,89,65,5,8,77,125,100,42,117,24,87,81,80,63,78,69,48,99,1,61,120,83,31,14,39,32,76,86,131,7,74,43,58,15,37,115,3,35,113,11,72,79,2,9,25,135,64,88,108,103,19,10,12,128,54,111,102,18,27,52,40,55,119,45,73,107,46,110,96,17,59,67,109,57,118,47,62,68,26,4,51,105,95,38,133,101,114,97,33,41,29,82,16,129,85,49,23,116,21,36,94,126,123,22,84,20,98,13,130,56,60,92,106,121,6,34,66,93
4,2
37,32,98,5,12,97,119,72,86,90,53,29,4,125,19,117,95,124,30,21,45,107,69,79,92,83,17,35,113,2,123,110,108,15,122,126,105,66,76,58,70,13,74,102,73,40,89,23,48,118,50,47,81,82,41,28,131,116,111,87,64,11,43,3,39,127,8,36,91,120,46,62,80,135,14,93,24,75,0,18,42,55,49,56,22,103,65,38,100,9,60,109,16,130,7,10,112,94,59,61,27,57,51,77,71,101,115,6,25,63,20,96,104,85,106,129,1,44,88,34,54,67,132,133,52,114,121,31,68,26,128,33,99,84,134,78
6,5
97,134,90,118,59,71,88,96,120,101,24,110,26,91,4,45,103,135,51,47,130,113,75,38,129,60,99,30,62,115,33,133,105,94,70,20,48,77,100,121,14,52,112,18,15,65,132,34,10,46,106,21,84,127,119,131,1,83,82,49,73,35,37,108,28,36,16,69,6,86,39,117,2,3,25,116,40,54,74,67,87,12,81,44,7,8,63,53,122,11,27,50,107,57,41,19,80,92,89,56,95,124,98,104,55,68,93,13,109,17,29,126,114,32,5,22,102,43,31,123,72,125,58,79,128,78,66,9,61,76,64,0,23,42,111,85
4,1
29,121,113,52,76,83,64,78,133,104,49,91,39,114,82,41,110,31,135,105,71,23,72,24,90,32,6,50,80,94,126,96,111,112,45,66,8,14,27,130,61,86,115,77,118,19,134,11,37,21,73,40,47,127,51,12,102,129,74,43,57,123,62,119,48,16,25,60,36,116,85,5,2,65,69,30,4,109,18,124,117,44,103,97,122,56,13,88,53,54,17,7,33,55,92,38,20,1,108,128,106,107,10,120,100,9,63,79,70,22,34,15,131,46,98,99,67,95,42,3,75,58,26,81,0,132,125,89,68,84,28,101,93,87,59,35
6,3
49,120,103,115,74,18,0,37,64,131,122,71,4,85,30,25,108,60,81,69,90,27,5,39,29,17,14,117,58,107,52,75,72,87,19,65,9,61,38,70,62,76,102,130,96,111,11,106,24,8,110,1,68,57,77,33,109,59,119,83,15,44,26,48,3,34,36,66,135,32,91,6,123,116,126,105,2,13,93,89,73,54,40,101,92,134,22,31,121,114,20,63,97,51,125,80,56,55,82,127,129,104,46,99,67,16,53,132,23,35,41,133,50,95,43,12,42,10,128,45,47,94,98,124,79,86,112,100,84,21,88,28,78,113,118,7
1,3
68,3,14,60,51,86,127,99,54,87,118,108,47,30,74,26,129,35,65,52,56,119,133,25,21,111,115,22,103,84,59,123,117,29,109,83,1,6,10,131,91,105,73,85,9,24,2,92,113,89,40,76,31,67,58,23,66,19,20,75,18,49,79,34,64,72,11,114,126,100,97,13,63,102,135,122,44,78,27,112,57,104,4,70,33,53,90,45,16,80,125,121,0,82,46,61,107,39,81,120,69,41,36,106,32,8,88,62,48,93,5,96,55,50,124,17,12,28,42,128,71,130,132,7,101,94,38,43,134,77,110,37,95,98,116,15
4,1
99,3,2,113,30,118,42,29,27,34,121,76,134,62,95,32,45,105,20,9,10,37,131,4,54,6,133,75,102,93,72,56,91,48,103,80,77,89,97,59,43,135,51,132,47,70,107,52,60,49,66,120,31,100,46,18,44,108,63,123,0,112,21,1,90,92,53,15,87,36,7,81,119,116,86,69,115,58,22,23,67,74,40,83,127,16,65,125,94,61,35,122,110,41,50,82,12,104,111,130,57,85,28,8,55,39,128,117,24,64,126,101,33,114,71,124,13,78,14,11,25,84,96,106,129,73,68,79,19,17,88,38,109,26,98,5
2,4
47,29,117,35,85,96,68,82,120,128,90,24,48,30,69,99,118,130,132,71,84,75,80,49,9,133,105,43,26,42,13,18,92,21,20,98,10,33,23,81,77,135,122,7,101,97,116,103,83,115,34,37,54,67,91,15,70,78,45,112,0,41,79,46,40,123,6,52,8,65,61,12,44,126,36,63,2,124,5,111,4,22,104,39,56,53,16,107,62,3,129,50,106,38,100,31,113,60,89,127,94,25,17,87,55,88,74,95,73,131,59,64,121,1,134,58,119,76,32,66,125,14,110,51,93,19,114,72,11,109,102,28,27,108,57,86
2,2
19,119,41,26,65,130,23,56,7,78,88,0,95,60,102,93,133,116,123,83,73,69,63,132,46,54,12,6,89,77,11,124,97,17,5,22,24,134,29,34,53,74,70,82,113,39,10,64,66,33,99,128,108,131,44,51,121,18,57,3,61,52,45,86,9,68,47,114,98,101,106,1,100,109,87,107,49,115,110,127,4,15,14,30,27,81,16,13,21,36,84,62,125,85,129,79,28,43,59,20,92,80,31,55,67,38,111,48,71,76,75,104,96,103,8,122,120,58,40,91,105,118,135,50,37,2,112,32,35,94,126,25,90,42,117,72
2,4
125,87,48,16,135,36,128,55,8,115,126,91,114,60,98,43,118,66,35,58,111,73,37,109,85,100,34,116,42,79,51,112,40,70,92,74,84,61,105,52,122,106,53,7,21,124,57,88,68,123,90,77,19,96,133,103,83,9,76,26,117,62,41,10,2,107,119,75,49,3,12,14,32,27,113,101,129,81,134,93,17,50,97,89,24,72,127,47,78,63,94,25,46,18,0,108,120,102,132,121,15,13,5,80,64,31,65,99,130,59,1,131,95,56,30,104,71,20,110,86,23,11,4,29,22,38,28,69,82,54,33,67,39,45,6,44
1,3
102,134,87,83,84,104,128,23,20,49,59,54,45,71,82,97,100,41,70,42,79,91,69,112,22,72,27,35,18,60,15,1,122,5,46,31,129,111,109,115,133,93,121,75,32,8,2,12,119,61,90,110,26,117,25,43,28,21,86,55,10,39,81,9,38,127,50,92,7,107,108,118,17,6,77,125,101,89,0,96,114,56,66,135,120,30,73,105,126,124,40,80,36,11,68,85,131,62,63,37,78,106,3,123,99,67,88,34,24,53,44,13,130,94,116,103,76,29,58,51,52,14,48,113,95,57,19,65,98,74,47,33,64,16,4,132
2,3
5,89,91,63,73,32,99,19,101,93,38,31,106,67,64,20,24,18,92,29,84,72,62,118,58,119,70,0,27,30,50,66,76,2,105,35,112,103,98,132,37,60,43,57,53,9,21,100,77,128,124,12,120,130,46,83,28,16,104,52,49,122,134,23,75,61,54,115,108,71,15,56,90,68,25,82,107,81,48,96,123,127,87,113,47,45,11,65,44,51,88,121,22,131,78,34,8,26,111,1,17,85,6,116,102,135,36,86,126,97,80,129,14,40,95,7,114,3,125,10,117,110,39,13,59,79,109,69,33,42,74,41,55,4,133,94
4,2
50,128,62,56,71,131,6,25,79,126,9,22,11,31,51,32,65,26,88,116,12,67,7,117,100,97,16,91,44,135,42,77,111,5,2,43,41,123,95,114,61,53,121,124,63,110,119,59,52,58,134,98,29,27,84,70,1,133,90,24,10,107,113,48,39,127,104,112,118,8,120,15,47,74,40,106,45,101,54,19,86,60,102,17,57,75,3,68,96,55,78,105,130,82,38,30,122,103,125,80,69,93,109,76,92,115,108,49,129,34,18,89,0,83,28,14,20,99,4,132,81,64,73,37,23,21,36,35,85,66,33,13,94,72,87,46
6,2
83,37,20,107,124,118,89,110,60,41,38,27,56,34,61,4,39,3,30,7,82,21,95,132,94,116,114,97,98,102,29,101,0,43,125,127,23,68,2,135,10,91,69,16,17,88,35,63,77,26,53,64,65,14,120,130,51,126,86,47,72,24,92,99,62,15,131,46,36,40,100,108,71,85,19,104,45,128,76,121,123,52,79,81,106,96,18,49,44,58,31,54,8,73,93,42,9,70,6,119,129,133,87,11,111,22,84,113,25,48,55,5,115,66,105,12,75,32,57,134,80,78,28,90,112,74,50,122,1,117,103,59,13,67,109,33
4,4
79,127,87,36,30,104,32,90,66,124,131,105,101,18,114,115,29,135,85,67,75,107,5,108,83,72,33,61,121,58,133,57,23,93,109,112,11,3,62,39,126,91,116,48,128,52,86,55,81,15,28,41,100,25,14,118,7,64,129,54,98,44,8,42,88,63,16,34,65,9,89,56,77,49,74,68,60,73,78,50,51,96,84,97,76,95,106,103,59,46,12,94,40,82,10,19,37,113,38,31,35,125,92,122,6,17,130,0,13,80,119,20,123,53,26,71,1,134,132,4,111,45,43,2,102,24,110,69,99,47,70,27,22,21,120,117
1,2
62,40,107,49,17,44,117,63,115,35,38,8,83,123,4,5,1,66,27,31,46,102,79,86,36,88,52,87,82,14,93,48,56,91,67,114,34,81,116,109,124,11,33,118,89,71,121,105,45,84,23,50,26,75,12,59,69,65,10,74,77,28,53,96,60,78,103,15,108,41,58,110,16,85,3,22,29,9,131,20,122,100,133,126,42,37,92,135,61,80,2,54,112,7,21,25,130,19,64,6,70,43,120,39,68,99,95,127,90,57,113,47,119,98,132,125,72,97,30,76,101,111,13,32,106,94,129,51,24,55,134,18,73,104,0,128
5,2
0,121,46,21,92,33,25,60,87,51,71,6,113,104,18,120,94,3,30,91,68,124,133,98,102,72,17,27,34,8,131,13,47,135,101,89,110,32,65,80,5,45,118,122,26,49,107,93,38,100,108,22,82,62,39,24,61,111,4,15,41,2,43,103,123,10,53,119,70,9,67,28,127,7,63,64,105,129,109,116,90,29,48,40,83,76,86,19,74,35,75,112,97,117,20,59,55,69,132,1,134,84,44,78,14,73,52,79,31,99,56,54,126,57,114,37,11,66,42,125,50,77,95,130,16,88,12,115,106,58,85,36,81,128,23,96
6,5
129,37,113,105,58,59,89,54,57,42,82,38,100,120,7,75,20,50,12,10,29,30,3,49,109,26,83,103,116,27,14,108,74,87,128,76,70,71,39,24,45,34,90,78,11,98,67,53,41,110,40,55,77,124,17,102,56,81,64,63,80,28,134,107,66,35,130,32,94,47,9,133,46,126,106,21,69,86,91,84,104,122,118,97,112,121,31,1,117,95,114,25,33,79,16,23,73,4,99,68,15,2,8,92,18,19,60,6,5,127,48,101,22,52,72,132,93,44,115,135,96,88,0,62,111,131,65,125,119,51,13,36,43,61,123,85
2,6
4,25,106,98,18,60,111,13,35,86,116,95,74,3,94,56,104,8,49,48,129,61,97,53,29,22,80,103,76,39,7,50,81,102,5,108,122,123,85,124,87,93,75,121,36,135,107,130,77,112,131,47,31,89,132,88,133,65,90,12,119,21,105,43,83,19,34,64,40,17,0,15,109,67,66,91,101,9,68,71,63,10,115,46,126,51,6,26,37,134,72,127,38,99,45,44,84,41,16,82,1,54,114,73,58,28,20,55,27,42,113,14,128,52,2,70,78,30,57,110,59,24,96,92,125,117,11,62,120,79,118,32,23,33,69,100
5,4
79,5,38,43,56,96,120,41,71,63,115,35,4,134,130,20,23,10,101,74,99,83,89,33,108,122,77,92,66,105,22,48,26,0,123,39,27,64,2,82,21,126,44,104,46,40,94,81,95,98,32,109,60,90,55,24,57,29,37,112,121,11,49,100,119,114,52,72,45,53,31,13,8,110,9,68,62,113,17,87,129,16,86,42,70,117,19,47,6,1,3,75,61,59,18,103,97,78,116,118,15,106,36,111,124,12,132,73,25,67,58,84,102,91,107,131,88,34,65,127,93,50,80,133,125,54,85,128,28,51,76,7,69,135,14,30
4,3
56,49,126,103,1,128,44,93,27,133,86,4,119,31,76,8,25,96,40,91,16,105,71,78,17,121,94,129,38,21,132,67,68,9,79,81,110,45,60,7,12,130,29,73,5,135,36,19,42,120,53,104,122,28,84,23,116,108,43,15,20,51,54,125,48,124,98,0,87,97,74,131,69,92,95,75,82,89,134,58,35,59,85,61,115,41,18,106,22,127,111,10,70,99,3,66,77,109,30,88,118,6,117,114,33,107,47,101,102,52,46,64,26,55,90,65,100,63,123,113,32,13,112,2,62,37,57,72,34,24,80,39,11,83,14,50
1,5
113,117,88,4,61,110,68,14,115,15,119,71,86,104,124,55,3,132,19,75,87,101,67,28,118,78,53,42,50,95,24,77,54,0,36,37,79,135,57,121,85,21,120,72,22,109,107,9,90,81,69,134,20,76,111,31,41,2,11,27,6,82,112,105,92,59,52,35,83,10,84,12,51,98,17,114,62,25,64,40,29,131,74,44,94,97,48,122,63,73,38,108,33,116,16,66,126,133,7,89,23,80,102,125,46,8,56,127,129,32,30,13,45,49,103,65,96,26,43,91,130,47,100,58,93,18,34,1,123,39,128,106,70,5,60,99
1,1
70,45,90,107,57,61,126,12,1,124,83,3,99,100,23,34,87,81,95,31,4,0,20,116,8,10,118,79,92,26,122,47,75,82,88,64,108,74,123,73,120,80,55,40,63,51,130,94,69,98,56,5,50,76,28,110,27,37,102,106,36,19,22,11,15,9,66,6,13,44,133,46,77,7,33,121,89,134,85,29,32,17,14,91,112,109,52,103,132,53,96,16,129,59,127,30,135,65,58,21,54,131,72,113,104,35,115,114,68,119,97,38,49,111,42,125,93,60,24,18,71,39,62,101,86,105,128,78,48,41,117,67,43,84,2,25
5,3
116,68,75,122,40,21,125,61,63,18,105,96,109,107,43,15,117,9,83,112,132,41,22,27,46,57,103,101,58,111,50,6,66,73,13,59,106,54,113,126,31,17,89,0,127,47,55,88,38,8,19,71,23,1,92,133,134,53,130,32,123,100,2,120,79,80,48,121,128,76,104,49,60,10,64,82,114,135,30,131,69,91,52,118,95,44,11,78,34,102,28,67,94,3,110,25,97,35,87,14,62,81,20,85,74,115,45,98,86,24,39,51,119,36,26,93,108,124,29,16,72,33,7,12,84,90,42,4,70,77,5,37,99,56,65,129
1,5
15,85,7,32,62,107,16,124,6,53,78,101,83,69,41,51,48,40,105,110,95,42,57,37,82,60,86,17,25,13,39,68,1,58,89,19,122,31,24,49,0,4,47,134,45,54,50,35,97,46,30,55,120,9,77,127,75,3,34,28,11,126,99,133,108,21,12,22,103,66,65,88,106,73,100,23,116,44,118,72,91,129,98,112,87,92,38,43,10,84,80,130,29,102,52,2,33,135,8,115,121,70,93,94,79,132,74,109,114,71,59,18,128,67,76,119,14,96,56,117,104,81,125,36,90,61,113,27,63,64,123,26,5,20,111,131
6,4
129,16,114,10,28,76,74,27,73,1,61,126,8,99,37,128,80,89,119,71,44,31,7,109,79,17,45,72,30,110,54,6,20,121,21,58,65,92,4,25,105,84,14,93,34,53,19,88,57,13,26,116,98,96,118,133,111,81,60,83,70,134,107,94,62,39,132,86,12,49,42,38,0,24,59,2,69,117,51,56,135,131,64,87,41,123,97,43,95,78,85,104,75,46,130,22,90,100,52,35,29,50,122,77,32,18,66,102,82,55,113,115,33,125,63,91,15,106,112,68,120,23,47,40,101,48,103,108,124,127,67,5,3,36,9,11
2,2
36,44,18,55,93,39,0,68,51,5,59,71,35,72,46,130,92,76,131,84,6,114,108,22,121,3,15,103,113,14,126,24,128,9,134,118,60,16,56,65,115,74,4,110,107,111,112,2,88,98,95,41,11,86,97,106,101,129,104,32,10,127,125,83,29,43,12,47,69,21,73,135,62,52,20,123,25,122,61,33,78,58,42,77,57,133,30,64,8,48,19,132,27,23,82,54,87,63,90,50,124,31,89,70,13,80,38,117,94,26,37,79,102,119,100,1,120,99,85,105,45,34,67,116,75,91,109,28,7,49,96,53,40,17,81,66
3,6
131,25,45,79,34,103,106,73,1,5,74,58,115,93,84,30,19,89,119,98,102,92,134,13,71,104,51,96,86,42,49,29,54,46,53,16,81,60,67,24,61,125,75,41,22,80,47,50,76,27,10,90,65,3,8,37,112,21,129,121,87,28,39,68,12,33,6,133,26,99,77,111,118,7,57,130,2,110,35,55,14,44,52,135,20,88,64,31,123,97,4,43,85,107,38,66,114,70,91,105,18,59,62,109,101,120,56,116,15,83,127,95,78,94,72,82,128,32,48,126,36,100,122,9,108,117,23,69,40,0,63,11,124,113,17,132
1,5
40,10,25,60,53,45,78,20,28,87,112,23,7,103,3,8,2,123,43,119,73,12,130,101,50,107,58,35,44,62,37,51,82,54,15,34,75,1,115,66,81,59,86,114,24,33,135,118,129,68,90,91,17,105,69,88,72,21,61,16,77,85,41,106,125,42,22,108,133,29,63,121,31,116,9,127,80,104,56,113,99,46,132,67,4,89,110,95,32,102,84,64,128,109,76,120,0,94,100,36,57,38,30,55,111,49,79,124,134,70,47,5,18,39,14,6,97,26,131,48,11,71,74,126,65,122,117,83,98,52,19,92,93,27,13,96
4,2
112,28,40,29,123,15,69,48,24,44,56,62,125,105,22,34,102,4,1,83,25,128,55,65,124,87,81,76,108,52,12,98,101,66,135,77,89,61,7,114,32,30,45,88,26,127,95,120,31,57,93,14,79,113,126,97,111,50,133,94,17,21,38,119,46,18,16,9,80,13,118,78,90,37,99,107,43,59,85,86,33,11,92,74,103,3,122,35,58,2,73,20,116,19,8,36,42,104,51,53,121,72,96,63,47,129,10,134,117,39,6,71,70,109,67,41,100,115,132,5,106,0,110,49,91,84,54,130,27,23,75,64,60,131,82,68
3,6
124,78,59,119,84,56,50,101,80,13,81,135,68,116,88,60,85,43,54,61,83,73,35,63,97,47,129,42,38,96,127,110,70,8,65,106,10,93,25,104,55,46,86,131,36,94,0,45,120,102,9,108,17,48,64,57,33,79,126,95,44,69,76,109,5,82,22,20,1,100,18,132,11,128,118,122,72,34,66,39,134,90,123,29,62,111,105,14,121,67,91,21,133,30,103,24,71,89,58,107,117,114,19,4,51,32,125,16,75,37,98,15,130,49,7,40,12,31,77,27,112,6,52,2,28,113,87,26,99,3,115,74,41,23,53,92
3,3
91,50,93,114,12,106,40,29,28,0,132,68,124,24,38,52,74,129,92,32,44,39,41,18,3,5,97,6,101,23,108,103,105,102,87,76,81,119,69,99,72,85,122,94,65,116,90,84,88,45,121,78,126,89,110,86,46,117,8,134,123,73,58,62,19,79,27,1,112,48,115,15,60,133,130,49,36,56,77,71,83,14,113,53,54,4,25,100,135,42,21,10,75,61,2,109,34,47,111,120,80,11,31,131,55,35,63,67,82,7,127,128,22,66,104,64,16,13,37,98,70,17,43,59,51,118,95,107,96,125,57,26,20,30,9,33
5,3
77,101,135,36,2,121,113,0,34,13,97,60,107,7,50,93,41,124,21,99,3,94,12,14,45,26,49,64,87,15,53,102,28,83,32,125,30,128,31,6,122,29,78,5,56,43,129,118,92,22,71,51,89,33,73,16,81,79,133,112,84,70,115,91,105,39,134,54,108,66,40,127,38,17,90,130,37,68,65,69,106,9,10,11,110,58,123,82,4,18,117,20,8,52,131,48,98,76,57,86,75,25,1,27,120,126,85,116,46,47,55,111,80,74,67,114,59,88,35,44,23,62,19,61,42,24,95,119,72,63,96,104,103,100,109,132
1,5
62,27,112,36,87,9,19,59,109,28,128,37,118,88,119,18,7,96,121,98,49,108,53,90,3,120,86,29,76,32,125,102,92,68,41,122,106,84,67,21,34,101,71,40,15,20,69,6,126,130,35,2,70,0,131,51,113,115,80,63,13,54,99,25,10,4,47,58,91,110,38,39,75,123,114,95,61,103,57,116,105,85,52,16,50,134,12,8,22,64,93,56,74,77,72,46,23,133,24,26,82,17,45,48,78,104,89,111,14,44,127,30,107,94,42,55,83,5,60,129,65,117,81,43,31,33,97,124,79,132,66,100,73,1,135,11
1,4
111,13,44,115,38,72,92,101,133,126,87,98,23,90,104,86,0,82,11,15,62,27,96,120,24,102,105,113,122,30,107,57,25,32,114,36,8,76,63,59,112,47,134,135,37,123,79,40,9,95,46,2,132,54,74,42,58,33,19,128,110,119,75,69,61,116,117,127,81,66,21,49,106,14,109,17,41,103,97,78,60,28,73,39,45,70,108,94,31,34,29,129,10,89,16,18,91,83,1,99,88,6,43,22,93,100,71,3,68,124,12,64,118,130,26,51,5,55,77,85,53,4,121,84,56,48,80,35,131,65,7,50,67,125,20,52
5,1
118,63,125,59,122,40,103,132,85,48,87,52,20,3,112,82,49,60,108,89,54,13,16,30,66,104,6,76,2,7,100,64,12,28,39,111,117,91,81,22,46,44,9,110,1,68,41,4,101,47,120,42,94,36,15,99,33,77,133,24,67,105,75,14,58,57,115,62,35,37,98,97,71,84,5,8,18,69,124,102,19,92,11,86,72,32,127,31,27,113,90,26,73,121,43,0,34,53,79,93,70,23,107,29,109,131,88,96,126,21,135,80,128,134,106,10,130,83,116,119,129,78,114,17,55,65,61,56,38,95,51,50,74,123,45,25
6,1
72,7,16,49,25,51,12,34,17,54,53,64,78,92,71,10,48,27,70,94,97,13,15,89,106,57,36,24,114,127,26,55,32,90,98,107,80,30,134,66,0,6,119,40,4,21,108,125,68,5,91,33,132,113,60,103,37,99,73,2,22,104,83,135,96,81,14,69,133,118,77,20,111,46,9,130,42,121,47,116,65,123,75,44,93,28,102,122,112,110,63,1,8,58,115,109,52,124,23,19,35,128,62,59,100,105,11,95,38,31,74,29,61,85,79,67,18,117,56,131,3,45,86,82,120,87,43,88,129,101,41,50,126,76,39,84
6,3
52,11,48,56,68,75,128,127,103,20,63,72,108,16,45,109,115,10,83,105,32,0,2,131,71,87,92,101,49,123,27,35,26,36,90,110,102,133,37,34,132,62,40,73,85,17,122,13,50,95,121,84,119,98,8,67,5,107,7,116,12,126,70,81,78,6,3,33,19,104,125,80,14,113,53,106,117,9,64,118,41,91,82,54,47,69,77,44,28,135,1,42,46,22,99,130,15,57,111,66,4,25,96,21,31,39,43,100,88,97,23,61,120,93,29,59,112,58,18,65,74,30,76,60,51,114,129,89,124,79,86,38,24,55,134,94
4,1
12,108,13,78,17,97,47,131,71,20,100,92,72,53,43,64,57,113,1,129,28,16,103,104,48,6,99,11,121,115,15,68,0,19,102,81,23,105,2,29,60,14,73,21,96,124,65,122,132,119,89,41,84,50,44,35,46,74,109,114,66,90,39,80,33,26,130,98,63,37,93,40,9,18,31,135,10,112,70,38,22,52,67,34,107,30,62,3,77,42,86,85,4,5,128,25,58,118,101,45,75,7,120,134,127,32,76,55,8,59,54,123,95,56,61,126,36,69,117,125,51,24,83,94,116,27,91,88,111,133,82,49,79,110,87,106
2,5
85,4,48,29,67,1,126,82,56,110,60,81,135,11,0,20,16,44,97,63,40,6,128,120,87,57,88,101,7,36,113,59,133,62,71,21,80,12,123,111,107,89,41,117,70,79,132,28,64,112,68,124,37,74,25,24,55,30,51,84,65,77,96,102,103,92,5,34,86,104,99,118,49,38,23,26,69,19,125,105,83,94,8,15,3,9,50,100,115,106,130,42,108,93,10,33,76,61,43,122,91,127,53,116,35,47,134,121,32,66,129,54,78,18,98,131,95,39,27,58,46,13,17,72,2,90,45,114,73,31,14,52,119,22,109,75
2,2
113,107,55,72,18,41,44,48,112,128,23,35,68,29,21,43,85,101,73,45,2,102,24,111,117,33,64,84,120,76,110,16,20,100,91,52,10,103,80,26,22,56,50,27,54,78,63,116,108,67,89,130,115,124,95,15,25,133,0,126,77,11,98,79,17,4,114,30,122,81,106,19,32,105,34,119,61,82,86,5,28,65,92,59,60,70,40,83,49,74,37,39,125,6,96,53,14,132,94,104,123,134,7,71,38,97,51,88,57,46,3,131,87,99,36,75,66,127,31,47,93,42,8,69,1,135,58,118,12,62,13,90,121,109,9,129
5,3
125,72,106,93,44,33,9,113,21,5,121,86,32,133,61,116,11,7,80,31,111,120,112,98,20,104,46,114,40,48,105,27,132,126,91,15,88,43,130,73,110,128,85,131,26,16,29,12,78,64,45,39,49,70,60,71,34,69,79,97,53,28,94,109,118,84,6,74,89,2,13,59,96,117,24,100,19,38,25,63,47,1,3,65,4,17,54,55,50,22,124,14,62,123,37,51,52,81,135,92,83,103,122,41,101,134,67,66,90,35,18,107,36,115,10,30,108,56,68,23,99,119,8,57,0,58,95,127,82,129,87,77,102,76,42,75
4,1
71,107,3,15,109,30,74,65,52,43,86,55,23,105,81,29,78,1,73,17,53,41,57,120,82,18,35,115,98,89,34,102,24,16,77,75,38,59,76,99,66,44,104,4,32,131,127,63,100,33,14,70,103,96,118,72,119,6,25,28,62,2,68,11,133,42,54,8,130,19,48,117,10,7,64,84,31,88,94,40,85,51,126,123,95,132,0,124,69,20,9,110,101,113,26,128,36,49,60,46,79,134,129,13,27,83,21,135,47,5,111,93,67,39,106,61,37,92,108,116,87,97,90,121,12,122,50,91,56,22,58,114,125,112,45,80
6,3
25,20,130,52,15,103,57,12,28,78,79,6,55,132,43,46,134,61,77,32,131,64,69,82,29,36,17,10,23,119,48,108,54,123,44,127,24,74,30,94,67,42,113,40,56,84,102,86,71,76,21,135,1,110,72,116,34,107,112,33,100,59,92,126,73,85,121,53,87,22,68,63,50,38,26,125,91,62,97,47,83,95,58,2,101,9,89,104,3,35,81,93,37,90,8,31,129,49,122,45,19,0,11,27,120,14,7,60,117,16,80,5,96,41,118,4,66,70,111,128,105,75,98,114,18,115,99,65,13,124,88,39,133,106,109,51
5,5
114,105,32,46,36,125,31,67,70,60,117,6,59,134,26,65,15,123,93,43,99,10,18,130,25,103,75,41,35,91,12,69,57,86,56,0,116,55,73,95,76,89,40,11,80,126,97,108,51,94,74,124,82,102,81,72,92,21,78,83,34,132,115,112,88,85,66,71,135,45,120,19,53,133,38,101,113,107,77,30,24,42,7,129,16,119,39,62,84,104,28,127,100,106,22,118,47,2,58,4,50,96,110,49,14,63,13,98,20,27,17,79,121,128,37,33,52,3,23,29,5,8,64,68,61,111,54,122,87,109,9,131,90,44,48,1
1,4
87,45,66,81,130,4,112,39,94,108,46,6,75,43,25,28,133,113,109,58,14,51,38,13,42,61,47,77,27,67,0,115,59,26,5,118,44,96,83,8,15,30,1,68,69,16,103,65,100,3,48,12,80,84,106,89,9,20,40,33,129,50,102,125,88,97,70,57,23,91,122,114,105,18,134,123,121,135,85,49,62,95,86,32,126,99,111,117,54,10,132,17,31,76,82,36,24,71,79,64,11,110,55,34,56,131,73,93,63,72,19,92,90,60,35,29,37,101,7,107,119,124,116,74,120,128,104,21,78,52,53,22,98,41,127,2
1,1
75,128,20,116,81,27,95,85,12,63,21,5,126,106,37,26,123,42,120,38,79,110,58,41,10,78,94,30,112,11,102,80,9,54,71,86,69,52,22,56,64,33,88,60,122,45,121,90,124,1,65,49,15,83,50,118,40,76,133,84,127,59,18,73,0,68,61,32,48,89,53,100,3,101,135,93,44,115,117,114,14,31,34,130,99,119,111,24,77,6,105,113,82,28,67,74,107,2,25,103,125,87,91,16,108,66,8,23,62,4,17,46,129,55,36,51,134,72,131,132,92,29,98,57,35,104,97,13,47,19,109,43,70,7,39,96
2,1
66,26,31,29,81,110,116,12,106,61,65,47,129,100,7,109,39,46,72,64,9,85,114,128,134,50,123,87,97,69,44,115,42,63,108,16,60,54,76,99,80,5,93,10,1,24,59,92,132,98,27,68,20,77,74,78,23,18,67,117,40,58,130,71,30,126,125,45,127,107,56,37,120,102,84,113,91,52,118,86,0,4,38,41,48,2,119,101,95,53,122,22,34,131,3,35,15,112,11,83,111,32,57,104,75,88,25,121,14,133,43,90,8,124,70,49,96,135,55,28,13,105,17,94,36,33,21,82,51,19,73,62,79,89,103,6
4,1
70,103,56,101,27,15,89,35,63,80,93,128,72,47,87,109,41,88,124,6,49,57,20,53,119,52,118,71,121,3,7,68,95,64,135,96,114,66,33,129,8,1,29,94,133,50,28,43,2,126,40,65,85,12,91,54,39,106,90,105,46,77,127,81,55,14,82,18,79,86,84,9,22,31,32,42,74,25,13,69,34,98,104,131,21,83,108,10,5,92,11,78,73,113,117,116,38,67,76,59,45,115,4,122,134,75,24,123,111,37,23,51,100,16,17,99,120,36,110,19,61,60,44,30,125,97,112,0,132,102,62,48,58,130,107,26
2,5
51,54,88,57,68,116,67,30,73,112,52,108,39,66,18,102,5,26,134,46,121,69,113,21,122,75,83,130,129,97,114,20,44,107,12,117,81,19,15,106,93,2,22,38,47,125,3,32,60,27,98,91,100,79,49,128,101,45,9,56,58,35,74,120,132,41,86,118,61,110,63,4,82,124,8,16,96,24,111,37,0,77,99,14,10,64,6,126,87,78,23,133,31,13,135,42,90,80,33,59,84,131,89,65,28,104,34,7,1,71,94,25,95,50,123,29,43,40,115,109,70,127,11,55,92,72,103,48,53,17,62,119,76,36,85,105
4,2
105,52,7,68,4,97,102,23,13,3,6,33,128,53,131,11,1,62,28,63,42,82,103,122,104,109,29,126,95,64,57,106,89,14,69,41,129,87,9,24,21,77,58,71,44,99,36,116,112,55,119,65,19,39,54,85,27,132,70,76,121,43,0,75,45,72,91,15,48,25,31,110,113,37,51,94,18,59,47,46,90,16,133,98,124,60,127,117,100,134,50,135,5,61,49,8,101,67,84,30,88,107,78,56,32,73,80,26,66,123,35,83,86,38,93,79,40,125,130,20,115,17,96,118,81,114,34,22,120,74,108,92,2,12,111,10
1,1
84,19,113,85,31,52,57,91,13,49,110,102,53,80,32,41,97,131,93,48,76,67,89,11,45,117,82,92,47,1,107,7,78,109,135,129,111,73,122,134,90,9,81,120,101,25,20,40,115,72,2,60,5,114,61,24,18,26,16,108,70,128,127,116,51,64,132,4,79,30,112,106,87,34,44,50,103,94,59,100,74,55,36,58,118,68,12,27,23,33,14,54,3,130,133,56,99,29,42,96,121,69,123,119,125,46,8,77,83,104,66,126,6,86,65,15,0,63,28,39,62,95,98,43,38,75,21,71,124,37,22,88,35,105,10,17
3,4
40,103,92,33,12,76,73,81,108,56,94,61,42,77,10,66,3,5,59,53,68,88,132,52,91,6,47,24,127,26,2,72,119,74,130,105,115,87,85,117,39,36,50,57,104,64,51,20,131,126,101,79,35,19,93,62,1,89,38,86,123,107,13,96,30,31,41,71,80,110,22,48,116,23,75,45,98,9,63,21,99,25,17,54,7,120,15,106,37,32,0,134,4,27,129,118,58,55,8,16,67,112,122,135,44,18,60,69,83,102,82,128,114,28,100,65,43,113,133,84,49,111,90,124,34,46,97,70,109,121,29,11,14,125,78,95
6,1
88,85,42,28,107,56,18,4,104,14,122,93,71,83,110,15,124,9,132,127,125,130,49,106,133,109,131,126,29,20,102,68,75,60,76,55,123,45,2,8,82,21,51,115,128,31,35,58,118,77,6,65,111,70,105,114,74,80,99,113,23,48,32,84,41,17,112,63,33,38,26,27,96,79,117,3,97,47,69,34,121,44,5,24,134,67,40,62,36,57,11,81,19,52,66,72,78,129,10,16,43,101,108,91,22,73,119,61,120,89,116,98,30,50,25,95,87,135,103,13,59,0,7,92,46,100,94,90,54,86,1,37,12,53,39,64
2,5
52,132,106,75,47,3,59,105,29,6,110,30,123,133,119,95,58,15,115,108,19,113,1,79,14,22,40,78,46,83,131,9,69,31,23,77,43,84,71,90,12,8,74,67,72,87,65,45,93,13,10,34,109,55,54,42,4,117,73,38,103,81,62,2,126,122,24,114,32,129,41,25,94,56,57,64,89,76,100,0,124,104,17,16,70,80,86,97,5,33,85,118,60,37,51,91,121,26,49,7,128,82,112,36,130,102,68,20,28,127,11,120,44,18,107,66,53,61,39,98,99,96,135,35,125,116,134,101,50,92,27,63,21,88,48,111
4,6
93,117,129,102,79,132,36,45,74,124,17,110,6,114,35,134,103,28,2,96,18,122,5,104,85,49,119,33,22,41,69,29,98,70,84,118,62,38,52,67,86,51,131,90,55,81,135,130,43,14,11,59,3,54,76,15,53,99,48,19,31,60,133,107,4,7,125,73,24,91,72,40,63,21,1,121,92,25,101,66,109,50,106,56,94,115,126,120,127,20,112,23,116,12,34,57,64,37,77,61,105,123,68,65,75,10,113,78,30,44,100,8,111,83,95,32,82,16,46,80,89,47,26,58,39,87,108,88,13,71,128,9,42,97,27,0
3,6
15,46,128,49,12,33,84,7,64,1,20,133,60,80,98,89,114,130,126,69,5,67,10,29,26,94,39,95,68,53,97,47,75,11,102,82,25,24,6,14,76,83,13,91,123,101,22,79,111,117,132,127,59,70,27,45,85,118,122,3,61,31,134,9,119,44,19,38,35,87,93,23,58,71,78,4,92,65,107,110,17,37,135,62,16,2,108,43,99,32,86,34,115,51,88,77,21,54,81,103,72,57,63,73,106,66,125,112,30,55,96,109,113,52,121,40,50,56,28,100,124,42,131,116,104,120,0,36,129,41,48,90,8,18,74,105
3,3
68,51,22,124,76,57,56,55,40,28,64,102,95,52,29,13,104,74,30,45,120,113,128,97,43,69,115,44,90,103,53,6,49,79,114,85,116,119,71,101,75,62,81,100,10,89,96,108,11,80,87,130,48,107,129,63,1,111,70,35,19,31,106,21,8,133,9,132,17,12,125,92,7,99,18,16,127,78,38,72,83,39,66,14,3,61,41,117,105,122,126,46,33,42,84,65,94,25,93,20,58,37,88,36,86,24,34,91,134,73,123,54,27,26,135,82,60,50,121,67,110,47,32,2,23,77,59,98,109,131,0,118,15,112,5,4
6,2
131,48,117,38,65,119,29,81,73,31,97,33,90,125,89,92,14,93,68,55,15,79,62,40,51,24,104,107,127,108,98,115,45,82,86,134,94,53,91,135,5,126,7,129,84,71,110,87,85,83,19,54,58,96,4,11,75,13,101,57,100,133,121,3,0,59,116,80,99,6,23,17,69,123,25,77,43,2,76,105,66,18,21,16,56,64,35,12,28,111,113,120,70,60,128,95,88,78,27,9,118,122,114,102,132,106,52,47,130,72,109,20,124,37,103,50,10,67,74,44,61,1,32,112,41,34,46,22,30,42,49,26,36,8,39,63
1,6
50,44,75,34,126,97,95,99,114,90,21,122,54,36,55,82,112,83,67,61,48,14,93,31,7,22,49,27,128,29,66,64,25,0,65,41,59,74,100,94,46,20,119,53,129,96,69,78,81,102,6,71,88,108,135,103,35,91,84,18,116,56,19,23,106,117,45,70,73,33,43,32,28,124,111,123,115,37,24,127,109,86,3,121,76,62,105,38,17,120,16,104,133,131,40,57,98,130,2,42,85,12,134,60,107,10,52,63,87,8,51,92,11,113,30,58,89,72,125,1,132,26,5,79,77,68,13,80,47,110,15,9,118,4,101,39
4,1
7,16,95,99,11,49,100,55,81,135,121,68,92,53,66,15,63,46,102,90,35,52,75,72,61,125,107,76,74,3,29,86,21,133,36,70,65,5,23,82,83,78,129,117,42,119,118,9,57,12,14,22,38,124,112,27,85,51,115,13,98,58,93,94,127,19,104,126,88,20,48,120,132,77,111,134,37,56,40,2,106,54,4,60,0,96,89,50,80,79,73,47,113,62,10,97,28,30,33,18,105,6,25,84,44,131,69,103,24,128,130,109,39,122,67,26,87,31,123,45,32,1,17,59,43,110,101,71,116,64,91,34,108,114,8,41
4,3
91,53,127,71,125,132,87,102,1,100,21,67,27,5,110,107,69,95,117,126,76,50,60,19,31,43,84,4,7,129,101,36,135,59,8,15,44,14,113,92,49,30,80,70,114,83,29,112,65,116,26,85,58,22,118,106,81,18,90,39,52,131,89,38,0,73,62,96,98,48,46,86,74,2,88,13,78,82,61,28,64,20,32,41,6,51,45,16,93,33,99,72,104,128,37,123,24,63,79,11,57,42,121,120,94,66,55,3,119,130,109,23,77,56,17,47,9,10,40,108,103,68,97,105,34,75,12,115,25,124,35,134,54,133,111,122
5,2
48,46,35,94,31,99,91,40,44,80,92,13,55,118,115,58,98,30,77,32,95,43,85,114,56,10,45,27,93,19,116,0,104,84,79,100,7,96,60,38,102,69,125,110,103,113,70,122,72,50,106,36,23,108,119,25,109,135,133,111,83,4,18,68,86,88,71,82,97,130,121,52,61,15,33,8,127,47,131,112,132,123,129,117,57,105,54,37,107,124,29,24,11,126,14,134,41,74,2,66,39,51,49,21,17,87,73,12,6,81,101,16,120,67,3,62,1,63,65,128,9,78,75,89,76,34,26,5,42,22,28,20,64,53,59,90
5,1
120,37,29,21,89,55,39,68,25,96,32,42,115,108,41,87,75,46,58,31,36,13,119,131,19,67,124,104,24,88,70,132,14,50,130,78,112,53,129,116,11,110,49,105,93,48,77,118,45,117,22,57,109,72,95,33,4,34,35,134,10,30,71,86,23,121,12,126,16,61,125,5,44,47,62,43,106,1,80,15,135,82,66,28,65,79,26,74,123,52,81,91,9,40,113,94,85,103,97,63,8,38,100,54,64,102,98,7,128,17,69,92,56,84,60,133,114,3,127,83,111,20,101,51,18,27,76,90,107,6,2,59,122,73,99,0
6,6
43,96,12,133,131,65,87,49,53,76,6,99,39,41,124,97,42,11,61,57,48,81,2,135,31,47,86,111,38,40,128,23,101,93,63,78,83,123,129,127,110,16,55,103,102,44,3,21,130,106,56,28,59,114,9,33,14,95,79,100,122,120,117,72,67,126,112,71,46,4,94,119,7,15,116,1,32,70,64,75,108,115,104,45,17,91,68,37,25,74,22,98,105,10,80,54,58,8,84,18,62,121,52,51,92,26,20,88,77,82,30,69,125,35,113,24,0,19,60,118,85,132,5,134,73,29,50,109,107,13,27,36,66,34,90,89
3,1
26,43,21,51,132,42,1,56,102,58,134,123,109,46,50,101,39,18,9,35,45,28,98,6,122,127,44,125,57,40,116,37,10,118,34,22,68,31,82,3,70,84,103,4,19,5,77,108,124,61,36,60,131,73,129,29,114,85,67,47,64,96,0,52,117,38,97,81,75,120,95,119,49,135,130,13,72,104,11,12,106,74,41,113,86,121,128,24,94,115,83,93,112,111,32,33,7,16,48,79,27,66,99,2,59,105,20,126,14,89,78,92,76,90,100,110,133,69,25,54,91,17,88,55,8,80,53,23,15,62,30,65,87,107,71,63
1,3
83,11,56,45,121,119,88,35,30,132,131,47,115,41,112,110,82,71,127,48,31,29,7,57,129,92,62,54,77,6,33,81,95,130,67,76,74,134,97,124,118,58,61,43,19,133,32,23,16,107,89,63,36,101,96,10,80,68,64,105,12,13,24,120,84,5,102,46,27,8,123,52,1,128,20,108,85,104,72,111,53,22,59,9,117,38,94,78,125,55,65,86,42,39,70,114,79,109,99,25,113,87,126,18,28,60,122,14,135,49,93,69,73,66,100,37,51,103,98,75,0,21,91,26,2,15,44,40,50,17,3,4,106,116,90,34
4,1
92,31,105,56,85,17,133,115,122,48,109,47,104,120,96,13,73,8,132,114,77,6,108,37,107,113,38,101,130,97,12,123,34,23,71,25,43,119,93,111,127,102,60,118,112,117,125,94,10,21,131,62,90,9,95,68,52,53,18,116,91,64,100,59,67,7,2,22,11,46,33,14,76,36,30,20,70,129,128,86,40,106,82,110,39,103,63,65,126,19,24,29,83,15,55,79,54,1,99,57,87,124,134,88,35,135,66,80,45,61,58,51,3,75,49,4,26,89,72,0,42,84,98,121,32,27,74,69,5,50,28,41,44,81,78,16
4,2
56,46,73,27,117,133,108,115,25,4,20,67,14,8,47,122,107,71,68,60,134,13,69,43,102,105,50,40,86,131,51,106,119,91,7,15,42,54,29,87,100,76,84,55,5,101,93,111,130,77,126,118,12,52,92,128,125,3,18,98,89,6,41,75,74,65,48,80,82,31,19,99,120,63,78,135,23,45,2,1,85,121,0,28,35,30,90,127,22,57,70,49,66,32,113,24,112,123,58,38,103,110,81,64,37,26,34,44,95,129,39,17,124,97,79,94,33,16,9,132,109,116,72,53,88,62,10,59,36,96,21,61,104,114,11,83
6,1
2,10,9,95,4,128,102,124,19,86,5,3,84,90,50,34,103,110,11,8,76,69,39,64,119,58,49,63,6,55,67,109,100,16,130,33,112,85,117,0,99,42,51,59,43,44,23,121,54,127,74,20,125,135,111,45,13,17,79,81,96,132,15,52,118,24,26,94,60,75,56,27,66,18,89,107,78,37,133,53,62,87,80,31,70,41,22,91,83,122,104,131,7,114,57,1,25,108,21,92,30,48,116,65,12,29,36,115,105,28,123,38,46,98,134,73,120,40,129,14,82,101,93,32,68,47,126,61,72,97,113,71,35,77,88,106
4,3
77,13,4,43,123,17,125,124,41,35,61,54,120,5,20,19,87,69,113,83,49,74,14,39,7,3,26,71,75,31,56,30,129,10,12,116,98,52,27,16,63,130,134,38,64,122,79,34,1,33,100,103,50,44,53,97,0,73,84,133,106,57,88,36,118,46,48,37,45,82,25,117,55,29,60,126,112,70,132,15,105,32,11,127,92,47,90,40,9,22,111,42,18,99,102,8,68,2,23,80,65,108,28,72,115,101,24,78,109,21,114,59,67,110,95,104,51,93,62,96,6,85,81,121,94,119,131,86,128,66,76,89,135,91,58,107
5,4
