2,122,6,106,120,7,114,62,95,69,76,83,10,131,50,29,13,126,36,124,129,70,91,118,53,92,79,88,54,11,0,33,117,32,130,55,20,18,63,27,1,101,30,16,109,15,23,12,90,132,78,135,21,22,41,66,133,97,35,48,45,74,28,19,89,77,127,72,65,103,39,57,17,67,51,26,128,49,87,25,64,4,98,43,104,94,8,125,24,134,102,31,60,99,108,47,113,80,86,52,40,68,58,61,96,3,75,34,84,93,100,82,110,42,112,116,38,119,111,44,81,9,14,85,56,59,123,107,37,73,105,46,115,121,71,5
3,2
122,6,43,84,40,99,53,24,101,12,125,91,97,34,135,41,75,88,124,69,104,114,73,14,79,29,72,127,81,86,7,45,112,56,131,80,134,67,32,74,10,90,36,71,51,126,15,13,123,17,133,21,129,63,47,116,19,113,111,117,58,94,35,64,118,92,9,22,95,107,30,77,106,57,96,20,115,128,50,16,109,87,46,38,85,82,105,78,23,102,26,83,8,98,44,130,39,100,119,121,76,89,66,48,0,3,42,62,54,33,68,2,25,49,60,120,28,11,93,70,31,55,103,65,61,27,52,1,4,37,5,59,132,110,108,18
1,4
17,128,112,20,118,18,134,72,45,122,135,120,55,54,65,52,89,105,10,109,31,99,88,0,40,41,21,114,69,130,47,22,92,124,37,107,62,85,96,16,50,77,63,68,106,7,80,101,8,34,36,51,28,74,126,119,87,97,81,110,29,26,56,44,48,117,94,76,115,25,14,79,4,6,98,103,53,30,49,78,86,19,23,15,75,3,84,5,57,38,43,33,125,58,95,70,2,12,9,123,42,66,73,121,46,100,91,83,61,113,111,133,60,1,82,132,131,90,129,93,35,127,11,24,32,116,71,104,64,108,13,102,39,59,67,27
1,5
79,23,58,95,7,94,28,116,86,5,118,14,18,1,90,34,102,113,85,41,84,20,51,120,130,69,107,54,66,71,15,119,26,126,42,16,115,68,70,49,112,55,132,59,9,52,2,122,3,97,27,110,99,75,117,109,129,128,98,104,81,37,40,135,87,64,24,106,36,80,0,121,25,108,93,29,67,31,44,10,88,48,33,72,11,133,50,131,101,47,77,91,123,46,17,4,12,21,100,103,83,127,134,61,73,39,65,38,114,45,32,35,43,96,89,82,63,13,30,62,56,125,92,74,22,76,105,6,53,124,111,8,19,60,78,57
6,6
132,131,116,135,83,99,75,38,46,118,34,87,89,67,49,134,53,80,103,128,102,104,56,88,1,29,48,68,78,122,125,54,119,97,20,92,13,59,133,113,55,62,32,121,106,8,40,17,71,42,4,126,5,0,90,79,98,61,25,70,45,84,86,23,130,10,114,57,26,51,35,73,85,66,21,27,52,41,14,101,112,22,81,3,15,111,129,91,47,65,115,100,82,37,127,117,44,16,76,108,93,96,60,30,39,24,31,109,18,43,69,33,124,58,12,105,72,63,74,77,95,11,19,64,107,50,2,94,110,7,28,6,123,9,120,36
5,6
37,50,87,62,101,85,22,10,98,103,15,68,72,40,55,118,13,73,9,19,48,32,77,76,12,119,92,109,11,128,23,65,60,25,58,83,79,131,74,59,106,43,47,91,54,61,80,0,57,52,27,116,51,122,42,21,28,127,113,67,39,124,120,130,102,133,104,84,8,5,64,123,26,30,94,14,90,82,17,96,81,88,135,35,49,97,117,31,125,7,134,34,89,53,115,126,24,69,44,95,71,63,99,6,16,1,93,33,86,3,75,108,132,112,105,45,66,29,20,114,107,111,56,36,18,78,41,100,129,110,2,38,46,70,4,121
2,5
133,86,5,43,23,47,93,115,108,91,10,55,50,54,7,72,70,33,89,94,20,105,88,126,73,97,121,65,74,40,98,28,15,83,128,68,17,120,29,1,21,127,16,78,53,45,67,82,109,114,35,12,27,134,76,104,96,66,100,87,49,81,77,51,13,107,125,122,26,116,31,36,0,95,25,58,4,132,129,71,117,2,6,52,11,44,48,8,38,119,9,111,41,103,32,59,106,64,34,99,110,124,63,69,56,85,22,84,101,131,130,80,14,75,61,3,19,62,46,112,113,92,135,37,79,18,57,102,123,30,39,90,60,118,24,42
3,3
93,19,107,3,27,18,10,102,90,30,73,39,80,131,122,132,81,76,26,135,35,104,83,57,56,66,28,14,11,60,8,52,43,127,71,24,7,38,68,86,48,31,61,126,41,116,36,22,98,46,130,16,96,58,111,84,20,87,25,113,62,77,45,2,103,109,17,89,117,121,51,63,134,50,129,78,67,4,124,65,32,53,69,120,125,29,119,79,97,94,74,91,5,34,75,133,59,42,100,92,85,49,70,23,108,123,110,0,112,128,9,106,13,55,88,40,15,118,44,33,1,37,21,99,12,6,47,95,54,64,82,114,115,101,72,105
6,3
100,83,31,52,84,64,127,114,82,6,0,40,12,106,46,128,133,131,73,135,97,81,122,126,70,27,80,13,103,87,130,120,99,14,39,118,74,57,58,63,132,85,32,69,26,59,67,68,125,104,36,23,105,17,2,109,30,21,115,108,88,65,124,8,44,75,123,60,86,34,91,77,50,35,53,41,121,89,43,93,18,51,38,92,15,20,102,96,19,33,107,62,49,48,95,4,66,111,29,28,54,119,55,3,79,5,9,113,56,110,25,117,7,94,10,116,129,22,24,42,45,78,112,76,1,98,61,71,11,37,72,134,16,90,101,47
1,4
128,72,134,129,70,26,110,43,32,105,35,93,82,14,38,37,125,0,131,53,67,42,39,47,52,92,132,99,28,88,108,71,65,100,18,81,58,91,29,98,117,104,69,101,75,20,83,109,130,135,17,102,115,19,63,85,9,124,118,27,45,48,119,59,61,16,46,66,40,68,1,4,24,116,133,33,44,73,76,121,86,57,94,11,41,90,31,111,123,122,114,78,112,126,96,23,55,106,34,10,79,15,74,107,113,56,8,50,84,80,7,77,49,120,22,87,97,30,12,2,21,89,103,5,51,64,13,3,127,60,95,54,25,6,36,62
1,3
44,14,115,54,59,69,99,26,67,45,70,89,66,131,111,77,108,8,135,121,98,6,50,36,46,53,62,34,114,22,20,102,129,38,2,7,47,101,110,87,92,25,49,80,83,68,133,72,118,88,13,128,58,9,51,3,104,112,19,126,85,123,95,78,109,23,125,65,130,57,15,82,30,103,105,61,91,81,97,35,127,27,124,116,71,11,55,31,5,94,21,33,76,117,16,39,42,93,120,64,41,100,1,134,74,40,32,48,113,43,63,106,24,86,12,29,75,84,73,4,52,96,37,122,60,90,28,56,17,18,0,132,119,79,10,107
1,3
10,11,95,57,68,42,114,79,117,26,59,51,39,60,40,107,1,87,110,82,109,127,25,121,41,62,43,15,52,123,78,98,104,84,4,28,64,58,126,5,22,47,89,113,120,14,106,16,72,76,55,83,8,88,92,86,77,101,18,9,128,105,61,108,66,45,74,118,132,19,94,116,6,135,34,129,131,93,96,85,27,124,50,32,134,20,119,17,37,71,133,63,3,31,97,12,90,53,30,23,70,81,112,48,33,7,65,122,38,54,75,21,67,69,29,73,13,99,44,35,49,36,100,56,102,0,103,80,111,91,24,115,46,2,125,130
6,3
96,82,21,60,133,67,112,94,49,131,74,18,101,17,11,107,39,12,86,23,57,41,105,91,20,34,81,78,110,97,28,46,79,90,61,111,8,47,58,52,128,10,122,104,63,33,59,66,25,40,70,35,62,73,0,113,106,115,9,37,92,88,32,7,119,72,99,19,1,30,6,51,130,103,102,36,76,93,68,129,65,48,75,38,26,55,85,5,89,123,87,29,117,121,125,80,124,95,69,16,132,24,14,3,120,54,114,134,4,50,118,15,77,45,109,98,42,126,100,53,43,22,116,2,56,13,108,84,64,71,31,27,44,127,135,83
5,3
20,16,49,58,44,38,121,124,111,45,96,35,106,54,100,47,135,61,74,39,46,17,131,71,60,113,95,76,128,7,9,114,133,48,91,79,85,77,120,27,102,97,37,123,132,19,11,0,67,2,127,78,33,107,65,40,59,88,117,8,112,36,93,82,42,129,5,81,92,116,72,57,118,103,32,68,25,104,90,69,86,14,63,18,55,12,56,21,130,134,28,64,31,24,26,41,51,15,98,6,66,13,126,99,108,34,109,73,110,1,10,30,43,3,70,53,80,75,119,29,87,83,101,62,105,94,23,115,4,52,89,125,84,122,22,50
5,3
110,89,111,92,101,88,57,24,91,41,26,52,15,18,71,104,123,30,38,33,119,129,53,114,90,31,65,135,80,124,105,56,12,35,40,75,108,128,58,81,115,39,68,84,0,60,9,11,27,44,67,132,10,85,5,79,13,116,49,4,46,96,66,2,43,21,133,106,86,73,125,64,72,70,99,113,122,19,6,102,32,76,20,118,14,29,23,45,78,36,127,55,95,17,22,50,8,37,134,121,94,62,97,77,93,126,7,42,130,74,103,48,47,28,25,34,131,54,59,117,82,3,61,109,112,100,69,98,1,107,83,120,63,87,16,51
5,3
107,26,10,106,66,13,83,74,79,68,64,30,21,5,70,50,130,61,60,3,19,40,39,9,99,4,59,76,127,17,75,117,93,104,11,109,114,73,103,44,35,6,0,100,34,56,90,43,88,63,29,119,97,102,108,82,15,115,51,1,105,91,18,121,52,122,69,8,101,116,41,81,20,124,112,85,96,22,45,84,16,118,95,92,46,31,49,78,62,125,67,113,128,134,36,132,89,72,53,7,87,131,126,110,129,77,32,120,57,86,58,47,14,111,37,98,48,42,123,33,25,94,65,38,80,55,133,28,2,27,135,71,12,54,24,23
2,6
47,116,49,101,43,3,103,131,26,29,18,81,64,88,21,59,94,60,70,36,124,53,44,90,12,22,7,20,126,33,75,62,96,106,35,0,128,83,105,110,77,115,37,63,65,107,68,117,48,17,113,97,119,25,102,74,111,4,95,40,67,15,125,28,66,73,120,14,79,23,16,51,127,52,129,98,5,2,69,92,27,32,31,80,45,50,130,13,76,56,54,24,6,89,19,38,11,61,30,46,135,133,86,78,99,42,57,8,114,10,100,39,9,84,58,93,118,41,112,85,121,134,87,71,108,82,72,55,109,34,122,91,132,1,123,104
5,3
14,35,93,16,101,39,72,21,112,118,63,82,133,116,99,46,76,0,61,119,28,31,54,88,47,107,10,122,89,77,98,57,41,67,15,95,113,33,11,6,37,102,27,52,59,108,18,7,120,36,34,42,111,104,65,84,71,87,22,30,4,68,128,60,29,130,125,86,56,103,53,44,132,117,114,48,121,3,92,24,49,74,50,91,43,94,105,23,1,69,20,32,66,134,73,13,26,110,97,135,85,78,19,38,25,40,8,126,90,124,12,115,100,131,79,70,64,45,17,75,96,2,55,109,62,58,129,51,106,127,9,123,83,5,81,80
3,1
54,14,117,71,69,30,65,34,46,41,4,5,43,104,49,35,90,107,57,129,50,112,128,58,44,78,52,97,38,70,47,125,20,92,75,122,28,101,120,109,131,79,15,110,89,1,73,91,132,119,108,114,88,93,60,13,55,0,83,21,106,61,25,123,81,16,72,133,66,94,116,59,99,6,18,127,74,63,10,68,62,3,31,36,134,32,2,118,12,7,53,102,130,22,77,96,124,45,113,82,56,87,51,42,37,67,48,95,84,8,135,80,86,100,29,111,24,9,85,126,40,64,105,33,103,19,27,23,11,26,76,17,39,98,121,115
5,1
25,2,104,13,100,17,122,44,96,93,77,27,70,80,58,95,54,78,113,53,8,129,37,121,5,63,39,90,99,42,30,128,74,85,131,48,105,67,18,106,114,52,117,98,19,3,0,41,91,125,22,120,101,55,1,28,72,79,50,29,69,134,60,103,119,31,7,83,87,46,108,92,94,26,107,34,64,127,116,36,62,9,43,86,11,115,124,81,71,35,66,132,130,24,21,4,16,33,51,126,135,65,112,118,88,47,49,15,38,110,73,61,20,102,14,84,82,68,56,75,109,12,111,97,123,57,40,10,23,45,89,6,59,133,76,32
4,3
8,98,124,132,131,92,2,100,83,70,77,51,110,101,34,5,29,89,69,42,82,126,41,91,21,72,38,54,46,128,57,24,63,22,60,67,94,26,0,76,74,65,45,12,118,107,109,127,97,106,75,61,52,43,103,88,135,108,53,23,71,120,115,64,125,37,13,56,121,30,11,87,35,85,81,134,96,130,102,14,122,36,55,95,93,17,133,48,1,16,40,129,20,10,28,73,39,50,68,117,123,44,59,58,112,15,62,78,7,32,90,25,31,119,80,9,49,104,99,19,6,86,3,18,116,84,114,111,105,33,4,66,79,113,27,47
5,1
64,99,65,100,52,30,48,14,114,135,117,40,97,31,46,81,42,54,0,51,105,29,95,101,98,73,110,82,128,85,120,58,3,122,126,19,78,11,5,132,66,37,111,39,7,119,94,6,124,93,50,38,63,20,49,24,43,113,127,133,88,32,67,121,16,4,53,87,23,8,25,44,123,71,15,12,60,47,35,62,131,68,108,104,103,9,69,77,59,17,34,22,36,72,74,28,2,91,56,80,10,41,45,112,18,13,129,109,57,33,118,70,61,90,75,55,130,92,96,76,84,125,27,106,79,134,86,115,21,26,1,107,116,102,83,89
2,5
94,78,43,31,132,69,61,110,83,70,113,8,59,40,64,5,115,54,27,41,102,93,50,26,123,18,16,81,46,126,62,103,7,3,135,49,33,86,121,39,63,10,97,38,116,25,28,91,35,58,48,72,122,108,79,98,109,118,13,0,96,36,9,68,14,66,74,106,134,77,128,30,125,34,100,129,29,119,45,52,15,89,75,21,85,117,88,11,130,55,107,17,95,44,12,92,42,133,105,56,84,47,51,19,120,2,90,73,23,114,101,82,24,80,60,67,53,124,104,57,20,22,131,6,127,65,4,112,37,1,32,71,99,111,87,76
2,2
82,128,107,112,22,9,8,115,86,129,98,30,46,33,35,81,63,121,62,7,88,89,42,13,53,109,119,76,123,102,111,25,31,11,104,65,41,29,83,4,50,125,134,57,36,18,85,51,110,66,58,15,60,131,23,79,68,96,6,26,133,69,44,126,95,105,34,45,67,54,40,127,49,16,77,74,97,32,124,130,72,37,61,93,75,21,108,48,100,114,101,38,56,64,120,103,84,19,80,47,73,94,91,14,117,122,12,52,135,5,87,43,132,90,27,20,28,99,1,17,113,2,70,92,116,55,59,0,106,39,24,10,3,78,118,71
3,4
19,54,69,85,95,61,130,96,72,127,118,11,67,135,99,41,93,35,37,26,75,20,50,2,34,55,120,102,28,46,30,123,79,16,126,43,18,21,45,131,8,81,48,76,101,29,121,3,84,0,65,17,134,49,51,63,113,115,128,13,5,104,64,58,88,15,117,68,40,24,98,62,70,14,27,111,44,92,133,112,109,80,94,33,106,38,82,90,86,39,22,100,125,91,53,23,89,9,71,74,122,66,129,77,4,87,110,97,105,56,108,25,32,47,78,52,42,31,83,124,73,36,116,114,132,6,1,7,57,119,103,107,10,59,60,12
3,4
135,60,9,40,127,8,92,45,44,78,47,88,69,130,94,96,98,83,77,82,30,133,7,46,89,131,72,122,103,13,20,21,24,79,134,1,56,132,119,58,100,3,16,25,53,12,61,38,67,118,68,106,59,33,95,91,109,129,34,66,74,70,75,43,81,124,128,86,114,19,111,50,110,102,125,5,123,115,85,99,29,10,32,27,120,0,11,112,36,57,116,108,117,80,4,76,73,104,121,28,2,93,107,49,41,22,113,26,51,15,55,17,48,62,35,52,23,39,87,105,54,101,64,37,14,31,65,84,90,71,63,18,42,6,126,97
1,6
118,83,116,84,14,13,38,71,131,3,70,34,53,112,90,54,5,51,55,16,58,114,97,41,75,56,95,72,132,46,87,40,15,123,4,91,67,124,109,26,37,22,23,39,69,100,85,12,62,11,48,120,135,121,134,82,104,94,24,63,57,7,107,43,59,76,68,31,102,108,35,117,66,32,1,133,27,105,98,21,77,122,9,20,128,88,47,36,86,73,106,45,80,93,81,18,96,125,52,126,19,130,0,119,33,42,2,61,111,74,110,103,78,65,44,79,127,10,115,92,64,129,49,6,113,60,99,28,25,17,50,8,89,29,30,101
1,6
21,10,8,60,120,73,41,93,22,26,43,40,69,58,72,68,16,124,18,39,76,102,32,3,132,48,107,9,45,53,80,114,110,64,90,44,46,67,12,119,62,134,66,77,92,6,118,14,2,71,88,57,50,109,82,108,121,127,89,33,79,17,117,100,95,35,27,87,29,61,97,19,83,54,1,59,0,105,63,56,128,113,122,34,4,70,24,55,30,7,131,126,25,31,103,78,129,52,86,49,11,38,47,65,123,28,125,101,106,13,91,85,75,116,5,20,36,74,133,111,84,135,81,37,42,94,15,99,112,23,51,98,104,96,115,130
3,3
0,94,117,48,83,28,64,128,1,6,105,32,25,98,21,38,2,41,120,91,107,131,87,84,88,93,135,125,63,108,39,95,101,40,34,51,7,67,31,124,129,35,114,109,72,33,30,92,37,132,69,77,123,80,110,45,9,122,59,19,89,70,116,102,58,113,112,24,79,20,97,14,90,55,115,13,106,11,42,99,76,5,103,100,57,17,86,8,23,3,68,104,29,15,36,82,47,22,46,74,43,27,96,127,119,75,56,60,50,53,61,73,78,130,16,121,18,118,52,134,44,26,71,126,12,65,85,10,111,66,133,54,49,4,62,81
1,5
88,70,45,104,105,122,101,22,3,18,62,35,75,93,0,78,95,80,82,77,86,38,63,4,116,97,106,111,40,65,113,44,84,109,28,64,120,51,61,17,59,68,13,74,29,19,125,24,30,108,5,8,15,42,47,131,102,114,55,36,54,12,9,33,1,96,135,117,71,130,133,41,46,115,107,32,92,53,56,49,16,37,89,90,27,124,20,34,72,99,21,67,126,100,110,57,91,73,14,52,98,119,129,26,79,66,128,76,48,10,134,103,43,69,6,31,39,81,25,132,58,123,87,2,83,127,50,118,85,11,121,94,23,112,7,60
2,5
22,102,134,7,67,29,113,55,37,58,98,95,61,110,5,101,54,129,12,36,31,17,24,115,106,14,83,84,117,91,125,3,135,88,19,87,132,11,109,13,40,124,73,111,127,34,46,33,16,108,75,90,15,93,10,6,23,32,44,49,43,78,2,118,53,97,66,63,52,81,25,57,21,94,96,100,105,9,86,89,77,45,76,39,1,104,133,92,68,74,121,99,103,116,62,27,50,28,26,122,79,112,41,131,51,30,130,120,107,56,48,82,70,65,47,114,126,123,8,64,69,35,20,42,60,72,59,18,38,119,80,85,71,4,0,128
1,6
79,115,71,121,36,118,25,20,64,41,46,129,99,3,54,53,83,78,5,100,13,30,38,77,15,9,58,27,4,127,29,22,2,93,91,130,40,24,7,116,103,133,28,123,32,11,74,96,44,104,37,109,124,88,68,76,81,125,65,50,61,122,111,49,12,114,14,62,72,63,106,57,97,60,31,6,18,95,0,117,23,101,47,84,43,75,105,19,120,102,134,86,39,90,55,112,21,82,94,135,67,113,110,108,1,128,17,69,119,26,85,8,70,98,33,80,107,131,92,16,45,56,42,10,73,51,48,87,35,52,89,34,66,59,132,126
3,4
97,100,27,2,71,78,30,130,90,58,6,70,67,110,117,32,80,104,132,111,63,35,45,55,79,38,128,44,103,5,60,31,46,37,85,91,36,17,1,53,25,114,92,10,102,122,96,68,29,77,4,51,3,106,86,18,94,135,39,14,129,93,15,125,95,49,116,105,66,76,108,124,72,21,118,69,89,112,12,16,64,75,22,113,98,57,81,20,61,0,40,54,59,107,99,28,42,82,87,33,41,73,74,9,11,65,84,121,47,7,119,120,126,50,34,26,101,62,24,134,52,131,83,123,109,23,48,43,133,19,8,88,56,127,115,13
1,2
99,70,123,25,30,62,102,80,98,101,48,104,78,65,125,95,52,6,87,86,93,38,116,26,19,106,91,96,59,128,9,97,110,53,56,109,24,7,132,20,73,37,83,60,27,88,34,8,114,46,67,0,55,43,134,130,41,108,44,22,113,21,112,45,3,119,31,63,79,129,127,115,121,29,33,124,51,77,107,94,32,111,105,1,10,23,58,64,71,36,118,92,133,120,47,11,135,40,12,68,39,100,126,5,17,90,69,49,35,122,14,54,28,42,103,76,84,117,16,75,82,57,15,2,66,85,72,61,50,74,13,89,18,81,4,131
4,1
72,121,64,33,92,88,116,5,17,26,12,80,60,32,85,24,4,78,49,130,99,57,126,31,117,127,133,71,95,63,112,89,82,105,8,10,102,61,9,58,106,50,37,41,44,48,115,3,65,84,131,68,108,1,6,96,98,125,45,70,109,62,118,56,123,20,23,122,100,103,27,29,87,21,47,7,79,39,134,69,86,30,0,43,22,104,52,113,83,73,51,107,13,59,40,16,28,97,66,76,94,132,111,53,110,91,128,42,25,46,11,119,54,14,2,38,93,19,90,75,36,35,55,18,34,124,67,114,77,15,101,129,120,81,74,135
3,1
116,84,35,48,113,71,124,118,131,79,6,36,108,23,7,133,65,100,0,75,17,62,11,52,29,43,49,132,93,73,94,91,4,59,10,63,78,30,127,1,46,33,55,12,105,110,67,21,3,120,114,107,56,119,40,129,115,72,41,2,117,5,101,37,106,9,61,38,77,82,24,86,31,34,15,45,88,14,87,103,102,44,60,68,64,123,39,112,128,99,50,20,130,104,125,89,74,32,98,111,122,109,81,80,70,57,97,92,16,126,25,58,42,95,13,22,96,66,26,28,76,121,135,134,54,8,51,85,27,47,53,83,19,18,90,69
6,3
105,69,58,104,108,22,95,13,76,33,110,27,113,133,82,16,18,24,2,106,61,40,83,92,129,29,94,4,1,26,90,7,37,12,48,124,75,17,130,55,35,97,128,28,62,23,39,120,117,14,80,46,45,51,36,102,109,116,78,42,107,121,43,91,77,19,63,65,68,84,59,73,38,11,53,32,10,71,103,3,126,115,101,31,60,100,127,85,135,30,89,134,118,87,15,5,6,9,74,8,125,47,44,49,67,96,52,123,0,72,64,57,112,66,111,114,50,99,122,86,88,41,132,70,34,119,56,131,93,25,98,79,21,20,81,54
6,1
7,91,83,71,59,100,31,61,79,11,117,0,73,62,99,72,87,75,112,116,90,114,16,77,105,41,32,36,6,9,53,78,47,109,123,110,64,23,18,24,69,13,85,55,33,132,26,68,49,14,29,34,97,8,74,22,81,15,103,45,113,40,125,17,20,135,37,92,19,115,118,30,121,80,12,5,96,50,54,2,120,65,106,67,93,70,88,127,126,84,101,46,98,60,129,51,48,128,28,25,21,3,44,56,124,133,131,111,102,107,4,119,35,134,122,108,27,89,43,39,66,94,58,1,52,82,130,104,42,10,95,63,57,86,38,76
2,4
23,14,10,98,114,9,54,40,99,26,128,103,68,47,50,74,57,110,88,87,117,48,101,111,13,38,42,41,97,100,123,134,71,2,39,129,106,120,72,85,33,12,53,125,112,51,126,91,105,15,78,77,122,116,28,86,108,89,61,115,107,69,119,75,32,37,7,70,59,34,19,76,5,52,46,83,131,6,3,135,96,31,93,1,90,133,25,44,109,18,80,104,11,84,27,63,81,82,118,73,58,64,79,49,94,56,95,66,55,21,20,29,4,43,36,113,8,35,60,62,127,0,24,45,67,17,16,132,22,102,124,65,130,30,92,121
3,4
18,112,43,74,88,8,50,66,104,32,115,129,82,84,54,125,124,73,19,67,28,46,133,89,95,91,69,86,25,135,102,55,122,23,24,49,34,17,107,77,76,62,31,121,108,44,81,72,11,93,98,59,75,111,36,70,83,132,30,68,58,29,39,20,42,90,41,109,123,99,80,127,14,79,114,48,53,128,27,47,65,97,101,63,119,116,113,130,78,120,22,21,87,105,52,13,131,100,10,12,71,103,2,134,56,5,9,118,96,7,57,16,26,37,0,94,3,61,6,4,1,126,33,117,64,45,51,38,40,110,60,15,92,85,106,35
2,4
46,48,52,22,72,47,65,105,11,51,99,50,73,21,37,111,97,7,88,85,13,59,57,19,4,44,115,121,36,40,30,84,18,123,28,53,119,60,133,14,71,64,20,76,101,112,67,63,54,1,125,98,90,26,110,35,17,9,74,61,134,33,130,49,100,41,109,0,45,96,126,86,87,38,80,104,83,32,131,79,122,10,2,69,107,103,127,89,93,5,55,75,128,92,81,68,120,42,113,15,23,118,82,108,124,58,95,102,24,34,66,56,94,129,114,62,8,29,3,12,31,16,116,117,78,132,106,6,91,70,135,43,39,27,77,25
3,6
97,33,128,98,22,18,95,102,132,119,96,49,73,45,100,88,44,43,1,48,47,120,112,51,61,10,27,77,26,35,103,80,106,105,101,42,82,28,68,117,122,36,56,109,38,126,25,110,116,83,3,115,66,32,58,93,2,11,60,4,89,133,118,78,14,113,123,71,9,39,62,12,90,55,131,127,76,92,108,86,5,74,104,134,65,87,111,70,54,6,72,69,99,130,20,53,16,85,24,52,8,31,135,41,17,13,64,57,84,75,7,59,79,40,29,67,46,107,30,91,121,114,50,124,129,63,94,34,23,81,19,125,37,21,15,0
1,6
115,42,114,101,83,67,133,19,39,87,72,90,97,5,41,119,9,49,104,54,120,91,134,57,22,3,44,48,31,102,61,124,64,98,99,0,8,89,93,17,23,122,116,70,113,40,36,112,12,94,111,118,128,16,82,62,108,77,25,130,110,28,51,14,117,135,20,73,55,13,33,105,88,129,80,76,27,131,30,59,2,6,66,1,21,35,100,68,65,96,10,126,58,75,79,69,123,45,32,103,37,56,81,34,50,46,78,92,71,15,60,85,38,127,86,18,11,121,26,7,95,84,47,63,43,24,132,74,109,125,53,4,107,52,29,106
4,6
59,132,20,89,95,67,120,84,92,1,76,113,131,125,30,121,11,126,134,107,12,117,80,2,22,57,97,51,90,119,79,54,14,0,86,98,128,91,103,42,27,19,71,69,28,4,38,41,123,46,122,16,6,78,72,64,70,114,115,53,129,60,33,124,52,32,49,26,74,102,21,94,100,48,56,106,87,17,81,9,61,29,77,8,75,35,13,110,45,15,104,31,133,37,25,101,112,127,99,85,39,50,105,93,24,88,55,109,111,47,66,18,68,73,63,108,58,135,96,23,65,44,7,36,130,40,43,5,82,83,118,116,10,62,3,34
2,4
101,74,16,128,39,83,18,134,28,81,99,106,96,19,26,87,102,124,5,119,37,76,0,40,59,63,33,105,127,97,67,52,55,114,122,64,86,44,117,24,17,115,42,112,110,6,129,84,72,109,77,75,98,89,100,130,35,107,47,65,93,54,90,12,20,25,41,49,95,22,57,131,120,123,69,103,85,13,111,78,23,14,88,43,91,61,121,94,68,48,21,73,50,4,116,79,2,3,70,7,11,32,92,15,29,46,62,133,71,66,60,104,36,118,45,135,10,9,125,82,31,56,126,30,80,132,58,8,34,108,51,113,53,1,38,27
5,4
76,102,97,78,88,83,85,99,89,58,27,105,128,4,66,111,129,5,55,72,63,134,123,22,54,65,14,15,32,73,95,101,45,29,61,44,8,93,77,26,62,28,24,12,41,37,132,96,90,108,20,75,103,70,84,9,13,39,11,47,3,2,118,30,52,36,100,0,60,114,10,131,51,127,125,117,104,23,56,82,109,135,81,87,31,57,69,116,115,49,124,43,35,98,18,106,42,68,25,67,121,50,64,126,53,122,48,86,33,91,79,7,17,80,34,16,1,130,113,110,120,38,133,112,92,59,119,71,21,40,107,74,94,19,6,46
5,4
1,134,120,62,131,25,65,83,20,117,23,71,67,101,45,132,64,13,22,128,86,11,8,12,14,3,5,95,47,59,56,110,127,77,107,35,78,48,21,98,92,105,114,79,122,28,76,129,32,94,9,74,97,100,88,111,40,54,135,26,104,4,90,130,72,133,80,68,57,58,118,112,15,7,49,116,50,24,70,42,18,39,53,60,51,99,93,38,125,108,87,37,2,10,19,52,31,27,69,16,29,75,121,113,123,103,44,96,34,33,119,73,109,41,17,106,84,66,0,6,82,115,81,63,43,61,36,102,89,91,55,85,124,30,126,46
6,2
54,109,25,67,117,72,46,79,7,27,96,132,4,101,71,58,50,131,95,91,84,107,47,60,68,55,63,92,26,120,29,106,56,116,88,89,32,13,108,94,2,128,99,33,61,11,126,23,9,21,28,17,10,62,38,15,24,112,105,39,82,18,134,124,74,85,102,119,93,66,0,59,118,41,8,31,87,129,121,113,22,98,51,40,115,12,81,36,30,53,123,78,73,80,111,97,100,42,49,52,48,110,135,35,44,130,90,20,86,122,64,43,76,65,77,14,1,69,127,57,34,5,37,19,103,45,133,3,16,114,125,83,75,104,70,6
4,2
120,74,41,91,52,84,122,123,44,94,4,118,39,67,9,56,87,119,40,78,8,50,3,31,63,23,90,59,71,126,127,107,108,99,42,45,95,85,89,47,34,19,97,70,110,2,27,17,48,20,6,128,131,13,58,16,25,121,80,1,37,96,24,57,11,72,117,22,7,18,49,116,62,36,33,15,88,77,102,125,73,28,61,100,92,82,66,101,115,32,55,130,86,29,98,30,12,10,133,76,14,111,26,21,46,75,104,105,103,129,113,81,83,79,53,35,93,65,132,51,64,38,109,134,43,114,106,112,0,135,68,60,54,124,69,5
4,1
118,20,22,96,110,56,113,67,134,124,102,105,68,18,66,54,77,65,41,82,73,38,121,46,130,16,101,85,71,63,131,116,132,115,39,97,40,36,64,3,78,72,86,33,90,28,24,8,14,111,55,11,127,129,31,17,106,45,57,62,30,59,95,126,133,49,42,15,44,100,81,58,104,23,75,51,128,50,109,107,48,99,112,19,5,34,125,10,123,93,103,2,87,83,92,60,29,122,32,89,88,80,6,35,79,52,108,69,98,12,25,84,53,9,61,120,0,70,1,74,21,7,94,47,37,135,117,27,13,91,119,4,43,76,26,114
3,2
56,12,67,65,55,79,107,115,2,127,81,66,52,1,75,4,96,70,109,85,98,88,61,129,45,34,118,10,44,99,95,5,84,19,74,69,11,24,31,78,106,35,90,105,28,50,82,64,0,21,30,119,6,111,108,36,102,13,63,25,117,27,100,43,133,72,33,38,94,58,128,40,17,3,120,121,76,41,62,68,103,7,116,77,29,53,104,46,48,14,93,132,18,134,112,130,20,114,83,124,113,86,16,23,131,110,15,49,22,97,47,126,42,32,39,26,57,80,92,123,59,37,54,60,71,73,125,8,51,135,122,89,87,101,9,91
2,5
99,96,45,81,56,17,111,93,128,44,9,123,48,65,80,73,94,27,37,19,13,53,135,121,60,106,112,18,42,82,90,77,40,34,66,16,91,33,14,23,21,47,4,87,0,1,20,74,105,101,12,30,3,10,58,6,78,114,52,126,130,71,84,67,8,125,43,36,88,32,5,59,132,76,72,107,50,85,63,54,109,39,103,98,120,89,86,124,118,55,24,46,92,29,129,61,115,25,7,104,75,102,119,11,28,70,57,26,62,22,127,100,113,108,35,41,117,131,51,133,2,79,110,95,116,122,68,49,64,83,31,15,134,69,38,97
6,1
10,64,124,119,92,52,24,133,53,98,14,0,97,16,106,28,42,1,111,31,102,127,68,46,48,69,9,121,35,63,61,95,116,76,79,45,66,112,7,115,5,32,33,30,38,86,89,107,85,43,110,90,11,51,109,21,59,65,49,34,15,22,87,82,26,74,125,3,130,96,12,80,19,6,44,29,134,72,2,118,129,88,57,20,41,81,94,120,132,13,73,18,17,104,117,39,99,135,126,83,113,47,77,62,40,128,4,100,25,27,23,36,75,55,101,93,84,54,123,58,105,114,50,131,56,8,70,78,60,37,103,91,108,67,122,71
5,6
56,10,65,61,22,31,69,7,81,49,88,82,13,92,68,78,75,112,129,30,44,87,103,66,86,110,52,17,45,50,106,121,84,80,91,109,128,122,40,25,43,62,9,11,104,107,74,117,83,39,36,57,130,41,27,133,60,33,124,77,59,16,131,28,93,72,98,123,79,64,35,19,94,26,55,96,24,12,119,132,34,32,38,125,20,95,37,134,90,21,14,113,114,15,120,0,101,46,116,58,99,115,71,73,100,70,89,5,6,105,53,127,47,42,48,102,63,4,85,108,2,18,23,97,126,51,54,111,29,76,118,8,3,67,135,1
2,6
30,1,50,5,103,66,127,28,74,60,64,72,53,70,57,99,120,46,89,132,14,126,26,98,48,96,87,97,83,82,131,85,13,125,128,67,79,18,21,73,133,81,11,8,135,117,27,3,12,24,76,124,4,10,112,78,56,113,32,39,36,130,58,61,31,42,114,123,19,75,122,45,110,59,71,84,88,92,134,90,115,40,9,62,38,22,86,43,100,119,33,25,111,129,35,107,108,91,118,105,15,34,41,47,69,93,23,29,63,102,55,37,106,94,51,17,80,44,49,54,104,77,16,6,2,20,0,68,95,52,7,121,116,109,101,65
1,1
73,69,82,75,51,85,90,106,33,39,49,86,3,15,94,66,40,81,67,4,83,31,50,112,124,108,43,0,110,74,34,53,25,129,98,57,54,113,36,6,37,10,135,19,70,1,125,87,126,14,24,109,35,131,84,23,132,13,95,21,104,99,134,111,48,16,22,12,46,41,61,28,114,30,29,116,64,59,127,17,58,107,97,78,65,93,52,100,122,11,63,20,44,80,105,76,115,32,77,9,128,96,60,62,118,79,103,101,68,8,55,45,2,56,121,5,133,7,123,38,27,72,102,119,117,92,18,42,26,91,89,120,47,130,71,88
1,2
89,112,128,4,29,90,38,135,103,12,70,52,65,105,124,121,75,31,79,86,107,111,94,7,114,32,60,102,6,23,26,118,5,11,2,130,0,95,110,54,45,71,115,14,123,92,46,3,81,66,88,19,10,82,131,33,132,25,127,39,108,18,99,117,24,20,113,69,22,9,51,50,28,30,21,58,55,57,101,120,104,91,109,78,84,134,72,100,116,8,47,1,87,48,53,37,106,36,119,59,73,40,133,129,76,77,15,61,97,42,56,17,68,122,74,35,85,98,83,125,41,96,62,44,93,34,80,64,43,63,67,27,126,49,13,16
2,6
104,111,78,105,52,16,71,122,87,121,97,117,112,47,65,108,76,103,114,51,86,30,25,115,125,23,32,49,14,8,58,83,24,12,56,18,100,36,7,26,99,27,84,118,50,4,20,80,1,94,40,0,113,9,134,79,22,106,101,116,129,17,89,130,91,33,120,3,34,95,77,45,132,11,68,61,63,53,98,107,59,133,66,75,109,31,123,69,43,135,55,119,2,96,38,124,90,88,74,82,41,46,21,54,15,48,67,85,93,44,126,42,29,128,60,57,28,110,35,39,131,10,102,19,127,73,37,6,92,81,64,13,5,62,70,72
3,3
111,82,68,77,2,0,50,124,65,8,60,18,92,90,105,19,58,103,62,98,113,107,67,13,32,135,69,49,55,121,94,85,129,116,133,45,106,34,66,95,21,14,53,101,51,26,28,15,47,38,100,114,132,115,99,41,48,128,119,5,10,7,35,74,110,89,30,54,75,108,43,127,63,83,29,73,39,3,91,64,80,12,134,33,20,16,22,104,25,112,59,88,46,31,17,123,117,27,126,86,44,11,70,52,78,4,93,61,130,24,122,87,81,42,84,40,71,23,125,57,131,118,56,79,6,72,37,36,76,96,120,102,109,9,1,97
6,5
71,132,89,0,69,134,73,25,17,2,114,14,84,64,91,121,90,42,39,80,46,63,116,61,79,18,107,119,53,128,86,109,3,102,88,31,36,37,35,47,98,60,32,104,34,83,108,50,135,45,4,10,125,76,44,101,82,52,66,20,24,23,57,124,85,62,6,133,110,65,33,120,126,48,97,87,49,115,72,123,16,70,103,8,130,58,78,19,40,15,41,12,129,112,56,81,74,29,77,43,105,5,95,106,27,100,68,59,7,30,13,113,93,96,117,38,51,118,127,26,28,54,55,99,75,11,94,9,67,1,92,22,131,122,21,111
2,1
33,12,96,120,135,65,105,121,8,36,2,100,61,123,30,26,7,125,38,6,42,55,85,34,24,90,27,16,131,128,31,93,102,14,80,104,51,68,28,67,52,133,48,117,83,43,10,13,132,126,25,72,92,9,29,18,89,74,63,134,115,82,108,57,22,87,5,94,77,3,62,103,109,17,54,79,107,122,66,86,84,97,64,53,70,130,110,47,101,71,124,19,56,0,127,76,119,32,4,98,116,73,111,129,39,21,46,23,69,59,113,37,60,35,20,106,99,50,75,41,118,1,81,88,91,95,114,45,11,40,15,58,44,112,49,78
1,6
106,24,5,25,129,124,12,79,116,15,43,37,21,49,133,31,117,57,99,20,97,120,134,111,68,103,91,128,95,46,70,104,122,83,123,67,101,110,126,118,81,125,69,75,4,2,100,89,32,56,39,73,33,50,64,51,127,13,132,96,109,42,85,119,82,88,11,10,7,93,14,1,54,52,27,16,47,60,58,108,34,87,55,23,9,22,84,6,121,76,98,45,53,41,0,94,26,61,44,74,17,105,8,115,65,71,112,131,113,3,40,66,80,90,86,92,107,72,35,77,130,30,29,38,78,28,18,62,135,19,59,36,63,102,114,48
2,5
16,35,106,79,46,55,64,112,90,118,7,57,9,48,65,98,96,81,94,40,69,80,39,132,36,120,134,6,12,3,83,18,72,103,68,60,21,135,92,126,117,102,50,67,129,2,45,52,53,76,22,110,20,109,5,32,123,10,114,121,101,25,51,63,34,17,28,13,24,116,47,77,93,104,119,105,95,56,78,14,4,125,30,91,127,89,82,97,130,131,108,62,113,11,100,0,33,71,70,87,15,19,99,66,74,75,29,133,38,84,111,1,23,37,59,8,27,58,44,26,85,43,122,31,128,42,73,107,54,61,49,115,124,41,88,86
6,3
62,122,36,109,47,129,79,48,84,119,107,120,26,81,32,89,131,134,135,41,96,99,98,22,124,126,63,69,103,111,64,133,92,42,91,132,45,101,51,6,56,105,85,108,25,125,80,0,49,117,10,52,57,97,43,82,130,33,24,65,114,90,110,68,37,75,61,94,121,59,9,46,19,29,5,11,67,53,16,113,39,66,13,35,87,88,31,95,104,73,20,8,27,106,71,116,30,72,70,60,2,123,34,77,127,44,55,40,100,50,78,115,4,86,74,12,54,76,83,58,112,28,21,7,118,18,14,1,38,15,23,102,3,17,93,128
4,4
127,76,7,52,35,22,6,11,90,129,30,73,33,134,122,109,108,58,0,74,102,47,42,133,49,40,119,31,48,38,41,55,1,14,83,10,131,18,21,36,9,71,25,96,104,120,56,115,37,79,43,126,123,45,24,15,27,28,63,132,98,114,29,75,57,19,113,44,20,94,60,85,26,128,17,130,91,66,117,23,51,3,124,87,121,32,110,125,54,116,135,16,105,34,107,12,97,81,8,95,50,78,86,106,112,59,13,93,5,89,61,118,88,72,39,68,64,82,46,100,62,84,77,4,101,65,67,69,103,80,111,2,70,53,99,92
6,4
17,98,89,55,109,128,44,51,87,102,52,38,68,3,132,127,6,120,64,26,11,16,36,53,35,76,80,105,99,111,18,2,119,61,94,67,74,59,13,106,70,23,29,48,56,135,123,113,63,28,8,82,31,22,54,75,21,101,69,43,96,39,5,65,84,42,24,19,71,130,124,78,45,117,104,41,4,91,58,12,49,95,121,108,93,83,27,15,33,30,62,1,103,115,40,125,116,112,110,122,92,129,77,79,34,0,37,50,32,88,66,20,131,85,107,90,100,73,97,134,57,81,7,72,118,14,60,114,10,25,47,133,46,86,9,126
2,1
73,52,51,121,4,8,116,56,54,13,100,23,123,101,57,11,86,24,30,92,102,0,5,122,91,99,7,27,126,98,37,48,43,110,65,40,36,50,58,55,82,112,94,34,87,88,42,89,85,107,132,131,26,38,103,66,119,14,45,96,31,80,12,97,75,29,70,134,71,114,41,130,20,128,104,9,72,33,61,28,2,76,133,113,59,120,3,105,1,35,60,10,69,109,95,125,81,39,127,16,93,111,53,63,83,79,25,68,22,90,106,77,129,135,17,6,84,32,15,44,118,67,18,78,108,21,62,47,74,124,115,117,46,49,64,19
1,2
11,57,0,45,121,84,34,16,44,86,117,7,130,70,8,36,20,122,76,27,21,132,110,74,109,31,125,18,35,47,4,40,133,43,61,2,116,26,120,33,89,1,10,85,68,114,54,17,69,65,90,99,112,113,118,123,3,111,124,64,6,32,100,63,53,88,66,127,80,87,39,49,105,51,115,58,131,52,98,67,129,96,134,82,41,102,91,25,12,81,77,92,5,72,50,103,48,101,9,29,71,78,94,73,135,59,55,28,79,30,93,15,13,42,128,23,60,14,62,75,104,38,83,46,97,95,108,56,37,106,119,24,19,22,126,107
6,5
115,92,70,110,69,7,93,135,11,82,120,55,132,60,17,28,31,79,64,131,118,76,40,113,106,126,43,30,122,53,75,39,97,26,86,61,50,68,101,67,23,103,116,41,83,59,2,94,96,44,46,1,35,91,105,20,133,98,71,125,6,52,8,36,32,72,108,45,16,10,15,77,102,22,65,56,37,85,0,123,4,63,34,14,78,74,57,12,81,25,121,19,129,119,111,89,95,73,107,62,27,51,130,99,80,100,54,33,13,84,66,48,88,104,9,90,29,127,87,21,112,134,49,5,114,3,42,117,47,124,128,24,109,18,58,38
4,6
15,85,64,110,29,35,124,49,125,19,135,47,34,118,77,27,62,90,121,122,8,103,11,86,134,50,4,114,40,98,89,104,67,23,65,46,57,36,102,42,54,112,119,22,37,83,128,3,69,92,71,95,75,28,58,31,129,55,26,93,82,131,56,107,52,32,18,5,130,33,43,72,0,116,81,61,76,78,7,45,2,59,51,100,74,113,79,41,106,111,16,44,48,126,99,87,53,6,10,84,73,96,101,14,60,117,97,88,127,66,68,25,91,13,108,63,24,30,109,38,94,80,120,12,132,39,115,1,70,9,17,21,20,133,105,123
1,5
115,31,20,130,24,105,92,112,13,104,89,39,107,29,21,73,114,91,110,47,135,80,122,66,109,32,113,45,133,95,19,10,60,94,79,120,127,125,131,116,106,99,9,17,43,76,78,119,108,44,27,67,96,25,118,69,42,75,26,65,134,64,101,86,56,59,28,14,57,5,70,68,88,84,18,12,126,16,62,97,82,49,11,124,30,38,132,128,34,23,71,51,48,100,22,1,37,85,123,117,52,53,46,15,111,61,6,50,90,77,36,0,102,7,35,33,74,81,41,63,93,58,4,2,72,8,98,83,40,3,129,121,103,54,55,87
4,1
4,47,35,12,69,112,118,3,44,24,15,71,26,46,99,124,104,116,16,10,103,88,64,126,97,113,53,39,51,65,20,70,52,21,72,93,8,80,48,74,7,95,89,130,77,86,83,110,66,22,84,76,94,6,81,87,63,92,38,127,28,68,128,14,27,31,25,9,13,90,73,135,100,108,55,117,111,119,42,45,131,98,75,57,121,11,18,101,78,67,33,29,107,58,41,91,17,56,134,82,125,5,49,59,62,50,1,61,34,54,30,19,79,114,106,120,85,32,115,40,123,105,132,129,37,60,102,43,122,133,96,2,0,36,23,109
5,2
62,87,97,99,37,78,128,31,22,79,125,15,135,43,1,73,127,68,63,0,53,121,98,91,112,129,3,131,77,8,92,45,24,34,113,101,90,110,54,39,60,56,111,7,40,35,20,80,13,41,44,66,67,52,120,23,26,75,5,89,88,116,36,21,119,86,122,102,55,28,29,27,123,16,58,83,70,48,33,115,49,4,117,72,17,38,118,47,61,84,12,6,18,103,106,133,96,2,50,95,132,42,32,59,46,130,114,105,108,126,124,107,81,94,65,109,82,76,85,93,74,19,64,30,134,9,51,11,100,104,69,25,14,71,57,10
6,4
60,33,95,100,70,98,6,111,126,55,36,72,85,47,67,86,3,18,92,117,40,76,59,28,122,130,89,96,23,7,83,45,116,119,101,50,32,5,94,56,107,114,80,57,93,26,78,52,108,97,99,64,30,54,131,77,46,44,2,4,29,87,104,61,106,71,91,105,75,120,74,125,65,12,81,121,103,34,9,123,58,110,11,84,90,118,15,42,41,21,48,88,102,0,82,79,132,31,133,13,53,135,51,19,112,49,39,43,129,134,1,73,66,17,14,37,22,68,16,127,35,38,69,115,63,113,10,62,124,24,109,25,8,20,27,128
1,2
13,34,58,113,0,3,66,33,7,5,16,79,103,129,111,30,29,53,97,124,110,77,99,23,9,31,106,84,134,63,116,126,130,67,57,104,49,87,92,12,115,19,100,62,74,125,1,4,28,88,18,36,81,105,61,75,122,14,95,101,83,55,85,45,76,108,71,27,52,20,60,32,109,2,22,50,10,35,73,121,132,17,107,64,48,8,114,96,26,43,39,38,135,127,82,21,117,54,119,120,112,65,90,42,118,37,51,133,44,89,69,40,59,15,102,128,91,72,94,6,68,56,41,70,86,25,98,80,46,123,131,24,93,47,11,78
3,3
11,7,111,42,57,30,22,15,112,127,46,41,107,39,124,10,68,82,52,35,133,95,93,76,55,33,73,65,81,38,8,119,51,18,86,128,118,122,92,130,14,17,56,106,85,77,9,44,63,102,19,48,49,3,125,89,24,116,20,1,94,45,100,110,13,135,50,84,34,90,61,47,23,126,105,96,83,21,88,43,74,75,80,78,40,29,104,79,66,67,131,28,6,115,27,71,99,2,134,97,120,37,129,4,101,31,72,103,54,98,132,36,70,113,12,91,58,109,87,62,64,117,0,123,5,16,121,69,53,26,60,108,59,32,25,114
4,5
64,24,69,125,41,66,34,80,21,127,94,48,72,74,27,68,49,36,23,31,110,63,82,111,57,96,5,97,52,13,92,3,106,0,134,32,81,65,99,84,114,105,16,131,46,8,101,54,14,44,51,11,79,119,61,28,67,87,42,108,104,43,118,128,88,133,113,95,22,75,40,130,25,10,98,4,7,132,60,76,109,86,35,50,15,112,115,26,56,129,90,45,124,126,71,30,122,18,123,78,33,83,37,53,58,70,91,59,93,2,47,85,117,120,77,55,107,116,6,29,12,102,121,17,1,39,19,73,135,62,20,9,89,38,103,100
1,6
65,119,32,71,53,99,29,6,17,89,94,123,41,24,44,75,30,126,107,2,34,8,12,26,23,39,22,116,50,45,128,80,11,130,103,33,59,79,129,56,86,25,1,4,48,62,63,60,110,132,10,135,115,88,104,108,92,98,81,68,31,5,67,96,77,78,122,74,118,113,76,21,97,93,106,15,28,7,114,3,105,57,95,16,125,133,35,69,58,40,19,101,37,124,70,46,49,85,42,121,13,91,54,0,27,109,120,61,66,83,82,73,47,87,72,14,111,20,117,51,127,43,100,131,9,112,64,36,134,84,55,102,52,18,38,90
6,5
108,113,41,3,40,47,126,15,118,131,133,26,95,28,23,127,134,76,123,77,2,10,90,101,81,105,8,0,37,120,94,135,68,86,119,59,93,117,106,112,52,51,55,14,71,31,29,6,48,103,43,129,1,110,44,128,46,109,18,78,116,58,30,42,102,36,13,99,124,65,125,75,97,100,130,27,35,80,69,84,49,17,115,98,16,4,19,21,121,88,74,70,66,107,64,25,122,60,45,50,87,56,22,85,33,11,111,72,114,54,61,20,62,104,63,34,92,67,132,39,9,79,32,91,38,53,83,24,5,57,82,96,89,12,73,7
5,6
70,6,18,117,2,33,3,37,0,12,42,26,58,45,17,68,51,76,88,86,65,59,75,111,121,98,129,127,48,4,94,135,90,53,118,62,11,101,32,126,132,120,66,92,56,31,57,39,50,89,67,69,103,35,10,108,74,47,96,61,64,124,27,7,72,80,93,122,13,54,1,41,97,133,125,104,24,134,52,95,77,110,105,71,91,16,55,34,28,109,73,22,100,116,9,84,25,29,60,99,23,15,123,113,44,40,115,87,46,5,21,14,19,30,81,38,131,119,112,43,128,49,79,83,130,36,78,82,85,106,107,8,63,114,20,102
5,2
27,49,135,55,22,63,82,62,69,127,95,61,53,129,116,44,29,9,41,109,36,35,90,43,37,83,99,125,0,102,38,42,31,87,23,1,133,85,92,65,4,98,14,96,21,128,47,100,68,76,59,33,94,30,60,78,46,113,16,18,73,8,105,45,108,131,64,110,89,71,12,104,28,50,81,48,80,2,70,19,74,132,6,32,97,115,34,121,79,13,122,51,11,26,72,88,120,134,20,15,3,101,40,117,39,103,86,112,52,130,123,5,75,77,57,114,17,54,67,7,84,93,107,56,111,25,126,91,124,24,10,106,58,118,119,66
2,4
121,62,91,85,34,113,33,80,74,24,66,106,4,88,72,102,82,17,54,37,59,97,94,104,90,29,123,25,21,103,126,89,5,125,92,69,44,129,52,70,0,71,28,32,49,105,135,76,41,119,99,35,42,117,120,43,18,87,131,22,45,39,107,3,110,75,73,122,46,111,98,79,65,51,48,67,9,100,84,101,57,134,128,61,109,114,16,133,58,12,23,14,86,60,11,108,31,20,81,50,64,77,130,132,127,7,55,27,8,1,47,13,40,78,36,10,63,6,26,118,19,38,115,53,96,56,112,124,95,93,15,30,83,2,68,116
5,4
91,82,70,11,12,128,101,56,45,104,111,124,58,2,50,100,77,120,92,35,49,115,13,46,86,40,53,87,27,117,107,90,4,122,97,60,8,84,130,93,81,67,34,63,48,98,51,72,17,96,113,38,131,37,14,64,26,39,6,102,47,83,18,28,78,79,25,99,108,1,119,76,123,112,33,44,20,52,116,30,133,16,7,42,22,106,10,57,71,73,114,118,126,24,135,43,62,61,75,89,125,65,0,41,69,54,32,88,3,103,134,129,68,121,109,66,5,74,55,23,132,80,21,19,31,29,9,105,15,36,94,85,110,127,95,59
5,6
76,91,36,37,88,82,24,122,100,10,16,79,4,131,134,48,69,99,90,23,34,7,77,51,2,112,130,12,121,123,52,103,56,40,111,61,5,22,46,25,38,6,105,27,63,85,115,72,101,9,119,135,35,42,70,26,86,87,78,125,113,81,55,19,107,97,39,65,20,17,64,60,68,126,92,117,127,67,0,14,43,94,28,109,66,41,83,120,29,114,57,49,54,1,50,71,73,18,21,62,108,47,116,44,124,8,45,128,31,58,118,129,3,93,33,11,98,74,59,32,80,75,89,133,84,13,102,106,53,15,110,30,132,95,104,96
6,4
71,111,90,31,48,29,43,38,128,97,12,89,6,116,13,63,52,51,50,122,30,57,100,40,119,87,130,125,70,85,17,131,14,127,109,59,65,99,18,25,16,19,133,79,55,112,21,32,39,36,41,10,34,72,69,47,120,106,129,123,27,5,107,22,113,95,54,2,103,81,75,108,58,44,96,56,67,68,83,1,124,105,46,20,53,66,135,8,45,15,33,80,73,7,82,35,9,114,78,101,132,84,49,60,61,93,11,76,102,24,28,42,3,86,91,88,74,110,0,26,118,37,117,77,104,115,23,98,94,62,126,92,64,4,121,134
6,2
99,29,59,82,80,115,125,32,130,10,13,38,87,49,98,4,35,64,36,91,45,22,118,42,134,30,34,21,71,53,37,109,103,73,3,54,81,72,19,123,83,12,68,2,18,23,90,108,27,93,117,47,9,114,95,112,105,78,67,76,102,92,41,70,77,97,5,86,63,44,1,79,40,26,0,107,84,28,20,14,17,133,106,52,74,75,85,110,6,60,100,120,15,135,116,101,58,128,69,122,48,131,25,16,50,11,24,33,96,129,56,89,62,132,31,124,46,51,113,61,104,39,126,127,55,7,57,121,119,66,88,65,8,111,43,94
5,4
102,91,115,59,46,48,87,2,34,98,5,89,90,82,20,78,97,41,62,27,29,8,66,51,111,28,101,54,130,134,112,13,105,38,45,56,79,77,76,133,35,53,60,64,74,9,119,39,68,132,37,92,40,10,109,30,70,24,19,85,94,69,14,17,67,50,26,72,107,127,15,88,121,25,58,11,73,63,120,47,123,126,55,113,6,116,31,104,124,49,1,3,84,36,135,114,129,42,122,118,125,44,110,7,23,86,75,21,12,65,95,93,43,103,108,131,32,18,61,57,100,96,52,80,33,22,71,0,16,106,81,99,128,117,4,83
2,6
58,43,97,1,20,100,87,122,61,64,74,21,126,104,95,114,94,55,24,36,129,48,56,22,124,23,35,105,80,107,127,46,51,106,112,57,66,39,32,131,119,117,92,29,76,77,118,41,11,109,45,125,3,25,132,121,134,54,65,47,98,17,86,6,63,102,38,72,73,123,2,79,33,96,91,28,19,103,60,8,5,13,10,88,99,115,18,69,4,34,81,26,83,128,70,12,116,50,31,40,0,30,37,16,89,7,62,52,111,84,85,71,49,113,59,75,42,15,135,120,101,68,108,44,110,78,90,14,93,133,27,130,9,82,53,67
2,4
45,33,50,74,134,124,115,106,24,27,97,78,17,69,125,54,92,32,103,21,72,116,91,61,58,82,36,122,79,107,105,49,43,6,40,94,130,19,114,4,131,117,14,108,109,75,25,110,98,71,2,60,52,28,39,128,73,104,8,113,13,5,67,55,37,102,31,10,48,86,15,90,38,46,62,96,34,76,100,11,0,89,63,118,57,26,101,81,16,44,132,65,95,68,83,133,47,112,23,12,29,56,126,127,85,59,1,66,22,120,111,7,123,99,41,51,64,42,20,129,35,77,30,70,3,87,9,93,88,84,135,53,119,80,121,18
3,4
125,59,85,0,27,84,121,134,78,24,96,45,111,53,102,126,133,60,5,127,37,25,83,38,112,58,86,113,1,9,32,89,115,122,39,120,128,56,92,104,131,81,117,99,8,47,62,46,12,105,64,6,19,79,118,114,26,43,91,22,76,101,48,88,98,66,69,116,17,2,132,94,77,30,3,73,107,57,82,103,90,106,95,7,28,80,4,44,93,119,61,63,67,109,75,100,23,33,51,10,41,11,72,34,135,49,68,31,110,70,29,123,18,130,20,15,54,108,124,16,74,55,21,35,71,50,87,36,14,40,13,65,42,97,52,129
2,5
118,108,94,99,76,62,8,68,40,116,5,46,14,97,26,124,86,81,98,7,31,19,12,0,87,65,30,115,58,38,49,42,110,37,21,82,129,109,130,48,54,95,3,61,111,50,15,16,88,13,24,1,89,2,132,127,80,75,135,126,70,27,18,43,72,67,104,36,83,119,32,41,100,114,131,106,120,25,34,55,102,71,39,107,47,63,64,69,45,56,4,92,53,57,10,105,23,123,103,66,6,85,96,20,60,74,29,91,101,35,113,133,22,78,90,59,84,73,17,117,93,122,51,44,125,28,121,33,112,77,79,52,11,128,134,9
2,1
132,102,6,11,122,80,83,0,49,76,19,112,10,126,101,74,92,40,8,130,98,3,71,97,53,5,78,21,70,68,115,65,27,31,123,51,125,75,41,90,99,33,28,82,129,94,127,45,59,124,85,62,91,17,32,88,60,56,109,118,111,63,50,43,134,66,12,89,95,96,64,35,105,18,58,2,42,22,131,135,79,46,104,13,52,14,77,16,34,61,44,133,114,4,100,103,30,29,119,37,107,120,116,26,121,48,1,38,36,69,73,72,67,25,93,9,24,117,81,7,84,39,54,55,113,87,20,23,128,110,47,106,57,15,108,86
6,6
53,78,77,46,25,39,20,98,133,54,86,127,76,88,10,30,43,83,9,120,58,100,112,31,48,115,122,6,97,26,34,96,73,109,105,129,21,62,135,35,22,70,108,74,124,101,12,90,93,17,84,42,19,13,57,69,5,131,36,49,111,66,3,24,63,14,51,11,125,15,116,41,87,32,107,59,27,61,65,50,99,44,71,85,134,79,38,103,56,89,0,113,126,2,95,60,1,64,29,123,102,81,18,80,82,40,67,47,4,128,110,132,130,94,33,52,72,119,7,16,117,91,118,114,28,68,75,121,55,106,37,23,45,8,92,104
5,5
67,11,8,78,4,5,51,119,33,80,56,120,135,7,86,94,82,36,3,17,129,52,28,109,15,79,101,92,24,53,104,50,77,58,97,118,134,89,114,25,37,66,115,13,87,131,117,121,42,81,62,26,116,108,130,39,74,22,64,45,40,75,1,76,73,71,46,127,68,90,49,59,128,47,102,125,63,113,16,124,126,100,65,112,9,98,123,96,6,69,132,88,95,44,60,83,38,31,70,20,27,111,106,72,61,105,91,0,10,23,54,99,133,29,35,43,32,2,107,103,85,55,48,41,21,14,110,122,30,84,57,18,34,12,93,19
5,1
31,101,98,24,67,86,102,59,7,26,42,37,34,36,121,90,100,38,79,97,61,20,57,15,14,84,64,85,103,9,11,62,119,45,88,107,70,132,69,33,129,39,117,109,30,53,63,99,124,49,130,106,113,116,66,76,71,5,44,78,1,89,81,8,28,29,54,17,91,120,126,3,110,35,6,96,22,80,125,114,123,72,32,40,127,82,4,135,18,65,133,16,47,56,108,122,111,75,94,43,52,19,112,55,87,105,74,21,58,68,77,104,27,118,134,10,12,51,46,95,131,2,0,83,25,50,92,93,48,13,23,73,60,41,128,115
4,5
39,113,65,87,15,7,76,107,24,67,41,123,58,1,131,78,70,110,81,108,130,88,12,29,129,57,34,38,40,105,55,116,125,120,10,25,74,102,8,97,3,93,23,127,89,64,33,61,75,69,128,2,5,20,18,79,21,121,9,36,96,62,103,52,124,17,111,118,46,63,54,48,31,90,85,56,101,114,115,68,92,84,4,132,122,119,98,59,72,45,16,133,35,109,51,91,83,43,112,37,50,86,135,80,82,14,28,77,27,32,42,44,11,13,94,104,99,22,126,100,26,95,19,53,73,30,71,0,134,106,117,6,47,49,60,66
2,3
91,17,118,71,89,24,15,80,101,62,99,121,18,47,32,55,12,34,49,28,129,133,90,7,45,105,123,119,6,48,86,76,104,3,2,128,85,111,114,25,77,92,134,4,106,53,23,100,51,40,30,29,39,5,37,94,102,44,0,113,69,21,73,116,66,109,125,38,35,97,46,11,122,26,22,135,81,115,127,68,31,43,82,20,96,95,74,19,67,78,16,63,88,107,36,98,60,72,70,10,126,124,65,61,84,50,117,13,130,41,103,79,108,56,54,64,120,52,1,57,93,75,27,110,87,59,9,112,132,83,42,8,58,33,14,131
2,3
14,64,77,131,83,133,55,71,43,124,8,25,17,21,107,114,122,32,123,15,60,134,91,28,49,2,27,45,20,23,97,120,50,57,44,117,82,26,125,58,116,53,56,99,46,24,87,69,109,19,108,93,75,74,78,63,48,3,6,127,40,135,111,92,103,90,13,34,61,39,85,68,65,62,89,35,128,41,1,100,54,10,81,132,73,30,96,72,51,104,5,18,80,88,66,11,121,86,12,16,31,101,119,126,118,38,94,7,79,47,36,106,52,33,130,98,115,129,70,42,9,95,4,76,22,59,113,67,37,102,0,105,112,110,84,29
6,5
121,24,42,41,65,111,90,88,107,4,113,101,9,116,55,34,53,10,94,13,102,117,118,45,97,128,52,64,91,44,109,49,79,58,30,133,59,99,127,98,123,75,36,96,68,33,85,60,131,43,11,57,17,89,105,38,22,3,119,5,83,129,61,31,130,14,74,78,20,73,72,29,69,12,2,1,46,66,80,15,114,84,132,7,125,82,40,122,28,18,126,120,21,103,0,106,108,50,93,8,48,134,86,32,35,6,100,26,47,23,112,62,56,54,76,71,110,37,87,25,135,16,104,39,115,124,27,95,19,51,81,92,63,77,67,70
2,6
117,22,98,13,65,49,63,57,61,120,0,114,10,23,103,30,37,26,108,88,121,97,87,68,1,131,74,6,133,17,76,8,104,5,46,128,38,100,127,126,132,29,94,59,21,19,109,71,92,41,55,52,110,116,69,7,51,25,11,12,58,112,32,3,99,44,24,62,83,35,89,70,125,77,119,86,75,53,72,95,81,15,54,91,124,9,113,47,106,33,43,18,82,105,31,129,50,40,66,134,130,45,90,79,20,107,73,96,56,14,67,93,101,135,118,2,80,84,115,48,27,39,64,123,42,78,85,111,36,28,60,16,34,4,102,122
4,6
