53,6,63,33,18,10,117,39,110,94,29,87,20,44,51,22,97,76,104,109,122,42,67,119,131,37,89,115,114,30,26,14,96,78,43,86,41,62,66,73,3,60,92,47,118,93,55,101,129,82,91,15,28,35,99,36,32,69,45,57,74,58,25,106,54,72,48,7,13,80,105,113,83,116,135,19,134,111,61,2,46,50,52,5,21,59,128,133,31,107,90,108,27,88,125,24,85,112,75,79,56,77,9,121,1,71,100,16,38,49,103,65,8,130,95,70,81,23,11,120,84,40,124,98,132,123,12,17,64,4,68,126,0,34,127,102
1,1
65,87,81,18,82,73,69,45,127,128,107,15,119,19,11,3,1,52,80,60,78,76,129,62,114,77,106,115,14,121,28,71,5,120,53,79,59,112,46,108,109,16,101,61,2,72,133,116,38,105,6,134,67,35,122,4,96,74,47,24,27,26,91,22,43,102,44,131,10,124,58,56,40,135,30,97,93,83,100,130,113,39,98,32,86,85,34,54,7,110,118,64,8,89,25,37,21,117,17,75,23,20,111,33,49,55,66,95,94,0,63,42,48,41,13,36,103,51,126,125,9,31,92,132,84,90,12,50,104,123,88,99,70,29,68,57
1,5
17,27,37,105,65,64,28,98,11,60,107,58,52,78,40,54,59,84,61,44,70,119,128,4,75,132,129,133,114,134,1,9,49,24,92,16,81,130,48,66,125,13,29,91,106,6,71,69,19,110,73,72,31,101,51,68,41,57,7,100,33,102,131,97,67,122,112,34,121,118,103,42,39,99,135,14,21,87,50,124,30,83,79,23,90,77,115,88,35,22,2,43,26,47,20,123,113,120,96,53,86,15,89,109,12,5,63,3,76,46,0,18,25,36,80,95,74,56,94,10,85,62,38,82,126,45,104,117,32,108,116,111,55,93,8,127
2,4
51,91,41,99,54,75,56,118,18,34,42,38,1,40,66,22,101,67,68,6,85,65,35,93,130,77,79,84,19,86,45,87,39,50,31,49,53,63,88,126,37,109,94,55,16,46,27,11,125,2,73,4,69,131,117,103,10,100,43,112,62,30,3,129,57,32,61,90,122,106,83,113,59,0,60,89,114,102,7,9,21,12,104,134,96,52,76,58,28,120,78,124,64,116,5,127,121,20,48,81,26,29,97,15,135,98,105,82,24,107,119,111,47,95,17,115,80,70,8,13,92,123,14,23,36,74,25,132,72,108,33,44,71,110,128,133
6,4
26,59,53,56,63,99,33,50,127,78,46,117,88,86,79,58,30,0,126,103,107,16,71,111,106,61,48,91,24,77,34,73,1,22,45,25,51,81,54,20,90,18,118,109,65,114,31,100,52,35,115,14,102,55,122,108,92,96,43,9,128,44,15,41,98,67,7,36,76,89,133,10,72,110,135,113,17,42,130,29,70,120,84,47,40,112,66,23,68,83,11,93,39,38,129,121,82,101,13,69,60,94,64,5,134,97,4,49,104,95,2,6,85,27,74,21,119,80,105,62,123,32,37,8,3,57,12,19,116,75,131,124,132,28,87,125
1,5
12,37,123,68,134,21,58,124,120,46,53,105,11,125,42,3,30,15,60,104,25,75,91,39,85,131,122,119,117,96,22,4,64,101,94,89,36,52,32,2,20,135,27,77,132,80,100,107,65,51,130,62,88,79,48,55,34,71,47,99,43,44,98,82,24,127,26,50,78,92,70,54,84,133,110,106,126,16,10,41,17,56,115,116,5,83,93,63,0,95,69,114,18,1,102,38,33,19,61,59,45,112,6,129,8,121,66,81,57,7,73,97,67,49,13,103,108,74,113,35,23,29,72,118,14,40,90,31,128,109,111,86,76,87,28,9
6,2
93,57,121,105,91,129,2,3,115,111,89,37,124,47,61,25,97,31,112,50,110,45,5,114,65,21,6,23,94,53,48,28,43,14,108,8,134,92,29,0,63,10,90,102,113,118,59,126,46,88,75,24,15,22,71,55,131,85,17,130,27,13,36,35,106,84,127,107,86,68,54,76,56,74,109,99,77,133,4,104,12,101,72,132,80,30,69,39,62,20,67,123,98,95,82,7,120,34,79,18,40,49,1,78,83,42,9,100,38,32,122,73,66,116,96,128,70,11,135,52,60,103,125,26,117,33,81,41,16,44,58,64,87,119,51,19
3,1
76,74,55,81,46,43,67,18,16,38,121,86,19,88,29,61,135,14,93,94,5,77,31,12,131,96,113,123,44,72,32,10,42,75,99,48,95,35,100,33,22,8,54,39,63,85,114,109,92,59,79,7,127,120,78,71,17,24,56,34,105,107,125,89,11,2,69,23,102,112,128,129,122,83,3,133,60,110,62,124,47,21,115,58,80,116,101,27,70,90,1,4,15,132,84,97,73,106,50,111,87,57,130,13,40,49,103,98,68,118,26,25,82,45,37,66,0,9,52,64,126,36,65,51,108,6,28,30,117,53,119,134,104,41,91,20
6,5
14,59,49,75,6,125,100,107,40,33,99,43,32,111,122,66,128,108,48,126,25,109,38,134,11,8,10,5,64,55,82,105,63,60,101,79,23,1,53,121,35,91,110,120,13,67,118,21,77,30,20,115,124,81,76,57,27,54,97,85,61,2,28,34,71,22,51,42,93,74,113,47,95,36,70,86,135,37,114,65,103,56,116,92,16,102,4,39,80,46,72,112,26,9,127,12,3,89,68,52,15,24,41,78,129,132,31,58,19,130,131,44,123,29,17,0,18,69,84,88,7,133,117,94,96,62,104,119,106,50,73,83,98,90,87,45
2,3
37,21,133,124,24,92,48,71,80,123,46,127,116,104,44,87,50,99,91,105,118,106,130,108,63,107,114,85,56,60,29,121,14,97,68,31,42,9,54,26,66,67,93,128,88,16,84,27,53,135,49,32,120,2,10,90,36,33,59,38,73,75,18,58,52,0,4,103,19,61,102,20,115,40,15,57,129,30,132,3,119,94,122,8,43,70,65,51,109,11,125,131,111,6,79,110,101,77,25,64,5,112,76,117,81,74,41,1,96,12,78,100,69,47,45,62,113,13,83,28,134,35,22,82,126,7,17,39,86,23,55,89,34,72,98,95
1,1
105,42,96,113,98,27,16,7,26,3,70,9,41,6,111,15,61,57,44,124,69,107,47,87,84,80,64,25,58,85,19,8,114,88,34,79,104,52,54,13,45,17,93,31,63,48,100,102,95,127,35,110,92,11,20,65,14,118,39,29,130,126,5,2,86,22,120,50,12,68,62,83,115,121,90,59,135,94,133,132,129,56,33,21,74,91,97,51,99,10,103,36,66,46,43,49,37,24,30,119,123,78,101,134,76,117,32,77,1,75,106,128,89,38,72,116,23,81,125,131,28,67,73,112,108,82,60,71,4,53,55,122,109,0,40,18
2,3
82,97,46,49,116,104,76,90,56,26,52,120,53,73,63,4,86,132,121,105,25,21,24,17,123,30,107,54,69,124,74,118,43,99,65,59,71,110,128,58,79,47,67,31,22,129,119,37,111,103,126,10,23,5,35,19,7,18,12,91,51,55,60,14,70,28,66,92,112,34,114,9,33,135,0,96,68,93,61,108,48,38,1,50,109,113,64,81,45,127,42,115,72,40,8,117,32,102,36,85,87,100,39,94,80,133,75,125,83,11,20,98,134,88,77,2,95,13,29,3,106,131,84,130,16,41,89,6,122,44,101,15,57,62,27,78
2,1
38,17,112,31,73,3,60,86,81,118,50,70,100,16,57,72,42,122,103,96,62,123,29,8,108,92,56,7,1,14,127,119,93,90,84,12,64,15,22,35,63,78,65,124,75,11,69,113,18,89,101,43,20,125,80,87,54,45,97,26,76,53,68,132,58,23,111,110,82,114,120,88,94,51,104,135,32,67,105,6,5,34,116,77,131,102,59,2,74,0,47,115,41,52,121,83,107,106,19,55,134,109,25,33,9,130,133,10,13,85,128,28,37,27,129,126,71,24,46,91,95,4,49,36,79,48,99,98,117,66,40,30,39,44,21,61
1,3
3,17,75,110,53,103,87,104,70,49,31,30,94,60,97,127,83,44,116,41,118,88,46,21,7,14,131,117,32,13,18,52,20,10,2,56,40,48,8,80,16,37,100,27,50,86,121,9,42,51,77,61,130,126,132,89,36,99,114,38,0,64,72,63,62,66,92,73,43,122,105,113,81,79,108,128,106,25,123,1,19,55,28,135,15,57,54,45,78,58,24,33,124,6,39,82,119,12,129,134,91,109,111,96,133,95,5,71,115,29,112,47,35,90,69,4,65,98,22,59,84,101,125,102,26,93,23,68,107,11,34,76,67,85,74,120
5,5
107,56,24,61,104,74,68,91,116,34,124,93,14,33,35,113,0,16,62,52,86,101,23,9,28,78,70,20,36,21,115,72,84,120,64,102,108,89,3,103,46,4,11,71,82,98,8,53,111,134,76,127,121,122,81,43,69,57,17,13,50,54,47,92,114,31,42,7,5,106,88,97,105,32,30,126,55,87,6,100,99,22,15,63,67,73,38,45,83,133,2,131,130,29,112,80,75,39,25,58,90,19,118,40,1,77,128,60,27,132,26,94,135,117,12,66,10,96,37,95,125,85,59,129,49,110,119,51,109,79,65,48,44,41,18,123
5,4
99,127,66,100,35,34,53,18,82,24,89,77,8,95,130,94,119,23,47,85,98,46,45,13,19,22,79,73,0,107,96,81,134,11,4,68,26,15,86,110,83,75,16,131,10,44,74,40,56,80,69,126,92,109,21,42,105,71,106,57,123,129,113,115,88,27,59,54,102,12,58,114,84,63,116,121,38,93,14,108,36,103,33,91,7,117,135,20,70,52,25,31,48,90,67,64,55,5,72,29,49,120,43,111,97,61,6,78,133,32,76,30,122,3,41,125,118,37,124,17,1,9,2,112,39,132,51,128,50,60,28,62,65,87,101,104
4,3
85,126,41,131,67,5,68,87,44,63,115,48,10,33,73,124,46,91,125,28,17,37,16,58,61,79,1,7,98,14,72,121,21,50,13,88,19,104,59,8,30,0,83,130,129,133,94,39,118,64,65,93,3,108,103,111,135,92,113,18,24,132,54,71,90,105,4,80,110,25,78,116,114,52,70,9,76,84,29,66,56,120,62,35,82,38,11,12,31,27,96,74,106,99,86,117,34,95,40,57,75,69,77,81,102,97,42,45,60,47,127,89,2,51,101,36,128,112,53,32,100,23,43,26,55,134,109,119,15,122,20,6,123,22,49,107
1,3
17,88,73,78,100,32,98,40,37,72,20,99,54,28,105,7,76,60,101,112,89,111,22,104,74,116,10,71,66,18,19,42,115,86,103,87,58,93,11,25,33,135,63,129,80,21,117,6,114,124,49,57,68,2,41,24,128,108,29,132,47,122,38,35,121,14,1,15,126,31,82,83,26,56,81,91,44,92,30,45,96,90,53,8,130,39,107,61,4,123,102,134,131,13,70,85,36,5,79,46,120,34,0,12,69,109,59,119,113,48,52,67,27,64,55,77,97,65,23,110,51,118,9,84,133,94,50,106,95,127,16,125,3,43,75,62
1,4
117,84,49,22,124,103,116,72,120,129,18,69,132,39,67,43,56,21,44,0,106,20,90,118,17,101,27,88,58,71,79,100,130,34,108,86,77,35,57,63,93,126,64,5,81,37,133,89,73,111,65,48,4,125,95,50,25,74,1,33,114,13,23,54,78,12,96,19,62,94,45,91,85,8,53,80,40,121,87,104,92,119,7,41,107,2,105,60,10,123,6,83,9,110,82,32,42,59,31,75,26,99,14,15,28,38,97,134,11,30,52,46,122,24,36,115,3,98,68,112,109,29,102,113,61,127,47,70,51,16,55,131,66,76,135,128
4,4
134,94,49,21,131,33,27,82,127,54,118,133,75,72,64,90,112,99,95,132,53,11,70,128,37,8,135,81,29,86,69,31,1,78,56,115,62,20,107,10,116,100,130,34,110,114,93,39,92,47,9,42,85,35,22,14,43,66,4,18,84,89,30,15,111,113,55,59,71,74,52,97,51,46,58,104,0,126,44,109,87,125,83,41,73,96,12,32,19,5,123,65,45,68,60,105,67,61,63,17,38,36,76,26,6,117,101,80,25,23,103,102,120,13,3,79,16,50,57,124,91,40,28,48,7,129,108,122,98,24,119,106,121,88,77,2
2,2
93,54,18,124,62,47,127,55,17,5,108,35,28,21,65,40,67,123,64,73,52,50,78,91,2,38,107,53,29,122,42,16,48,24,112,20,30,51,88,14,19,98,96,81,49,113,32,26,61,45,115,100,76,12,128,36,92,37,118,114,97,129,63,132,25,85,3,90,133,70,74,27,131,39,33,99,135,109,34,11,89,72,71,134,83,84,66,31,69,105,104,23,116,110,87,44,120,121,22,82,94,7,125,86,68,57,95,8,79,103,60,46,15,4,119,80,6,111,101,41,59,77,117,130,56,106,58,13,9,75,102,0,126,43,10,1
4,6
74,63,19,112,89,76,119,30,31,92,123,40,44,56,36,37,12,64,3,46,35,124,69,13,71,11,68,97,104,116,125,33,106,48,126,53,135,39,67,105,34,58,9,133,54,108,109,85,91,42,87,93,49,129,17,45,128,72,95,132,21,1,94,107,62,38,73,101,43,7,100,65,57,47,102,131,120,24,118,0,2,60,111,114,52,20,98,4,103,41,28,75,16,78,66,32,55,15,79,61,82,77,81,83,29,84,110,59,99,117,10,122,51,80,5,88,115,113,121,18,27,86,23,96,6,8,22,127,134,14,130,26,25,90,70,50
5,3
105,47,75,26,8,87,110,11,45,109,88,108,72,129,127,20,58,122,86,57,28,18,25,14,92,35,103,115,123,29,15,81,41,7,17,80,10,0,31,135,116,97,36,125,78,27,38,2,24,40,39,67,91,119,65,22,89,106,85,46,55,79,42,90,113,104,93,77,112,117,114,99,53,23,34,32,5,101,49,82,54,62,63,84,107,44,51,132,73,130,133,102,59,4,70,12,94,30,9,64,128,3,118,68,60,48,50,37,111,100,121,52,6,134,124,33,21,13,74,126,95,56,1,83,76,66,16,43,131,71,69,19,96,120,98,61
4,2
49,83,96,13,128,88,50,53,30,40,48,124,29,77,38,28,116,86,51,78,121,36,133,94,72,106,31,8,84,34,74,44,24,12,10,7,92,89,15,102,63,41,120,82,65,103,130,60,64,107,14,55,125,75,22,118,87,0,27,33,134,117,59,23,98,105,67,111,119,115,32,25,126,109,61,71,85,91,57,100,58,127,129,9,93,17,123,2,68,46,79,43,21,5,62,37,131,45,35,3,39,20,47,66,113,19,80,6,4,122,76,97,101,110,56,90,26,42,16,108,99,135,104,1,81,18,11,112,132,73,54,52,95,70,69,114
3,3
111,65,99,133,13,43,16,47,48,135,109,73,81,56,27,46,38,125,34,79,75,36,122,130,117,118,97,28,132,106,6,127,11,21,74,124,8,83,62,31,18,53,55,126,131,61,50,5,39,98,30,103,69,3,54,64,49,134,32,110,4,12,129,68,85,1,60,87,72,37,93,78,22,59,19,82,42,121,57,105,17,123,63,70,113,107,80,102,95,96,77,67,66,41,71,26,116,114,115,7,90,33,20,15,108,89,112,92,35,84,128,2,23,94,10,45,0,9,14,120,91,58,51,119,40,104,24,86,101,100,88,44,25,52,29,76
5,5
90,76,94,61,63,134,67,73,12,81,122,79,113,25,87,78,126,92,47,95,27,28,77,48,121,105,0,21,2,128,30,85,10,66,132,9,114,107,19,57,32,42,124,131,120,86,84,13,46,56,97,127,91,98,35,20,51,74,14,4,102,125,88,18,62,118,83,93,129,5,38,34,59,133,68,108,117,100,33,71,72,103,50,45,43,99,39,24,110,89,75,104,116,49,29,17,82,11,101,40,123,58,3,55,54,7,6,16,64,23,65,96,22,31,115,41,60,135,106,130,80,36,111,26,44,15,70,52,119,8,69,109,112,53,1,37
1,5
111,79,67,63,76,60,44,106,123,4,74,81,121,23,88,2,1,95,110,87,37,93,47,118,72,115,41,17,48,92,64,52,100,19,51,98,20,107,80,28,128,73,85,134,26,116,114,61,105,109,66,120,96,13,135,22,133,83,39,99,54,40,101,108,77,132,46,126,131,129,70,78,56,24,68,25,31,127,57,84,12,3,11,33,113,15,86,71,69,58,45,103,27,94,124,35,62,10,75,97,130,49,122,89,90,0,8,42,7,55,6,21,53,119,32,112,34,82,9,59,29,18,38,65,36,30,16,125,5,43,50,117,102,14,91,104
2,3
70,57,30,103,105,123,128,100,92,56,80,2,124,108,32,40,48,27,51,101,9,41,66,62,53,44,28,121,15,5,95,72,85,1,107,39,17,118,68,79,59,34,88,84,20,87,29,77,6,115,134,73,75,19,45,38,50,55,23,99,31,60,90,13,119,18,96,109,46,74,120,22,76,78,54,64,63,133,98,116,89,126,132,58,33,110,21,135,113,0,10,94,112,36,4,106,130,69,104,26,71,114,102,97,42,25,12,125,127,8,37,65,47,14,43,7,111,93,81,52,24,131,61,67,11,83,3,122,129,86,91,35,16,49,117,82
4,6
51,107,134,74,69,133,85,2,92,32,57,113,45,13,49,39,63,104,66,58,16,89,42,37,28,10,83,73,38,52,27,19,3,77,97,43,118,93,46,8,20,110,75,15,103,36,21,126,40,111,127,59,41,18,55,30,102,29,101,12,99,35,121,44,47,1,84,71,54,22,50,9,25,5,105,90,108,81,100,0,125,94,129,86,72,80,23,124,64,87,114,91,24,122,128,62,119,123,109,48,7,95,116,67,11,117,131,96,4,82,65,78,31,70,88,79,112,34,115,17,120,14,26,56,76,130,53,132,6,98,106,61,60,68,33,135
1,1
75,20,118,65,61,30,42,102,82,10,0,31,115,85,3,106,116,29,121,21,92,90,26,131,16,113,130,128,56,49,69,4,103,117,86,36,57,27,96,38,47,70,63,99,2,46,44,5,80,88,109,15,89,62,98,105,66,34,9,120,134,11,125,54,19,72,104,32,50,95,74,18,79,14,101,64,37,40,100,97,84,71,123,48,129,33,108,1,8,35,111,77,132,94,17,112,22,13,122,6,110,51,45,76,135,87,73,114,41,12,52,43,25,28,53,126,67,133,60,59,119,107,55,93,39,83,127,58,23,81,68,124,24,7,91,78
2,4
69,81,118,12,49,23,126,95,25,119,78,98,114,106,68,62,47,50,93,77,67,42,76,32,112,90,27,82,74,11,134,83,65,105,128,108,84,60,4,64,100,55,115,107,111,123,135,34,79,8,63,61,125,45,87,92,59,36,96,58,94,102,28,1,22,103,29,70,133,101,113,85,33,116,2,130,6,3,54,109,7,117,15,86,9,51,10,88,38,40,19,132,73,80,5,97,122,127,24,110,48,30,99,16,43,104,124,31,26,13,53,0,21,18,17,20,71,72,46,91,41,89,129,14,131,39,120,56,52,121,75,66,57,44,35,37
1,6
26,37,17,72,56,41,30,83,131,51,63,130,120,57,134,38,89,22,118,16,49,58,78,127,94,68,24,32,42,33,80,25,116,50,59,44,60,52,75,82,128,106,100,98,132,95,46,105,133,110,19,61,47,125,86,12,3,67,99,88,115,7,108,23,62,124,66,79,84,53,117,73,87,92,119,135,31,109,9,13,104,123,129,126,20,76,81,2,48,102,11,40,93,14,107,65,6,28,1,70,114,35,74,85,71,77,90,34,97,15,69,18,10,39,122,5,45,8,64,55,21,0,43,91,113,112,36,101,54,96,103,29,121,4,111,27
3,3
49,128,6,34,5,114,57,94,76,131,17,118,104,121,110,123,127,30,20,15,115,70,99,18,21,103,33,51,63,96,12,90,68,9,88,62,53,59,92,83,52,3,113,55,125,135,119,29,78,116,77,35,97,102,25,133,98,87,37,129,54,4,45,82,16,69,1,7,74,101,109,56,44,60,80,10,14,42,81,64,31,75,111,100,66,43,26,72,27,28,120,86,93,24,61,67,19,11,91,117,41,89,39,2,95,47,112,126,23,71,134,65,46,85,32,58,132,73,50,48,130,13,0,124,79,84,122,105,106,107,8,22,108,40,36,38
1,6
27,23,51,68,62,101,56,85,117,36,6,122,107,123,58,73,112,49,10,41,53,77,98,81,132,92,125,74,38,78,105,111,104,113,135,69,11,65,76,129,3,86,59,26,34,128,54,130,60,24,63,89,12,97,25,110,19,14,87,17,116,102,82,108,119,8,100,5,42,40,37,33,88,15,1,55,47,2,83,43,133,91,126,115,121,39,46,67,13,134,0,79,9,103,96,90,72,120,71,106,57,28,32,18,16,20,127,29,131,70,7,80,94,99,118,93,114,48,124,95,84,4,31,35,52,64,22,75,21,45,44,30,109,50,61,66
3,3
111,110,96,17,13,114,18,34,135,71,116,105,112,89,10,31,60,45,70,108,4,21,53,46,33,65,109,81,75,0,8,99,24,91,82,121,117,106,67,129,43,3,35,93,50,6,26,77,86,130,73,103,69,58,76,119,128,100,61,115,123,40,56,124,38,11,55,22,42,23,15,48,29,127,1,28,57,131,90,25,95,12,118,19,74,54,104,5,85,41,101,59,92,84,66,27,63,125,126,14,49,9,122,2,7,97,72,16,132,98,134,133,20,44,62,64,83,36,32,30,88,39,107,87,120,68,94,78,113,47,37,102,52,79,51,80
6,4
88,62,135,0,35,80,103,37,17,44,97,48,56,57,14,133,60,119,82,113,21,128,27,118,127,93,58,38,2,49,120,59,42,40,129,109,19,92,53,89,132,4,43,121,52,77,90,29,76,111,124,115,83,55,9,123,81,68,66,50,22,79,70,74,85,24,114,64,23,28,108,33,131,26,45,20,12,100,102,122,110,84,75,30,39,101,8,46,125,15,1,86,10,107,116,54,18,126,67,47,87,71,5,65,106,51,96,7,91,61,94,98,134,72,34,41,25,78,112,63,104,3,36,99,11,95,16,69,13,117,73,130,6,32,31,105
5,6
41,113,40,49,101,11,120,82,1,107,15,94,102,80,0,30,100,2,68,64,39,103,51,14,53,86,116,114,69,6,18,8,81,57,99,74,54,61,31,85,70,125,58,45,55,67,91,52,4,134,133,73,21,77,93,33,129,25,135,128,83,27,19,71,42,20,127,87,38,29,88,32,124,98,26,108,115,126,89,22,43,123,3,104,36,75,17,63,97,5,28,122,96,118,78,35,24,111,46,66,110,47,121,131,60,50,106,112,92,95,56,48,16,79,65,10,132,59,7,76,72,62,109,90,84,117,37,119,130,13,105,44,23,34,9,12
5,4
76,68,45,133,74,92,55,72,0,32,78,54,70,19,127,77,97,111,112,36,123,62,82,31,131,7,110,80,12,16,41,96,48,99,79,28,109,86,135,134,124,83,35,61,118,125,95,89,15,66,57,1,30,71,59,26,20,22,43,29,107,53,121,101,46,2,23,60,38,49,27,113,56,44,122,25,105,132,114,119,14,42,69,9,115,87,5,98,128,75,21,108,102,88,85,47,18,6,33,81,130,116,17,40,50,51,106,91,65,120,104,8,94,4,126,73,24,67,84,39,93,103,13,11,10,129,90,3,117,34,64,100,52,58,63,37
2,2
73,21,65,57,15,34,66,60,92,119,9,100,108,97,19,130,47,121,106,105,18,98,20,51,116,135,16,12,127,64,46,86,109,117,8,17,104,68,90,49,7,24,71,87,124,101,41,32,59,95,114,72,56,83,48,5,74,103,77,69,14,22,132,102,110,35,96,45,26,4,99,115,75,94,113,3,27,120,93,30,133,78,37,67,122,33,2,36,11,0,54,39,61,10,80,23,107,134,38,118,63,6,129,52,42,70,91,82,112,44,28,76,128,88,62,111,29,131,84,81,31,53,79,1,13,43,50,58,123,85,125,126,89,55,25,40
5,4
68,48,54,43,6,130,46,50,10,77,114,83,31,60,118,64,96,33,89,44,25,125,115,128,15,62,17,59,93,37,107,35,63,97,69,87,127,45,27,95,73,51,112,90,126,1,0,29,129,88,49,23,58,3,4,39,102,41,104,84,42,72,19,12,80,131,65,16,123,109,82,116,56,40,103,74,134,92,30,66,11,76,47,81,124,135,98,94,67,22,106,86,120,24,132,8,119,36,14,5,133,57,9,55,2,53,75,99,91,28,20,32,110,18,71,113,78,108,121,21,100,38,122,26,13,34,101,7,61,105,79,70,52,117,85,111
2,5
52,16,87,8,115,120,11,99,84,82,63,122,76,28,31,127,51,44,35,37,116,128,20,41,80,132,24,93,83,91,129,67,50,85,43,113,71,57,86,101,133,21,22,89,73,75,110,23,2,38,7,18,96,14,55,104,100,53,13,0,64,30,9,78,39,109,118,34,58,4,135,90,95,60,117,36,12,123,42,27,124,79,112,119,29,54,62,56,74,47,45,1,33,81,40,19,10,70,107,77,126,66,32,48,97,131,106,17,46,130,68,102,105,65,6,69,94,59,61,26,111,15,134,121,108,25,5,92,125,49,103,3,88,72,98,114
4,6
48,83,128,91,132,11,130,105,10,121,127,14,44,18,69,113,51,47,119,96,55,66,87,21,99,38,114,24,112,22,68,46,70,58,98,32,31,116,76,81,75,43,110,8,36,65,133,23,53,2,13,5,9,109,92,41,26,28,34,59,85,73,93,56,122,74,54,62,67,104,35,102,42,61,16,88,90,123,33,106,129,103,118,82,94,19,124,64,120,25,89,6,49,63,78,40,12,3,0,134,60,20,125,27,86,80,37,57,135,71,17,15,107,72,101,50,4,108,77,131,126,100,111,45,52,39,115,95,117,79,7,84,29,97,30,1
3,1
114,100,77,25,121,6,79,105,35,128,94,55,74,130,57,36,32,28,23,53,40,60,72,33,30,99,7,129,58,48,116,98,34,111,2,134,96,12,83,49,50,59,133,84,54,63,41,51,27,73,127,9,126,92,109,5,80,18,122,17,13,44,8,108,14,42,85,87,31,0,19,20,10,135,103,82,61,38,11,39,46,106,29,93,66,26,68,110,123,102,71,124,24,88,81,89,75,64,70,15,47,76,62,120,115,16,1,67,101,125,112,22,107,104,117,21,132,56,52,3,65,69,118,86,113,37,45,119,90,91,131,78,4,97,95,43
1,6
0,63,128,60,101,65,15,24,17,71,83,103,25,130,61,89,88,123,96,28,122,97,47,105,19,74,51,16,102,78,107,84,86,46,36,43,2,75,92,32,6,14,34,13,91,81,72,112,44,125,52,98,82,53,73,1,118,87,134,79,126,12,4,38,133,7,42,115,113,3,41,131,66,18,119,90,57,59,31,80,56,11,68,129,45,62,95,117,27,94,132,20,135,93,49,9,55,54,106,58,69,37,67,10,21,40,23,110,108,109,50,39,114,35,26,22,99,124,116,127,111,85,8,48,104,120,77,64,70,76,30,29,33,5,100,121
3,5
16,76,121,14,52,49,114,75,99,54,73,86,119,42,29,33,127,50,85,116,22,28,3,101,26,13,128,40,87,112,134,71,72,133,98,113,31,10,135,35,122,60,41,107,115,9,132,1,64,83,43,94,88,102,58,48,8,2,111,17,15,59,53,37,124,56,110,104,62,105,100,46,0,78,89,51,126,4,36,68,74,77,47,103,129,91,63,90,80,6,117,120,19,5,67,118,34,55,23,39,32,79,109,96,123,97,61,95,57,130,12,27,131,106,44,66,21,84,108,125,38,24,18,45,93,20,70,69,25,7,11,65,30,92,82,81
2,2
133,61,105,27,16,89,101,60,97,77,53,31,32,113,98,111,11,130,18,120,93,84,10,33,78,71,74,75,65,79,55,102,132,5,114,30,23,76,124,106,109,3,82,56,13,58,73,80,17,38,104,14,4,83,40,20,1,119,63,95,22,8,116,54,99,131,57,72,96,64,103,126,108,26,88,62,110,43,34,39,135,128,50,52,127,134,49,125,70,21,51,15,67,118,0,36,129,7,37,87,48,91,25,121,47,46,90,42,100,117,45,94,44,41,59,123,92,12,86,28,6,69,122,68,115,85,19,29,24,107,112,35,81,2,9,66
2,4
127,86,70,84,2,59,89,106,6,35,110,5,0,67,75,98,48,71,49,24,120,74,115,100,119,40,54,32,101,125,107,80,94,14,31,42,79,18,95,28,130,131,36,43,27,47,126,76,53,38,78,88,132,58,11,81,21,57,15,50,83,12,91,104,112,73,82,23,4,30,113,124,46,17,102,135,19,122,26,13,87,109,37,68,99,9,93,22,66,123,20,55,25,3,10,44,16,96,8,90,51,97,129,72,61,29,92,60,111,108,52,114,64,34,45,133,103,63,85,117,128,118,62,41,105,7,1,56,134,39,69,33,77,116,65,121
1,2
49,133,22,73,29,36,44,39,13,89,6,34,116,23,28,118,2,84,68,94,110,85,65,79,63,31,14,5,40,131,102,11,16,24,108,81,100,17,76,83,12,21,105,66,72,93,51,121,126,127,54,135,58,7,91,71,97,33,42,25,70,82,0,117,90,56,10,103,32,130,112,123,20,55,35,128,60,107,80,114,27,77,18,74,86,78,88,92,98,38,4,124,9,132,120,8,111,104,41,52,62,99,106,113,119,64,122,59,129,53,69,50,19,3,67,134,61,57,109,1,96,15,45,46,43,47,30,87,115,125,101,37,75,95,48,26
4,2
51,72,19,81,97,40,37,34,30,70,15,69,117,118,68,62,6,28,20,91,64,85,1,42,38,12,107,125,33,23,44,2,92,116,67,55,31,124,123,135,86,108,76,18,96,95,112,77,110,36,63,24,13,49,45,57,48,78,119,133,46,17,4,122,43,41,8,54,52,106,71,29,88,94,59,128,104,111,39,113,25,58,127,103,105,131,82,10,73,14,27,32,0,115,61,5,126,130,84,83,132,98,56,75,129,121,87,74,99,11,93,120,134,114,90,79,66,101,21,7,47,80,26,22,35,102,109,53,60,50,65,89,3,100,9,16
6,3
55,46,29,13,53,128,48,135,19,50,43,122,59,33,23,35,32,129,63,73,126,118,66,86,18,85,80,83,108,67,112,111,42,84,124,36,123,120,72,64,37,70,49,6,56,131,105,3,115,107,125,60,116,100,93,21,20,25,99,133,87,68,75,12,119,78,134,41,114,1,15,30,106,34,0,98,51,44,62,79,45,69,39,130,132,94,40,58,88,26,11,109,89,96,61,110,7,22,9,103,38,14,8,77,117,27,95,71,57,101,104,76,102,16,65,127,5,28,54,82,24,92,121,17,74,52,90,91,2,97,47,10,31,4,113,81
3,6
0,69,113,80,16,30,3,11,14,97,98,73,19,77,33,35,84,34,71,23,133,18,44,112,103,72,117,120,6,91,4,17,75,107,45,52,106,53,96,62,74,12,128,116,87,41,37,81,57,2,93,108,105,124,64,82,127,7,118,114,92,28,123,22,76,54,48,125,24,42,78,21,88,129,55,70,94,79,68,104,63,115,60,43,50,9,100,102,27,126,134,65,58,66,122,119,13,47,132,109,26,25,29,86,38,31,130,101,95,49,121,110,59,36,90,51,5,40,135,99,32,20,61,56,89,85,83,67,39,8,131,1,46,15,111,10
2,5
73,33,85,131,125,106,120,63,12,117,101,11,18,74,124,118,6,96,62,22,105,28,70,97,50,128,31,92,110,103,98,2,122,48,84,61,34,93,51,64,104,17,20,86,132,109,76,49,3,24,94,10,55,25,8,99,52,27,90,5,130,119,46,58,123,40,91,59,57,71,67,100,15,69,36,19,108,115,1,81,56,43,35,13,44,21,65,39,121,60,7,107,72,54,87,32,78,38,77,82,4,114,53,111,0,9,89,30,75,112,23,16,113,29,66,127,116,42,45,14,95,88,41,133,102,135,83,37,47,68,129,26,134,79,126,80
3,2
97,5,65,26,69,61,39,71,17,54,38,79,36,2,110,56,129,98,85,33,130,59,13,128,135,57,28,68,77,102,27,73,32,29,99,66,6,23,31,9,11,3,120,84,105,104,88,125,133,116,53,100,20,107,121,94,106,111,48,60,46,101,49,37,4,126,1,81,47,43,12,14,10,72,19,40,18,16,30,87,21,75,15,93,64,7,131,132,34,96,25,86,62,124,35,92,51,41,52,83,89,91,127,103,74,112,117,80,55,45,76,134,67,70,0,42,95,113,22,123,90,24,82,108,63,58,118,114,119,50,8,122,109,115,78,44
3,5
15,71,92,102,10,133,119,46,81,72,51,50,103,101,9,32,104,45,93,128,86,36,57,108,112,123,113,40,67,28,41,30,88,27,134,54,48,91,62,130,59,94,18,8,2,109,126,66,19,17,60,39,4,127,49,84,116,106,76,63,69,87,96,3,90,55,98,26,34,129,52,124,135,16,13,38,43,7,21,80,24,33,110,132,115,37,47,0,11,20,75,5,22,105,6,82,73,44,85,117,79,23,65,70,125,78,42,53,118,121,99,89,77,100,97,58,107,61,120,95,14,35,56,64,31,83,111,114,12,131,74,122,68,1,29,25
1,5
66,61,51,102,108,109,84,7,113,67,79,59,105,10,93,130,123,21,50,91,27,18,64,54,31,77,135,98,25,128,119,80,112,13,115,45,53,12,55,86,58,14,26,96,90,60,8,81,16,127,117,94,120,106,122,133,132,111,6,63,32,2,87,28,125,101,78,83,43,76,68,74,48,110,35,70,114,134,65,15,33,11,20,5,29,129,57,46,38,92,30,3,40,19,44,118,47,24,39,121,17,124,95,56,23,88,116,73,36,52,107,104,22,97,4,75,82,89,34,131,126,72,42,100,49,85,41,37,99,71,0,69,9,1,103,62
1,2
32,30,35,93,43,91,71,10,39,128,122,63,102,54,79,101,36,44,4,12,107,117,60,106,124,40,119,85,59,135,95,129,134,80,87,104,24,58,48,1,41,89,27,21,70,92,100,56,114,121,3,37,68,61,111,78,109,53,77,110,38,57,75,99,133,88,118,65,86,29,115,47,0,97,96,26,112,22,105,17,127,50,76,31,132,55,11,6,126,83,69,66,13,120,5,15,73,52,18,46,130,7,23,98,72,9,28,108,16,20,42,25,45,81,82,90,49,34,123,33,131,113,51,116,74,125,62,94,19,103,2,14,8,64,84,67
6,3
126,59,115,109,17,42,82,1,58,110,36,25,65,102,54,62,56,84,118,14,39,101,16,129,120,48,57,44,28,13,15,122,50,80,11,47,124,111,116,2,69,34,92,33,83,103,85,93,95,64,99,108,94,97,45,74,9,12,18,134,81,70,52,8,68,130,10,31,61,40,71,76,75,86,89,78,6,63,72,100,19,46,131,135,55,4,107,79,127,132,119,21,37,20,0,23,7,128,24,114,5,105,104,29,123,38,106,90,32,3,43,27,67,51,117,98,125,87,133,77,26,41,49,113,22,88,91,66,53,121,73,112,35,96,60,30
6,5
37,81,99,114,103,117,25,1,26,43,93,80,51,48,7,15,27,54,42,90,131,23,113,10,115,74,97,94,118,60,110,84,130,0,108,78,109,47,83,112,86,71,34,64,127,24,77,116,31,52,96,45,58,107,100,70,40,134,132,29,91,16,3,5,128,124,89,11,55,123,20,129,92,87,56,119,28,6,82,13,53,72,133,30,39,41,32,67,18,2,38,57,102,66,69,36,63,98,49,88,121,59,8,33,135,22,46,79,17,106,85,12,44,111,65,126,4,68,61,9,14,75,125,95,101,76,19,73,35,21,104,122,120,62,50,105
4,4
28,84,109,126,21,2,31,86,122,78,113,5,52,34,58,55,75,87,32,43,8,36,99,79,18,15,20,83,30,133,129,91,90,80,12,105,54,3,49,16,73,6,69,65,94,38,64,11,40,89,7,47,19,53,72,63,39,67,76,97,23,14,45,13,26,121,135,96,103,61,4,131,46,130,132,66,108,119,117,81,33,71,29,10,95,115,25,134,127,104,0,111,128,41,120,48,106,51,42,37,98,124,82,92,17,118,110,44,22,1,100,56,116,57,102,59,77,85,27,74,24,50,125,112,123,60,88,35,62,70,107,9,114,93,68,101
1,1
46,42,29,77,44,38,89,22,45,59,109,34,104,37,57,113,53,96,30,58,110,128,12,7,124,18,120,41,66,40,69,76,95,97,93,84,4,112,62,117,8,54,72,20,134,19,75,17,0,24,133,23,16,116,83,64,35,85,1,13,118,105,88,36,86,50,63,26,127,135,122,28,15,103,79,61,74,11,73,107,9,39,2,119,129,123,25,52,68,91,90,65,98,82,33,81,14,126,32,106,5,92,47,100,130,49,121,71,87,115,132,99,70,51,125,48,108,101,3,10,21,27,102,78,94,56,60,55,31,80,111,114,131,43,67,6
4,3
58,9,116,57,17,121,76,107,82,77,50,129,90,122,21,81,61,102,7,18,41,36,45,37,115,33,100,30,113,64,55,60,39,63,117,105,49,46,31,91,119,106,118,87,93,26,19,108,59,68,54,96,56,70,47,71,5,75,128,43,29,8,16,12,51,104,124,86,1,89,95,130,2,101,80,134,69,120,98,10,27,112,23,74,53,85,28,35,40,103,14,94,15,111,65,67,97,132,99,11,6,110,123,127,135,114,72,32,78,73,38,133,125,4,79,22,3,44,0,84,109,24,20,42,25,48,83,88,92,62,34,131,13,126,66,52
6,2
51,4,119,114,10,70,39,16,97,126,76,130,7,67,127,24,132,54,105,60,83,20,72,84,131,62,31,90,104,79,1,37,44,87,61,28,89,134,12,118,19,78,33,9,0,111,129,22,110,26,106,14,46,55,100,8,96,88,25,128,95,81,53,71,115,125,56,64,82,29,121,49,40,5,58,73,30,117,15,91,17,75,99,52,3,57,113,18,93,27,122,59,68,69,65,13,112,32,21,133,108,34,45,36,102,35,116,38,94,41,11,120,124,98,135,92,109,47,63,50,66,123,23,86,42,85,6,77,48,43,107,80,2,74,103,101
6,1
14,120,107,46,108,110,114,47,99,64,67,70,98,81,13,3,49,121,118,93,130,128,90,82,10,11,54,89,55,87,106,134,16,105,6,86,113,109,111,21,117,83,125,30,126,38,40,72,24,73,25,71,63,28,31,36,62,75,35,48,22,80,94,45,61,112,84,119,74,17,4,57,101,20,78,104,34,85,127,91,60,100,124,122,27,29,123,43,96,132,23,59,32,95,19,79,115,51,68,33,69,65,97,9,131,53,8,50,103,116,129,58,52,0,102,88,133,1,5,56,76,42,15,135,92,18,39,41,66,37,2,77,44,7,12,26
5,3
29,102,54,50,100,2,69,12,33,99,22,35,86,74,10,48,0,21,97,55,78,51,59,123,43,132,108,19,66,72,77,26,112,90,133,60,47,14,118,81,107,65,134,83,24,71,56,131,101,89,80,127,11,37,93,7,9,103,62,109,125,41,120,52,25,61,104,28,96,79,64,126,87,53,40,46,106,49,88,67,113,91,36,94,58,119,114,63,57,85,1,82,45,73,27,4,34,30,13,44,121,20,95,42,18,23,68,98,31,115,3,75,124,135,39,8,38,128,70,129,32,110,16,6,17,105,92,122,130,5,15,111,84,76,116,117
5,4
69,127,27,39,44,63,23,46,18,42,134,71,4,20,26,89,85,67,40,101,84,122,78,115,93,25,104,121,72,114,106,37,65,57,135,60,87,21,88,117,66,7,98,125,30,64,126,10,50,123,35,77,129,51,73,102,38,53,100,6,14,94,58,43,34,90,29,70,12,113,82,52,105,112,61,86,80,91,17,130,76,107,1,31,133,99,81,103,119,56,33,68,92,97,128,28,2,19,0,32,36,75,132,5,59,108,131,83,95,111,15,55,45,47,120,16,110,3,8,22,109,79,124,116,49,96,74,13,24,41,48,118,9,54,11,62
6,2
86,7,54,31,126,98,45,65,9,33,93,17,63,64,130,26,79,12,34,37,107,56,101,60,28,116,43,69,51,78,71,52,39,50,115,118,125,72,73,18,97,5,135,30,57,1,62,21,104,29,38,80,85,90,14,105,70,119,75,117,44,95,20,76,59,122,58,0,88,8,77,13,132,121,94,55,19,99,36,24,114,25,46,92,11,124,49,102,47,66,22,42,84,81,10,109,113,110,16,4,35,15,61,68,111,100,48,112,67,96,133,32,2,40,83,53,103,131,134,6,41,82,87,3,128,123,120,129,127,106,89,91,27,108,23,74
1,4
133,42,0,100,53,27,124,121,120,129,2,107,78,51,43,119,76,23,91,104,95,126,70,64,87,102,108,6,37,10,125,52,89,83,34,18,111,13,105,65,110,22,54,90,8,67,5,46,40,122,116,3,75,30,77,28,16,123,57,128,127,1,93,47,73,49,25,41,132,112,26,69,134,113,21,12,55,17,20,118,32,94,11,36,130,72,50,4,59,106,33,85,96,135,84,98,44,74,88,45,109,114,66,101,58,71,9,117,38,68,15,86,61,62,35,14,56,24,7,131,97,99,31,81,103,60,48,82,39,115,92,80,63,79,29,19
6,6
76,11,134,133,100,17,43,119,105,18,74,86,38,27,118,10,54,128,6,28,7,109,96,53,81,15,112,50,35,48,23,85,64,49,78,131,4,103,31,13,8,93,108,56,102,16,62,47,129,58,73,66,94,106,60,114,92,30,120,135,91,107,34,24,132,46,116,2,80,1,127,75,67,90,83,117,55,25,14,37,32,61,33,12,111,42,115,3,36,68,44,0,123,63,99,45,87,130,71,98,89,5,59,20,21,125,101,104,88,82,39,95,9,41,65,113,124,77,19,121,72,110,84,51,57,22,29,70,79,126,26,52,69,97,122,40
1,1
28,51,96,131,121,135,88,115,44,43,91,126,12,102,37,86,111,32,56,48,120,5,26,97,114,72,124,10,17,133,25,24,55,61,79,75,98,14,105,103,69,109,68,125,15,80,113,104,47,90,81,3,66,23,132,59,127,119,129,6,101,128,4,110,19,99,39,65,46,62,123,9,117,33,64,50,27,31,16,85,84,11,67,71,58,83,20,106,70,76,13,2,89,118,134,8,93,40,100,21,60,74,95,30,7,38,35,78,94,45,116,22,42,34,87,130,53,73,122,52,107,49,29,112,0,1,92,41,63,57,36,54,82,77,108,18
4,2
111,120,80,78,28,56,38,40,95,25,22,135,129,108,39,109,36,85,61,88,74,114,53,69,12,10,91,23,119,73,130,134,121,60,67,64,116,37,113,115,128,110,118,112,24,84,13,19,57,100,97,76,21,66,107,7,0,41,127,2,47,35,133,8,79,94,54,92,27,46,132,48,98,3,14,43,1,65,11,44,125,52,104,96,50,17,26,15,34,68,29,126,82,93,32,58,87,102,42,83,33,55,124,31,123,49,70,63,59,45,18,6,4,62,105,16,122,51,101,103,99,81,90,117,89,9,106,20,71,75,86,72,5,131,30,77
3,2
45,25,36,63,97,4,22,96,21,12,135,52,103,126,48,109,41,87,72,66,20,10,54,104,100,5,88,65,99,16,61,118,74,105,92,110,44,40,114,132,13,129,37,67,86,117,130,71,69,133,93,91,127,123,62,83,89,51,7,94,106,70,39,8,49,6,58,35,17,120,98,47,76,111,29,73,34,119,15,46,9,24,79,57,80,115,28,82,64,30,59,95,113,2,85,90,81,131,50,121,43,1,84,78,107,128,14,18,112,11,55,134,0,124,68,108,116,60,75,38,31,3,53,56,32,42,125,27,77,23,122,26,19,33,102,101
2,1
113,19,27,135,2,80,79,70,76,28,88,120,118,98,30,35,65,73,90,10,22,115,82,74,61,119,109,12,67,9,75,104,97,37,29,59,16,114,25,6,91,87,102,130,96,68,123,86,83,52,129,72,124,11,53,85,101,103,99,45,18,81,40,23,31,17,60,117,4,66,77,1,84,41,24,89,51,56,64,93,132,42,34,43,58,20,116,47,92,14,108,78,133,7,46,107,128,36,71,15,110,95,121,94,21,33,105,112,49,57,62,54,44,122,8,32,26,131,125,39,55,111,0,134,5,106,3,100,50,127,38,126,69,48,13,63
4,3
27,115,48,97,21,15,10,57,8,14,84,70,76,71,122,39,82,42,2,23,85,112,132,45,133,40,37,24,0,26,128,52,50,116,33,78,56,13,114,111,73,58,63,125,34,81,127,62,80,121,86,5,64,11,90,72,95,134,12,117,107,88,61,129,89,19,67,75,130,124,31,7,16,25,32,120,36,44,69,55,65,38,92,106,60,49,91,22,18,126,51,109,41,103,20,102,68,46,1,93,79,74,17,59,123,131,83,54,87,110,66,101,43,3,105,35,100,4,99,94,77,119,104,29,113,47,28,108,9,53,6,98,135,118,30,96
1,1
115,48,27,70,79,127,123,12,83,97,88,124,93,105,131,104,128,51,112,5,32,44,26,113,120,129,81,19,24,21,64,125,22,62,33,65,74,114,110,95,117,76,96,107,20,103,2,23,40,7,119,122,92,10,50,9,134,90,57,35,80,132,75,98,6,31,55,130,68,41,54,1,91,56,42,47,25,0,106,109,8,52,29,116,38,34,14,63,60,94,118,39,53,71,13,72,89,111,36,46,37,16,82,99,73,84,78,30,108,100,11,77,87,18,66,67,101,121,15,58,126,85,45,102,43,4,59,3,49,61,28,69,17,86,133,135
2,5
24,80,132,62,49,68,45,15,85,93,94,96,21,8,2,36,27,110,12,56,115,118,14,59,52,108,117,51,82,124,31,103,32,92,73,102,135,74,4,127,25,16,19,5,43,47,89,84,106,60,111,67,26,87,48,98,3,30,79,130,44,77,90,131,22,88,83,28,119,53,134,95,23,101,63,34,133,123,109,7,75,69,125,99,29,120,9,33,116,39,129,6,41,72,81,58,100,55,64,66,113,86,71,42,122,38,128,105,37,76,104,11,46,121,61,40,126,10,70,1,114,17,91,97,13,107,78,18,54,57,112,20,0,65,50,35
3,3
82,31,59,1,129,100,124,60,66,106,132,22,85,103,21,91,58,34,45,30,11,19,88,126,37,18,52,99,83,56,105,25,15,62,118,101,117,127,0,130,71,73,38,12,29,119,40,102,57,50,24,61,135,17,94,7,33,104,76,2,112,46,43,75,47,55,63,14,72,54,5,79,53,134,131,64,51,32,84,74,70,95,23,67,120,41,65,9,108,69,44,49,98,90,36,122,107,28,78,48,96,13,116,35,39,87,20,133,115,114,110,42,26,109,80,6,92,68,10,113,4,16,93,89,123,125,8,86,3,97,81,77,121,128,27,111
6,5
16,87,46,8,3,53,12,6,51,76,85,118,49,113,10,130,112,111,31,65,104,73,95,69,13,78,61,4,123,23,89,57,110,1,9,34,47,129,126,50,52,99,66,55,134,39,98,79,20,128,62,0,19,133,115,71,43,75,88,108,27,30,24,124,103,44,91,42,81,97,38,14,122,92,32,5,33,41,63,107,25,58,94,96,102,67,29,7,28,93,127,90,26,105,117,40,116,59,80,45,36,74,100,86,56,72,60,11,77,17,82,22,70,109,15,84,120,131,2,132,35,114,48,83,125,119,21,101,68,37,64,121,106,18,54,135
3,6
94,25,129,31,71,46,28,40,45,107,93,13,54,118,16,9,104,43,127,99,47,90,135,21,27,70,115,98,132,100,33,106,85,61,17,55,134,116,59,122,64,86,112,83,131,80,10,4,103,32,42,39,53,62,12,114,48,3,102,26,19,89,126,34,113,124,120,38,101,78,0,50,65,11,49,57,60,92,111,44,7,77,8,20,6,84,73,105,121,15,75,24,119,5,22,74,66,72,58,123,79,88,76,36,117,30,125,133,95,91,69,96,35,51,110,37,97,23,130,18,109,68,29,67,81,87,52,1,82,108,128,14,2,63,41,56
6,4
82,119,40,14,126,20,56,108,61,33,13,91,42,17,48,60,105,21,135,92,87,3,88,86,90,52,110,75,103,68,6,104,116,98,95,29,35,83,102,2,85,10,12,59,122,106,114,30,72,5,18,94,131,57,54,132,41,65,63,99,9,19,71,115,124,15,69,74,66,81,80,67,120,113,112,123,31,47,4,73,107,129,44,101,24,25,22,34,37,93,58,79,39,84,7,128,0,51,49,121,1,26,46,53,55,127,16,43,130,77,32,45,97,62,27,78,118,8,134,109,64,111,28,89,76,133,117,11,100,70,96,38,36,23,125,50
6,4
39,3,34,121,17,64,108,49,130,88,47,68,131,62,23,101,8,16,91,59,21,48,9,135,103,86,1,109,87,117,53,65,80,93,84,69,129,58,83,90,100,122,111,20,24,118,22,63,78,31,5,6,43,56,11,116,92,104,67,2,119,30,18,15,75,134,105,44,33,79,35,25,7,89,36,45,106,38,99,120,132,82,70,57,113,133,28,76,96,127,112,126,13,41,128,46,61,107,95,81,114,123,51,32,55,110,73,124,74,12,54,19,85,29,27,26,60,50,52,94,10,98,125,42,40,77,0,66,115,97,37,4,71,14,72,102
2,5
80,40,58,107,132,36,113,129,21,125,96,85,27,43,108,48,68,64,15,47,9,99,4,84,63,101,133,114,54,130,128,30,81,131,11,13,37,65,22,115,95,100,23,118,92,3,46,123,88,56,57,106,52,14,59,76,93,87,5,86,24,1,38,49,55,44,72,31,45,12,135,62,94,53,61,91,6,77,122,75,25,18,51,71,105,70,35,50,67,89,69,111,17,124,103,110,119,20,82,90,73,79,0,19,121,112,74,116,120,66,127,126,29,41,98,34,39,7,10,26,104,42,32,8,60,102,78,16,134,109,83,33,117,28,97,2
1,2
59,27,24,85,104,82,70,121,95,128,74,52,65,60,22,54,112,40,19,7,25,64,106,51,130,3,4,41,62,105,90,57,134,109,44,135,73,55,43,39,80,75,53,47,26,84,11,126,83,122,28,115,131,23,132,71,124,17,8,49,9,114,67,133,35,87,119,20,102,16,125,31,81,56,92,120,18,1,103,98,127,13,30,97,110,38,111,61,2,108,10,88,86,93,48,96,42,5,69,66,89,77,91,116,99,63,33,94,0,118,107,37,6,34,101,21,113,50,78,100,68,72,129,14,15,123,117,46,36,76,29,45,12,32,79,58
6,6
84,130,20,13,33,97,55,85,121,82,80,122,71,14,60,120,16,61,8,43,98,52,109,44,40,72,24,58,32,35,135,1,6,12,73,23,53,76,50,42,129,66,126,88,21,105,31,128,96,11,115,41,78,79,89,81,48,92,95,26,54,57,59,28,113,15,134,108,4,110,64,133,5,25,103,91,67,10,51,100,112,22,17,83,90,114,19,107,46,70,117,65,45,9,99,104,56,119,132,111,36,87,125,47,2,116,37,102,49,18,94,29,27,39,77,69,38,123,101,93,34,124,0,106,75,62,118,74,86,3,63,7,131,68,127,30
1,2
53,24,98,61,51,87,19,20,109,45,86,116,131,72,10,16,35,77,94,71,99,69,50,36,107,110,128,129,103,12,93,8,65,85,70,3,29,83,22,57,134,68,90,101,40,2,130,95,66,33,4,125,88,55,37,91,9,18,56,96,41,104,0,47,17,63,26,74,120,13,43,25,54,92,82,84,44,73,58,46,113,7,59,39,102,106,49,108,38,126,100,127,14,34,5,124,75,21,76,133,42,97,6,80,118,1,117,114,23,64,111,135,105,121,89,31,32,132,62,81,30,112,28,48,52,115,60,15,122,79,123,67,119,11,78,27
5,4
70,129,67,88,92,112,121,38,47,63,5,100,85,109,124,72,60,25,62,96,59,4,1,55,61,68,97,116,21,54,18,73,50,2,83,35,23,22,114,29,39,53,94,65,99,44,82,93,31,3,36,0,122,98,15,75,19,105,127,123,41,42,48,71,111,46,37,66,84,20,16,10,77,81,69,102,9,13,90,80,32,28,6,117,104,103,74,24,86,14,45,119,135,8,26,126,64,51,107,27,134,17,11,58,56,34,113,132,49,95,12,30,7,130,78,128,115,33,118,110,91,108,133,57,40,120,89,52,79,101,76,106,125,43,131,87
6,4
100,15,28,90,112,102,86,93,24,71,103,83,31,122,65,18,118,70,54,96,25,79,30,57,124,1,88,133,117,85,41,0,67,74,76,125,81,16,52,114,110,7,33,121,120,91,58,46,97,13,119,10,78,27,40,22,132,73,43,9,89,38,69,29,60,34,101,131,45,68,87,59,42,63,130,39,14,32,37,84,98,94,50,115,127,105,61,72,109,56,49,62,126,51,95,129,66,80,99,3,135,104,106,17,5,8,111,75,55,23,113,6,64,82,107,47,123,134,77,20,35,128,26,12,53,21,116,11,19,48,2,108,44,36,4,92
2,4
2,68,15,84,49,51,128,48,101,80,117,0,63,19,97,67,104,121,115,23,7,114,133,40,34,105,20,79,45,25,29,46,118,16,94,135,53,129,18,120,66,44,50,30,9,86,38,42,132,26,102,109,77,32,33,6,5,127,52,47,14,8,17,41,72,99,59,56,116,112,85,82,111,76,95,36,88,103,27,100,96,106,71,119,113,134,83,131,70,22,74,1,122,31,35,98,126,37,124,92,107,55,12,123,108,43,3,89,130,69,60,91,39,54,28,75,87,4,62,73,125,65,110,93,58,81,21,61,13,78,10,64,24,11,90,57
4,4
130,10,129,41,72,78,36,3,81,64,32,67,17,106,135,63,113,101,65,31,100,77,102,120,127,98,91,13,86,29,48,52,59,51,40,6,14,124,85,111,83,75,42,123,87,28,61,53,16,57,66,71,34,24,131,54,121,108,22,1,79,43,107,88,114,99,62,110,50,0,132,2,23,95,45,125,4,49,96,69,92,15,112,105,104,84,60,118,20,58,21,122,119,94,30,8,133,109,33,117,126,128,12,74,7,44,82,93,80,97,5,46,103,19,9,68,35,11,56,18,37,90,70,89,73,25,76,115,39,134,55,27,26,38,47,116
3,6
122,53,28,71,63,3,6,10,135,65,67,87,20,36,78,38,130,89,64,2,35,26,131,102,52,110,81,134,121,22,90,66,77,44,41,18,57,84,68,111,69,47,114,128,95,48,39,83,92,62,19,119,50,112,105,8,96,11,88,34,82,94,99,9,21,42,25,24,15,31,5,58,49,55,91,125,79,60,27,107,115,80,100,120,73,14,117,61,33,101,46,127,133,17,56,104,116,123,118,74,106,37,7,93,97,23,113,32,59,45,132,54,30,85,76,86,4,129,109,70,0,98,108,29,1,75,43,16,126,51,124,72,13,40,103,12
6,4
2,51,119,83,25,63,98,21,117,12,26,36,20,92,116,120,133,90,81,14,70,18,38,1,61,132,69,93,75,27,41,71,56,62,72,127,64,10,19,76,55,94,91,102,50,9,24,106,42,134,87,115,34,111,130,67,73,113,43,125,52,99,39,104,57,22,17,7,100,74,79,77,23,31,47,60,118,8,103,11,135,122,124,114,49,78,65,68,105,128,15,97,112,32,107,131,54,101,95,110,109,126,85,29,30,123,46,88,16,58,33,121,13,45,37,82,40,48,129,89,96,3,28,5,4,80,44,0,84,6,86,53,59,108,66,35
4,2
4,46,58,95,41,129,21,23,105,106,26,122,8,19,117,126,68,73,89,132,31,114,16,79,96,112,43,90,109,124,36,88,134,51,100,130,45,42,91,37,57,7,102,11,40,70,39,47,99,74,108,24,82,101,87,135,75,66,61,85,115,18,1,10,131,113,92,5,20,48,67,97,69,55,81,9,30,44,128,33,76,32,0,104,2,103,118,34,27,86,17,133,93,59,60,52,98,50,64,25,77,83,65,121,72,29,119,56,28,38,78,123,49,84,125,94,15,54,6,13,127,63,3,62,14,53,12,80,116,111,110,35,120,107,22,71
4,4
11,134,115,91,89,48,37,123,85,84,133,40,60,131,102,124,105,51,100,0,21,50,25,110,1,118,126,9,78,39,35,116,45,17,70,99,68,109,119,30,79,54,31,49,69,3,71,65,113,55,132,66,98,108,82,36,26,14,111,96,24,72,19,90,87,104,47,53,63,15,22,43,18,27,73,125,93,32,10,67,64,41,117,120,121,5,2,97,59,80,122,28,103,16,75,114,12,76,52,58,61,127,92,57,8,56,13,38,101,94,77,128,95,33,88,6,135,23,112,20,74,34,7,130,129,106,81,4,42,62,86,44,83,46,29,107
1,6
1,40,73,59,108,32,19,118,33,34,78,44,70,132,16,101,134,14,107,64,18,103,128,86,36,57,45,115,61,79,24,112,85,98,4,43,91,25,117,65,22,105,96,116,130,111,29,28,114,75,109,48,15,6,42,74,131,133,13,53,102,119,56,95,23,123,47,84,3,122,27,54,120,135,41,68,83,76,129,126,2,88,20,94,49,121,87,52,30,97,92,8,35,46,69,71,10,127,51,72,62,60,80,9,0,58,12,55,21,11,66,93,63,82,90,124,125,39,110,100,113,5,99,26,38,37,50,77,89,67,31,106,104,17,7,81
3,3
56,123,65,100,92,119,2,95,73,26,127,116,22,31,90,58,81,86,41,80,134,24,13,63,20,50,53,32,64,28,133,109,114,29,44,112,107,1,47,82,49,120,0,105,3,97,62,121,115,16,87,37,4,60,74,68,57,52,54,85,104,108,126,33,36,88,129,124,14,93,91,96,98,132,67,39,111,101,66,117,118,17,23,99,75,79,40,94,46,9,18,12,11,70,25,27,38,113,48,76,128,77,106,125,84,103,59,19,15,89,61,30,69,7,51,110,21,72,45,122,71,102,135,55,6,43,130,83,8,34,42,10,78,5,35,131
3,6
11,2,7,13,51,25,0,31,104,56,15,44,58,53,113,16,57,52,49,14,47,17,102,67,124,95,33,5,93,80,98,89,105,41,125,28,23,94,90,21,61,132,131,103,26,34,75,82,110,71,10,121,85,63,66,118,43,119,27,81,91,108,4,65,73,112,12,69,129,100,32,123,135,126,6,37,74,92,109,19,70,84,62,36,9,20,115,45,76,77,8,78,68,59,96,54,127,42,35,120,22,114,106,40,79,133,130,55,46,128,99,48,88,64,29,83,117,101,134,87,38,97,107,30,3,18,24,50,60,72,122,111,1,116,39,86
3,5
103,120,8,79,29,42,21,9,43,3,62,52,30,88,119,90,95,32,112,130,101,84,74,96,135,69,94,97,105,68,118,92,13,44,26,51,55,127,113,115,67,7,122,98,65,20,37,106,56,76,109,46,15,66,134,100,6,5,31,53,107,50,39,61,71,129,28,23,63,11,121,14,70,117,47,81,128,48,54,64,125,108,34,33,18,124,83,38,16,27,73,123,45,126,19,60,59,78,41,82,75,111,93,104,80,85,87,17,86,89,2,10,114,91,24,40,102,116,25,0,4,133,35,22,12,131,49,1,77,72,132,36,57,99,58,110
5,1
116,68,85,127,102,9,123,44,120,11,29,134,117,38,94,49,63,90,6,14,84,79,20,30,59,66,57,131,83,35,56,105,0,13,76,7,19,62,41,128,91,33,1,16,48,92,28,53,72,37,54,67,22,97,118,24,17,58,55,26,75,70,50,21,10,32,78,107,103,119,2,65,82,8,27,43,93,115,61,51,99,95,121,106,60,88,36,25,101,31,18,40,114,135,73,108,124,80,12,3,77,69,126,109,86,47,130,110,129,122,96,4,52,113,74,34,100,132,42,64,89,45,71,23,98,46,87,104,112,111,5,81,133,39,125,15
5,4
41,30,116,28,6,135,29,100,72,70,123,42,129,36,130,96,43,76,82,44,111,79,64,19,32,132,24,118,59,60,89,4,113,78,25,48,88,87,53,65,104,80,122,108,73,74,49,93,120,11,16,1,85,71,68,20,38,50,61,15,127,83,58,102,66,125,17,121,134,40,63,97,67,22,13,98,101,115,86,10,0,26,110,23,35,106,46,47,12,3,33,133,95,77,62,2,21,56,109,31,57,37,126,51,114,90,55,5,105,69,99,7,124,91,18,107,9,54,75,84,112,14,119,94,117,34,27,103,8,45,131,81,52,39,128,92
6,3
50,108,34,70,69,8,61,22,77,5,7,49,88,64,63,23,91,54,21,85,120,116,55,129,133,6,97,100,16,73,114,18,107,119,104,72,14,90,59,53,13,24,125,19,115,131,40,57,52,101,134,83,89,26,84,46,128,42,25,15,82,112,124,41,48,130,92,20,117,33,2,96,81,110,80,98,95,121,93,118,37,38,51,39,31,113,60,94,68,106,43,102,30,44,86,45,135,10,66,67,56,78,58,32,0,127,123,79,126,29,122,105,132,47,109,111,3,71,4,17,99,28,75,11,65,1,87,62,74,9,35,27,36,76,12,103
1,2
63,46,116,77,12,135,28,24,81,111,66,99,134,117,32,18,112,79,19,113,72,107,60,92,123,126,26,10,31,23,91,124,5,105,61,53,55,15,70,90,88,71,129,11,87,98,83,64,96,132,125,73,7,100,119,14,56,102,68,13,93,0,8,95,80,127,128,108,34,84,62,27,114,65,74,33,59,76,35,38,45,41,20,9,44,120,50,4,42,82,29,54,30,75,67,49,22,37,69,86,85,51,104,52,58,25,1,16,2,17,109,110,39,131,97,57,47,122,94,21,48,89,43,101,115,103,78,6,118,36,130,40,133,3,106,121
3,4
