135,7,104,52,50,20,10,132,14,110,60,33,106,55,124,126,17,48,88,54,2,12,85,5,63,89,83,57,9,72,90,25,100,84,133,76,64,53,13,21,130,56,114,79,39,70,112,26,77,8,28,92,117,69,36,0,1,125,6,59,67,109,66,71,44,24,3,27,42,43,15,95,78,127,61,74,105,11,107,35,16,116,40,19,23,113,68,32,81,87,62,30,65,38,91,49,134,123,121,22,101,29,118,18,131,129,58,34,115,111,47,119,46,122,51,45,120,97,103,73,102,94,37,82,80,128,93,4,108,98,96,86,41,75,99,31
6,4
16,65,4,120,129,12,11,36,51,86,31,63,71,10,88,100,13,43,34,112,69,134,122,42,117,131,90,8,38,0,118,27,127,79,75,96,116,23,45,22,50,66,108,72,67,26,56,132,70,30,20,2,68,6,126,114,61,3,97,44,60,81,128,105,35,7,124,47,25,5,102,87,39,37,89,48,103,135,99,94,91,9,77,28,109,130,74,49,32,119,15,41,101,24,18,107,78,64,123,54,46,29,92,85,110,104,106,55,98,53,58,19,82,125,93,80,14,17,111,40,33,21,95,76,59,121,113,57,115,133,73,1,52,84,62,83
5,1
91,88,6,47,77,75,54,12,68,45,99,70,83,14,104,89,135,44,113,36,13,9,86,8,69,29,128,117,82,52,100,60,92,32,71,103,120,43,7,19,35,37,51,39,125,59,3,24,31,63,49,53,98,50,81,121,21,134,66,5,90,41,122,84,112,46,132,79,67,118,10,2,72,78,22,4,65,127,1,55,17,96,26,126,101,18,33,38,73,42,129,40,57,76,87,27,108,123,11,61,95,133,34,105,15,25,62,30,131,124,119,20,110,48,93,116,114,80,85,109,97,0,111,74,94,106,28,115,16,23,56,130,64,102,107,58
3,1
47,63,97,73,123,100,113,30,25,41,66,103,4,36,80,99,59,104,12,37,0,121,92,106,24,118,2,76,31,72,84,29,65,83,26,85,54,46,7,77,62,19,53,75,112,49,14,91,33,43,3,125,67,135,69,128,44,111,117,61,96,101,122,134,8,98,40,55,108,16,18,124,1,48,51,114,81,64,5,79,9,60,68,52,11,132,102,6,93,70,87,23,32,17,10,45,129,71,110,50,131,95,88,39,127,57,58,13,133,130,74,42,28,105,90,22,15,126,38,116,56,120,107,35,82,86,21,115,78,89,119,94,27,109,34,20
5,1
20,43,3,0,14,54,30,86,23,79,34,49,91,31,82,112,117,89,29,33,76,116,47,41,72,90,88,25,27,115,103,50,13,75,71,24,110,132,101,69,67,99,130,38,7,128,68,56,19,109,85,15,74,18,44,131,60,8,119,104,1,134,10,111,135,58,48,102,96,51,78,17,121,113,62,5,36,123,114,107,26,22,55,4,93,83,108,6,105,80,42,64,2,11,97,39,70,106,87,66,28,92,52,35,32,57,125,16,65,84,81,61,73,127,118,77,40,12,63,100,94,129,53,21,122,9,45,98,46,126,37,133,120,124,95,59
1,2
113,63,24,48,96,107,35,117,116,122,79,0,51,53,123,52,129,10,93,50,71,98,47,22,101,40,102,7,127,46,43,90,108,64,14,131,77,33,18,118,120,70,111,34,61,126,26,82,29,121,28,78,81,132,97,76,92,31,11,44,104,134,73,94,87,32,100,9,30,13,16,119,103,54,130,124,49,114,1,133,85,6,4,8,115,37,91,3,84,25,89,23,68,80,105,12,57,106,95,99,110,38,72,135,56,112,58,67,65,128,2,5,21,15,39,86,88,27,83,42,45,69,62,109,17,20,41,19,55,60,36,66,59,125,75,74
2,2
93,123,88,116,102,75,30,83,69,9,27,28,40,17,19,26,84,120,43,129,66,101,42,31,118,18,103,8,37,7,124,59,5,98,80,125,113,109,47,14,11,34,65,23,95,87,72,122,97,79,107,74,54,131,57,38,15,39,130,58,21,13,61,48,29,6,73,32,96,134,50,133,90,10,51,94,3,0,4,36,121,64,44,108,60,105,104,52,119,91,2,132,62,99,35,85,106,89,92,82,67,114,33,126,46,45,127,76,117,111,24,78,77,110,70,55,135,115,128,68,56,20,81,41,112,63,71,22,25,53,86,49,100,1,12,16
1,1
100,83,25,20,134,82,27,98,17,29,97,99,52,8,109,127,42,132,86,135,85,69,41,46,10,23,68,56,130,117,133,48,12,51,7,18,67,47,123,50,74,110,4,125,80,30,104,129,89,60,106,87,108,9,19,32,16,34,88,118,105,58,0,73,75,33,77,40,24,57,38,21,66,62,111,36,124,115,70,43,55,35,113,102,39,53,107,6,71,15,95,81,61,96,72,126,26,90,44,93,128,119,103,2,122,131,37,114,49,65,76,11,84,63,31,59,5,91,92,79,64,54,101,45,3,121,116,13,94,120,22,14,1,112,78,28
3,3
112,21,4,103,130,96,74,31,132,79,9,110,36,102,100,30,95,78,60,109,77,82,24,119,3,50,128,133,127,63,11,40,85,41,135,66,101,84,106,115,81,34,48,87,38,43,56,71,44,52,49,111,15,91,26,32,16,25,2,92,29,19,83,120,7,93,70,69,51,80,76,75,22,17,113,72,1,129,99,90,89,86,28,68,107,14,122,105,108,39,0,94,65,8,118,97,55,117,5,10,114,123,35,47,67,64,6,57,121,104,27,46,126,125,73,124,62,116,37,33,61,20,45,59,23,13,98,18,131,53,42,88,54,12,58,134
3,1
6,114,37,126,111,27,85,50,76,120,89,97,107,12,59,28,95,123,78,58,52,40,34,4,81,94,131,49,32,82,25,44,23,84,8,96,69,35,125,29,15,106,102,134,55,74,17,2,26,121,104,117,116,60,36,62,90,30,10,109,67,51,57,56,75,66,42,73,14,63,24,38,5,128,45,129,115,72,100,43,53,118,65,112,61,77,31,41,122,9,135,87,119,13,105,92,124,21,20,86,130,93,71,80,1,22,108,79,54,91,88,33,68,11,16,101,83,99,70,64,110,48,3,132,18,7,0,47,127,133,103,98,113,46,39,19
5,1
135,54,14,4,8,103,10,134,98,0,86,105,75,30,108,57,19,20,59,33,73,31,116,109,25,107,94,5,53,40,3,113,96,60,122,11,39,87,58,91,118,55,45,112,29,42,124,7,21,83,121,115,97,110,34,72,80,74,120,84,126,77,49,76,64,35,43,130,100,82,104,132,71,133,22,17,61,47,81,78,66,44,70,32,125,65,67,51,9,129,24,12,56,106,128,13,119,95,131,90,27,102,2,37,1,6,68,127,50,26,16,93,99,48,28,85,18,123,101,92,89,117,62,36,41,114,15,79,69,46,23,88,38,111,52,63
3,5
34,102,107,108,11,5,44,37,13,60,131,16,14,106,110,113,46,77,61,15,57,26,38,30,1,122,7,4,25,116,135,89,87,66,65,109,63,51,3,62,68,75,132,80,0,67,111,73,36,59,22,100,84,39,43,24,28,79,70,76,19,125,117,88,114,40,118,95,10,101,50,104,91,121,96,48,85,45,69,27,52,42,78,123,97,98,6,99,128,105,120,94,41,134,12,20,119,93,81,32,18,112,53,54,55,126,130,33,9,8,86,58,35,92,129,90,47,133,21,56,83,49,127,31,124,82,17,2,72,71,64,29,74,23,103,115
2,2
1,37,54,9,59,92,104,34,98,94,55,15,78,65,49,8,61,63,131,3,52,31,48,16,97,135,40,77,121,76,68,111,80,10,60,45,88,67,82,122,72,25,43,20,27,102,118,96,117,130,41,105,57,23,106,4,24,133,47,0,26,103,112,13,86,134,116,7,32,85,70,6,91,124,114,22,17,107,19,128,83,38,51,132,84,50,30,74,123,29,129,75,46,18,12,95,53,56,99,113,33,127,89,11,109,110,35,115,81,119,58,79,2,64,69,21,5,87,44,36,100,14,93,39,71,28,101,120,42,62,108,90,66,73,125,126
3,5
4,111,78,49,66,87,46,20,113,122,9,15,110,118,58,120,74,1,34,104,80,40,92,62,50,42,37,84,48,129,19,24,59,83,125,107,2,23,29,8,70,35,67,126,115,52,61,12,98,11,132,45,68,33,39,95,38,85,41,82,27,71,18,97,54,22,124,31,89,47,119,75,100,105,44,109,72,127,77,99,106,131,102,94,79,56,43,93,64,73,21,26,13,112,32,25,116,5,130,103,123,63,121,7,30,28,6,51,114,76,53,91,16,133,55,96,88,101,17,36,3,90,108,0,86,57,10,117,134,65,60,69,14,81,135,128
5,3
49,11,99,36,37,2,127,5,9,84,0,128,129,10,24,26,120,108,43,57,95,42,7,69,86,94,124,87,48,70,38,119,114,72,32,44,100,68,121,3,76,103,96,125,133,29,91,12,25,113,135,59,61,104,41,28,4,90,51,71,78,33,39,107,116,101,123,110,34,56,109,79,53,117,77,111,131,112,46,20,62,134,73,66,50,97,35,105,55,6,88,54,21,74,19,83,52,30,122,1,60,18,98,45,40,65,8,15,93,23,126,82,22,89,92,16,64,27,47,67,63,130,13,132,85,75,81,14,115,31,80,106,118,102,17,58
4,1
132,91,44,108,31,18,19,126,24,35,21,134,15,10,86,37,75,70,115,26,9,125,107,36,40,2,30,99,33,23,41,76,95,122,29,63,113,80,64,124,12,81,94,48,5,55,103,4,123,52,79,73,87,14,72,85,49,97,93,109,90,83,92,3,6,0,66,60,77,104,101,135,127,119,8,117,111,116,57,43,13,62,61,129,131,51,38,11,25,45,39,96,102,118,22,128,59,34,46,69,53,42,100,27,88,106,28,89,56,74,32,7,78,20,71,58,114,130,50,121,105,67,17,16,133,120,98,110,1,54,112,84,65,47,68,82
3,6
25,60,113,108,116,71,4,129,70,21,11,132,111,104,76,8,37,52,74,100,125,33,46,7,55,114,81,96,2,112,93,119,66,17,14,41,36,117,13,89,82,77,97,20,87,35,118,49,27,31,127,5,134,105,106,124,103,19,32,62,58,121,69,110,44,59,45,28,122,47,79,65,22,9,3,61,80,99,107,75,88,86,72,48,123,29,57,98,78,53,92,39,6,95,56,50,85,133,63,101,91,12,40,10,0,94,90,26,42,18,15,1,51,115,73,135,130,43,120,64,102,128,34,131,84,23,38,54,83,126,16,67,109,30,68,24
3,2
84,78,100,5,75,92,134,106,109,7,127,64,82,1,22,71,48,73,59,52,128,65,85,34,61,108,115,129,58,131,31,33,55,116,4,77,94,70,118,95,83,60,132,67,27,105,93,63,36,11,18,21,130,81,68,26,46,57,122,135,126,12,101,29,97,103,14,3,32,6,76,13,41,66,62,117,96,121,17,43,80,120,35,54,102,112,16,20,8,104,9,15,86,40,45,38,124,19,53,87,69,133,44,110,91,50,37,49,125,0,24,98,30,113,89,42,28,47,2,72,123,74,90,119,111,79,10,51,39,23,107,99,56,25,88,114
1,6
78,131,133,72,101,6,16,44,26,123,122,15,73,34,108,31,54,8,135,83,84,3,39,96,67,117,68,45,25,43,1,38,2,120,119,53,21,106,99,11,76,13,23,17,7,86,110,124,63,88,18,12,14,127,36,22,132,89,103,130,24,71,97,105,107,69,57,85,41,62,98,75,128,111,0,56,93,126,115,40,87,51,29,33,55,47,90,125,19,28,94,4,50,81,5,91,77,112,134,9,80,118,32,52,82,59,64,109,113,74,46,30,10,92,102,37,70,79,100,95,48,35,129,104,61,121,42,60,58,114,49,116,65,20,66,27
6,5
30,115,29,40,66,118,52,121,86,91,70,39,60,77,125,103,65,69,41,123,75,53,105,104,0,111,89,15,6,64,101,107,28,58,34,32,78,20,44,16,113,73,45,99,72,134,98,83,62,26,119,95,12,88,84,110,42,22,92,109,129,49,10,74,56,9,87,1,126,63,5,96,61,57,24,33,76,4,54,124,51,82,81,117,67,116,135,3,93,112,94,128,79,106,35,122,31,19,11,102,55,27,46,68,43,90,2,132,8,80,7,37,120,21,59,47,108,48,127,130,97,131,17,133,36,25,38,13,14,18,71,100,85,114,50,23
1,2
134,78,52,21,22,30,109,72,119,98,131,62,76,104,56,0,80,93,29,91,117,73,102,82,40,45,1,39,123,24,114,63,70,8,105,48,18,103,43,64,69,97,122,51,89,113,7,35,25,5,34,100,130,77,14,46,115,3,11,107,38,54,33,71,37,121,2,27,101,79,92,16,50,15,6,12,74,32,87,66,36,86,26,67,23,41,96,17,126,49,116,128,9,13,31,118,47,10,75,133,53,127,132,83,68,55,20,110,59,120,19,94,111,85,99,106,108,88,81,84,135,124,28,95,4,90,42,125,44,60,58,129,61,65,57,112
6,4
103,72,34,61,39,128,35,33,2,27,77,96,92,24,97,54,116,43,106,119,122,7,53,98,125,6,115,5,124,129,29,132,127,133,75,64,46,57,69,86,79,22,99,49,10,131,126,83,112,109,28,51,67,60,94,55,105,134,31,84,78,89,101,66,20,13,25,81,73,18,82,59,38,85,65,111,108,36,47,104,100,23,37,16,12,71,41,52,117,15,32,45,42,0,90,74,68,93,88,123,120,19,14,26,44,107,8,80,91,40,102,4,30,118,76,121,9,21,110,63,87,3,17,114,50,1,135,48,70,62,95,56,113,11,130,58
5,5
107,110,93,90,21,37,126,50,74,61,111,69,1,13,71,131,73,83,67,95,14,54,38,72,23,108,8,70,10,116,114,49,34,48,102,19,44,39,63,57,30,68,58,66,64,120,132,53,81,86,46,40,27,51,24,128,42,123,117,125,43,87,36,35,89,115,134,26,15,33,0,105,103,88,25,22,9,55,6,100,29,12,98,101,135,59,77,32,11,31,106,104,76,41,60,133,80,85,20,91,119,127,47,18,2,28,118,3,62,52,79,65,121,124,16,92,112,75,7,99,45,94,84,130,113,96,4,56,109,17,78,82,122,129,5,97
2,2
66,1,135,67,60,108,89,101,2,103,98,25,121,113,32,95,107,125,30,82,111,15,123,128,104,97,28,8,109,99,12,80,110,43,96,122,50,63,29,65,126,62,119,52,47,100,120,31,118,10,38,87,106,61,36,4,20,115,6,72,35,59,88,69,71,3,102,16,91,92,40,131,18,53,24,41,129,85,68,44,64,54,90,112,105,133,73,94,5,9,134,81,11,46,84,7,42,77,86,75,51,48,130,58,76,23,132,70,34,55,17,45,116,49,19,117,13,33,114,21,57,78,83,79,124,22,14,26,56,27,127,39,74,37,0,93
4,4
132,119,109,62,18,120,1,75,31,11,51,34,68,88,65,50,67,107,99,72,110,91,89,71,69,106,55,73,135,20,115,13,123,96,44,17,77,98,37,121,45,129,95,64,38,3,5,2,79,61,76,85,60,35,36,104,6,102,23,108,117,15,93,46,41,30,81,103,105,48,133,66,128,49,29,21,134,7,113,10,131,111,24,54,14,12,53,26,130,9,32,83,33,16,118,90,25,126,82,84,57,40,116,39,56,19,114,112,124,47,101,125,100,8,58,78,97,94,52,43,42,63,27,92,28,22,0,122,80,59,70,87,86,4,74,127
1,4
45,57,103,41,37,86,47,33,123,68,122,109,36,62,52,117,84,125,130,83,50,81,48,80,21,55,98,82,56,131,110,129,102,120,31,126,63,35,10,112,95,42,128,18,11,25,135,99,65,53,111,132,67,20,1,66,32,92,17,106,87,2,0,94,88,73,27,23,61,79,19,121,12,3,6,16,4,114,134,38,24,107,77,108,8,64,9,44,51,93,71,76,30,22,105,124,29,113,60,91,43,49,118,119,96,127,28,39,69,133,78,7,72,104,5,59,115,101,70,89,85,46,26,34,75,100,14,116,15,90,97,58,13,74,40,54
3,2
88,4,116,100,113,57,97,58,71,65,54,47,68,61,48,34,20,133,128,112,108,106,15,126,46,2,105,135,39,89,77,9,21,36,41,123,40,22,87,129,122,17,51,50,72,79,16,19,45,115,103,29,24,96,91,101,1,25,119,83,85,59,0,30,90,60,64,10,32,131,67,6,92,11,37,44,124,70,114,120,55,82,49,86,74,94,132,110,76,38,95,117,42,33,121,99,125,118,78,12,18,8,14,35,130,5,3,28,66,56,52,81,69,109,31,107,26,75,62,27,23,111,43,104,63,7,84,102,134,73,127,53,98,80,93,13
3,4
26,115,118,59,101,52,13,15,132,68,64,57,4,117,102,82,20,111,35,24,19,62,128,127,131,10,55,109,1,134,75,41,74,34,96,122,25,106,79,77,48,30,70,61,9,51,100,60,12,6,5,97,47,49,71,2,92,87,126,42,94,3,123,130,37,72,14,69,105,99,39,50,7,107,28,86,83,95,11,66,31,90,112,54,103,91,23,65,113,46,33,78,84,36,16,67,104,43,124,40,73,85,38,17,81,129,89,32,44,45,119,22,58,135,18,53,98,133,63,121,8,125,110,116,21,76,27,93,114,88,120,29,56,80,0,108
2,5
59,126,9,81,73,112,70,88,5,75,116,131,0,80,124,14,113,92,89,47,62,7,134,30,4,85,102,15,58,109,8,130,78,111,135,95,13,103,66,110,79,97,67,107,21,114,60,104,117,84,129,65,48,33,34,53,46,93,17,122,77,44,106,87,25,82,16,27,45,83,69,26,12,94,101,115,43,50,86,133,41,24,54,127,20,2,99,51,61,32,68,36,90,55,6,49,63,56,31,40,128,121,35,71,11,96,74,52,123,108,1,64,22,76,125,18,57,42,72,10,3,23,38,119,98,28,118,132,120,29,100,19,37,105,39,91
2,4
134,108,98,113,45,3,97,121,68,14,103,90,65,8,34,58,27,2,35,0,114,44,111,61,64,17,89,22,67,46,11,124,54,117,116,118,95,80,101,49,105,128,122,76,94,31,51,120,18,30,74,12,129,15,29,50,88,102,47,70,100,23,41,69,9,77,96,42,91,75,1,83,107,52,92,132,135,125,119,131,5,36,115,123,6,33,86,40,37,25,39,7,104,63,81,28,126,109,73,38,62,72,127,55,4,112,79,110,24,87,57,32,59,43,53,78,99,66,133,26,48,71,21,85,84,13,60,16,20,106,10,56,130,82,93,19
5,4
7,135,19,132,9,65,54,53,59,38,99,57,21,2,35,6,106,4,50,67,83,69,74,3,16,107,102,95,75,55,46,87,117,94,88,79,20,114,66,93,24,78,76,123,131,105,100,72,64,70,73,84,121,92,134,133,14,25,44,112,109,82,36,119,62,13,80,34,28,37,116,85,104,124,22,49,111,18,47,91,23,97,115,125,81,58,130,0,77,12,29,129,8,45,43,113,126,40,10,39,96,15,63,52,30,103,26,128,98,51,127,1,122,31,101,90,48,27,42,32,17,89,5,41,108,56,60,110,86,61,11,120,71,33,118,68
2,3
13,81,117,14,7,121,33,90,5,32,16,109,118,98,83,24,11,110,23,44,71,75,9,12,111,20,92,122,72,8,96,125,67,27,55,104,43,113,94,106,63,115,133,108,65,131,56,35,50,2,70,48,42,3,128,53,30,31,60,21,38,119,68,105,82,86,25,100,79,124,26,127,64,129,40,54,47,73,74,28,80,103,66,102,51,76,39,84,112,123,114,88,99,77,107,41,69,78,37,46,36,18,29,132,97,19,135,10,52,49,89,1,0,126,95,130,34,91,45,15,6,58,120,4,62,134,57,87,61,116,101,59,17,85,93,22
3,4
106,14,78,12,22,113,28,73,135,55,74,31,77,32,49,100,17,4,131,15,133,79,37,7,117,86,8,30,109,35,65,45,46,47,3,81,16,93,27,18,5,134,61,118,13,99,26,98,89,21,132,40,112,59,60,116,11,97,107,67,9,119,123,108,41,85,1,127,57,44,50,56,103,23,115,110,42,10,64,102,38,19,101,29,24,2,58,124,20,83,90,52,121,36,128,68,95,72,76,71,120,122,87,33,53,105,104,96,92,125,63,84,6,70,82,130,75,88,129,39,34,91,111,51,80,25,43,69,114,94,66,54,0,62,48,126
1,5
114,93,39,135,11,85,88,125,110,99,3,41,12,65,18,69,94,14,103,50,4,47,80,82,107,98,52,9,51,121,19,37,89,43,71,70,44,112,45,118,35,79,117,68,109,131,73,72,77,128,46,21,27,105,120,26,8,134,54,38,115,97,42,90,102,59,113,13,126,31,20,7,86,49,101,96,30,40,32,6,124,123,91,64,122,83,0,104,33,1,76,127,95,92,57,84,16,24,36,53,100,108,29,133,130,116,10,17,15,60,66,56,61,78,55,67,2,34,87,75,62,119,58,81,132,48,106,74,129,28,25,63,22,5,23,111
2,6
105,80,17,102,89,60,19,118,76,99,133,3,83,42,53,61,92,101,2,97,59,52,37,69,45,100,96,79,43,91,73,34,84,110,113,78,127,67,106,12,123,20,16,21,29,131,128,81,36,109,24,26,82,103,75,14,58,47,46,90,22,71,49,72,117,40,57,0,120,94,33,129,7,4,55,74,68,130,23,30,32,5,50,121,70,114,35,108,64,115,56,28,95,27,54,104,125,116,112,122,18,124,65,11,1,93,41,51,98,132,39,38,44,66,15,134,86,126,31,9,111,13,87,8,88,63,77,48,6,119,25,107,85,62,10,135
2,2
28,101,1,57,43,52,85,93,81,61,17,25,53,60,130,38,39,120,26,58,64,108,127,135,42,70,5,89,68,6,112,95,111,63,20,79,75,50,103,131,92,129,10,48,3,18,100,114,11,73,86,94,115,32,46,7,124,15,102,121,49,51,104,82,56,69,77,134,44,125,67,65,76,97,98,99,96,119,71,37,40,105,133,83,116,22,2,30,118,9,72,13,87,132,109,117,29,88,14,24,84,126,66,47,45,80,0,110,12,35,34,78,113,4,90,74,36,16,31,106,107,19,55,54,128,8,23,123,41,27,59,62,21,33,122,91
5,2
101,71,66,35,96,32,44,113,16,63,116,25,97,108,130,135,74,134,1,12,53,131,33,77,22,88,75,0,129,95,34,54,21,30,80,3,94,121,9,133,99,98,62,100,114,46,61,104,111,103,40,4,60,84,52,117,26,69,31,42,119,125,79,8,6,126,65,124,93,58,28,107,2,41,127,105,29,91,59,48,106,76,10,67,38,115,82,50,118,11,23,86,56,120,78,37,102,83,57,27,49,47,45,20,18,64,13,19,15,36,55,70,51,43,109,39,112,87,89,132,73,122,81,24,128,110,123,68,7,92,5,17,14,85,90,72
5,4
24,33,112,14,59,70,107,81,71,127,50,55,91,100,103,111,35,79,134,1,98,51,97,66,34,117,7,110,113,130,99,12,17,123,21,60,124,89,11,16,47,114,122,87,119,8,105,88,48,19,38,135,6,40,132,27,95,73,13,10,0,104,26,78,126,118,46,39,131,30,15,52,32,80,82,56,49,69,109,2,29,53,42,9,63,45,121,120,37,36,4,72,106,3,67,83,85,54,76,41,23,77,43,129,133,128,125,74,22,84,93,102,62,57,61,96,44,65,25,94,90,86,115,101,5,64,18,108,28,20,92,116,58,68,31,75
3,6
55,53,45,39,127,119,112,26,134,27,6,49,8,111,133,41,125,64,80,37,107,31,40,118,9,34,29,92,129,54,117,7,113,104,17,23,33,79,62,28,91,120,13,65,114,50,128,93,18,30,0,98,108,106,61,76,14,35,59,24,38,52,83,103,116,81,101,75,63,11,89,130,15,36,25,48,72,2,12,22,66,58,135,20,90,68,71,110,19,82,78,10,121,46,132,47,70,5,87,97,57,99,100,77,32,74,86,96,95,69,94,84,102,123,1,51,115,131,85,3,43,88,56,44,109,73,4,21,126,60,124,42,105,122,16,67
5,1
45,54,24,128,12,20,111,25,91,110,37,10,127,109,123,94,126,95,50,83,133,84,34,8,21,102,44,11,117,134,86,122,73,18,88,131,90,71,97,101,47,121,67,61,35,36,56,77,39,129,130,9,135,13,78,80,96,107,75,104,119,40,3,69,52,70,92,79,125,58,33,89,115,120,27,29,22,112,15,63,93,31,46,64,114,116,6,66,26,49,76,87,68,65,113,48,38,118,43,124,106,132,5,108,32,51,30,74,19,17,85,100,2,81,105,55,28,59,72,60,16,1,41,0,4,42,98,53,57,62,14,7,103,99,23,82
2,5
41,17,103,104,100,14,80,47,55,19,32,3,63,96,69,18,116,82,65,134,125,117,28,73,79,94,127,88,130,8,24,98,13,93,61,72,107,78,77,86,124,56,68,85,11,21,122,58,120,53,106,74,45,83,35,40,95,33,90,1,46,126,67,15,34,31,20,59,91,110,6,81,62,97,52,44,12,37,64,112,9,101,111,121,108,109,75,42,129,119,50,16,22,84,71,89,2,133,66,39,0,135,38,48,113,114,25,76,29,92,70,87,102,60,105,54,49,131,7,27,4,36,26,10,99,23,115,128,51,30,118,5,123,57,43,132
2,3
114,134,20,108,69,53,98,125,9,87,41,55,103,37,51,90,131,89,25,91,27,99,5,119,45,52,63,126,39,97,43,28,96,79,124,30,106,120,46,117,76,64,4,85,130,59,132,110,3,129,18,60,26,23,49,133,19,80,11,65,40,36,68,21,94,73,75,10,0,17,44,102,135,62,95,42,123,93,67,16,115,29,83,118,121,35,32,111,88,7,78,58,22,81,8,127,72,56,101,100,57,71,13,113,6,122,104,128,116,66,47,82,24,74,107,15,109,38,61,1,54,31,2,48,33,84,112,34,77,92,14,105,70,12,50,86
5,4
35,63,116,48,117,9,36,120,83,103,86,102,94,69,68,57,46,34,20,49,119,18,38,13,90,71,16,110,33,85,11,56,5,25,118,12,132,129,97,4,21,126,60,96,91,78,87,42,107,14,41,76,32,100,112,101,133,19,123,6,89,67,122,0,130,39,93,131,61,29,99,64,66,54,7,37,113,22,10,44,104,17,43,27,59,3,40,114,80,125,65,92,134,124,24,28,45,127,72,70,26,30,55,23,79,128,88,108,53,82,95,77,98,73,84,52,109,75,121,115,8,58,47,15,74,105,2,81,135,50,1,51,31,106,111,62
3,5
131,41,108,95,112,97,82,58,122,56,120,83,99,128,65,51,68,26,60,88,107,57,46,110,73,59,86,104,79,103,77,63,43,98,4,102,75,64,62,1,47,45,85,126,67,8,44,54,40,96,116,14,38,5,49,90,30,125,129,53,19,24,34,81,72,3,48,42,80,106,89,16,133,76,21,22,18,12,135,100,78,70,114,115,93,92,111,113,117,2,101,39,9,130,123,74,10,87,23,6,124,31,15,32,33,55,37,35,66,52,91,69,132,0,17,134,36,25,61,13,11,105,7,28,84,121,27,109,118,20,50,71,29,119,127,94
1,6
12,71,51,65,59,21,118,112,90,110,47,80,96,102,39,62,13,113,127,85,84,82,134,31,66,97,77,106,2,124,100,61,17,129,104,50,83,44,29,70,55,20,133,101,22,36,9,40,99,38,18,121,1,15,79,125,86,48,75,33,116,128,114,135,122,26,103,54,32,73,107,94,11,34,45,87,49,19,63,60,46,92,16,30,43,25,52,57,120,28,74,81,68,24,4,126,27,132,23,14,117,72,64,42,108,67,56,111,89,123,8,5,76,130,88,119,10,6,105,58,78,53,7,98,93,115,91,3,69,41,35,0,109,37,131,95
4,5
130,113,6,55,44,17,34,22,85,35,30,58,77,72,21,95,31,119,128,125,111,75,26,106,50,56,100,86,63,126,41,105,93,82,76,20,59,70,15,47,73,110,13,16,28,11,8,7,90,60,29,68,0,127,67,39,131,9,129,123,49,51,19,133,83,122,121,94,14,114,84,108,1,87,109,116,66,38,118,5,61,101,24,135,79,124,97,96,80,88,78,71,132,65,23,99,4,45,10,46,42,18,117,40,104,134,52,53,57,27,115,54,69,112,107,25,89,74,32,64,48,92,37,81,103,62,91,102,2,36,12,98,120,33,43,3
4,1
26,17,23,129,63,130,134,97,133,21,126,76,92,65,91,132,48,18,99,37,14,5,125,29,121,131,27,43,103,119,122,113,78,19,89,72,85,30,56,57,46,50,117,110,66,112,68,82,36,62,93,96,3,120,98,22,80,33,116,124,31,45,47,42,1,123,114,111,101,2,44,94,70,55,32,39,115,53,25,88,4,100,87,10,90,105,64,86,73,49,51,81,15,135,40,109,9,54,20,69,16,0,67,71,38,13,74,24,84,35,95,75,7,79,102,52,12,83,8,128,34,77,28,127,11,107,104,108,41,61,106,60,118,59,58,6
3,6
103,14,100,129,79,132,17,62,92,109,85,63,78,25,102,131,9,64,72,21,22,19,105,2,43,39,111,95,46,77,70,124,82,101,61,48,66,30,135,133,34,88,60,47,20,80,104,0,12,38,106,40,44,56,75,54,130,126,68,5,114,67,33,45,134,115,6,107,73,97,65,57,89,69,86,18,71,118,23,59,99,51,3,81,50,116,31,117,37,49,120,52,125,28,113,26,87,123,11,108,93,16,128,98,41,8,74,127,119,35,76,42,36,121,55,53,58,32,96,10,24,1,90,112,122,83,84,27,13,110,7,94,91,15,4,29
5,5
71,66,16,67,12,57,83,26,111,117,101,10,128,29,73,41,86,91,80,59,37,39,135,11,122,106,45,114,115,96,93,127,133,81,30,118,44,15,18,9,72,23,5,60,104,19,38,28,14,131,35,74,64,78,55,52,31,8,100,7,36,88,54,90,110,103,124,27,112,22,77,68,20,51,17,84,47,13,89,56,134,95,65,97,126,119,116,58,49,113,53,75,121,63,3,42,87,82,48,25,43,92,24,34,2,33,79,40,109,4,50,132,70,123,108,105,120,69,129,61,1,21,125,99,62,102,94,76,85,130,0,32,98,107,46,6
1,1
72,103,67,43,107,59,30,112,36,21,96,58,87,127,81,76,35,89,8,116,106,118,39,68,16,26,55,61,108,5,25,19,2,73,31,109,85,88,93,119,71,45,49,33,132,129,105,75,14,29,40,128,82,104,32,56,131,70,46,120,7,99,11,77,0,125,34,114,62,37,66,64,27,24,4,15,94,47,18,6,69,42,80,22,48,117,130,79,113,97,135,23,65,95,126,86,122,53,102,124,3,100,51,1,123,110,101,9,44,78,57,91,90,111,92,17,54,74,98,115,41,28,50,20,84,134,10,83,121,60,63,13,133,12,38,52
2,6
54,87,115,120,0,114,90,22,95,99,133,1,28,41,74,121,102,19,84,37,45,60,58,92,27,124,16,98,123,13,65,131,18,62,77,53,56,118,67,82,108,117,80,93,48,126,57,49,42,59,43,3,73,78,119,26,122,110,107,36,97,86,112,101,127,69,32,116,52,135,128,50,66,96,31,113,106,47,20,21,105,111,71,129,30,61,25,132,64,46,4,104,88,38,23,109,100,94,29,85,17,130,14,11,33,6,72,34,12,89,44,125,63,35,75,79,9,8,68,40,15,76,70,24,91,39,103,5,134,7,10,55,81,2,83,51
2,3
44,53,69,116,83,4,87,32,132,81,50,27,18,47,131,104,20,130,109,98,129,92,125,28,72,10,25,122,97,49,12,126,24,124,34,112,11,85,1,91,29,70,77,108,120,127,51,117,82,135,64,95,96,94,63,2,38,111,86,5,115,90,7,134,15,113,41,37,14,80,43,21,75,45,101,110,93,35,106,118,88,42,30,39,8,79,19,23,105,99,89,67,133,54,36,62,76,74,59,68,9,22,40,73,119,102,33,65,16,0,66,17,6,121,57,71,84,114,60,100,103,123,46,56,13,52,61,48,128,78,26,107,3,55,58,31
1,1
65,48,30,34,2,92,70,120,59,60,39,80,63,36,16,124,109,32,93,128,13,43,126,89,19,129,28,45,84,62,72,50,9,85,61,22,33,52,35,74,106,117,42,3,41,51,23,77,68,94,115,47,73,100,83,98,24,17,113,116,104,21,44,38,78,54,46,20,103,125,5,64,11,15,66,95,121,118,55,86,133,79,37,110,99,10,107,40,123,134,102,14,0,127,81,27,97,57,122,96,53,49,58,119,88,69,90,132,108,101,31,1,87,76,4,25,75,130,29,18,111,105,131,82,114,6,8,12,7,91,26,56,67,112,71,135
4,3
105,85,51,57,72,7,114,73,32,61,131,14,10,30,66,39,76,84,122,60,67,59,49,22,12,70,80,74,50,71,100,52,120,118,96,16,127,43,54,3,135,25,103,101,18,97,47,106,95,37,46,28,117,126,111,110,109,93,8,26,112,121,89,69,94,38,132,48,68,108,87,36,20,56,35,44,78,55,82,42,24,41,64,125,115,104,124,4,88,133,79,19,83,102,1,91,58,123,130,113,129,11,98,31,40,0,5,77,63,134,9,62,99,45,86,21,15,34,6,65,75,119,13,17,107,81,33,128,29,2,92,90,53,23,27,116
5,4
98,3,115,6,109,30,73,119,49,130,89,103,96,41,37,116,94,24,25,32,9,91,79,52,125,74,114,44,27,121,51,71,117,12,134,34,80,122,14,108,100,64,43,62,86,76,59,70,107,16,19,92,17,88,87,55,21,68,18,127,106,85,110,99,40,78,72,75,90,15,66,131,118,58,67,63,113,124,102,56,61,35,97,22,8,104,28,10,36,31,129,133,135,2,4,128,46,45,93,84,95,57,82,69,83,11,81,132,105,23,20,50,48,101,120,111,112,0,7,47,77,38,33,65,126,54,5,1,60,53,29,42,123,39,13,26
1,1
73,41,42,25,114,112,109,108,83,130,93,97,105,47,120,21,103,75,59,50,23,13,65,30,35,2,82,87,37,32,86,113,60,131,126,67,39,53,101,15,51,52,3,102,135,88,64,70,6,22,24,7,36,69,111,96,54,4,134,115,74,116,28,124,84,91,58,106,129,9,45,46,80,121,68,29,18,71,127,94,12,89,43,117,49,98,123,8,77,56,90,61,5,66,27,20,16,133,119,132,92,110,78,48,38,63,81,14,0,11,34,104,122,99,26,44,40,100,17,72,85,118,57,31,107,10,55,33,62,95,125,76,19,1,128,79
6,3
85,4,37,64,91,99,22,129,117,32,0,14,97,60,11,118,90,135,128,113,76,87,61,92,75,74,52,10,84,58,77,20,66,95,107,81,114,24,122,35,112,25,68,62,50,17,105,121,31,100,44,109,98,33,83,110,67,40,89,70,3,94,78,59,12,96,30,46,108,6,54,125,28,15,42,34,16,131,21,111,5,126,13,123,102,48,18,38,69,65,82,43,1,104,26,124,101,88,57,106,63,23,56,2,41,27,19,116,7,9,49,51,127,71,29,72,132,8,119,103,73,45,36,130,53,134,115,79,55,133,86,93,120,80,39,47
1,6
17,134,56,133,135,112,32,120,128,93,57,5,48,118,49,110,33,53,92,42,6,95,126,105,27,70,114,83,68,94,125,43,90,88,74,24,51,106,4,65,96,23,12,20,76,40,54,16,60,119,7,64,104,75,69,123,25,39,87,84,66,122,63,62,115,79,103,77,8,111,121,2,10,82,15,130,100,1,47,73,81,13,91,52,14,116,18,41,59,98,11,117,99,129,55,30,72,9,86,108,109,78,113,127,35,89,124,28,3,22,44,85,107,101,0,58,131,71,36,26,102,34,46,132,37,97,29,50,38,45,67,21,19,61,31,80
1,5
77,126,86,132,7,92,129,81,6,120,111,37,40,60,43,1,108,116,56,13,79,130,25,85,117,93,87,131,82,74,61,18,113,11,78,122,65,75,19,128,123,105,89,98,97,34,102,28,70,101,45,51,96,124,50,46,64,63,20,9,95,110,47,106,24,84,55,38,134,14,52,114,62,29,66,119,17,83,0,44,23,103,39,49,57,107,118,10,53,21,88,100,121,4,22,71,135,69,32,26,59,73,133,104,35,15,33,2,91,54,5,112,115,76,30,48,94,67,127,72,3,68,42,27,99,41,36,125,58,8,31,109,90,12,16,80
3,2
131,130,97,83,66,68,119,73,28,112,42,98,33,11,21,129,13,86,49,15,10,115,100,79,95,80,6,124,96,35,101,29,85,25,121,64,89,135,0,88,59,81,39,47,118,22,120,9,87,99,52,1,38,63,58,134,74,69,132,72,55,93,92,104,46,108,126,3,103,19,71,113,57,94,44,127,114,41,111,123,18,2,77,110,60,43,8,34,23,24,51,36,76,48,82,107,116,30,4,105,62,75,125,54,65,53,117,27,32,14,90,78,122,40,31,102,133,7,20,109,56,84,70,16,45,91,5,17,128,50,26,106,12,67,61,37
4,3
135,9,11,23,3,53,97,123,39,20,60,133,66,74,4,29,16,107,14,78,124,1,47,122,101,125,32,99,62,83,87,100,116,70,93,55,2,126,103,21,38,118,130,42,132,35,19,127,27,37,121,110,72,94,96,112,13,131,0,95,115,79,86,104,85,48,108,73,36,98,10,82,88,81,113,41,31,17,77,64,65,26,134,63,30,18,111,61,58,5,68,105,102,75,119,71,22,114,56,69,120,76,46,45,34,80,57,90,33,12,7,91,59,89,106,129,52,15,44,40,67,128,8,109,54,49,92,51,6,25,84,24,50,43,117,28
2,3
126,22,1,31,120,19,42,49,119,37,95,69,14,108,52,104,15,48,47,131,128,125,57,107,6,13,97,34,28,61,78,103,7,4,105,53,20,71,101,133,132,121,50,99,116,109,46,91,124,16,41,83,0,118,110,102,122,106,44,38,56,92,27,66,79,58,3,115,11,129,77,35,9,114,75,29,8,43,117,51,113,127,36,87,32,84,63,74,73,23,2,123,25,30,60,134,82,54,93,10,17,45,80,39,18,26,67,94,130,111,55,24,68,135,70,86,5,98,40,64,33,100,96,62,59,76,85,112,12,72,90,89,88,81,21,65
1,4
20,79,85,19,58,15,63,91,1,109,44,101,7,90,86,102,77,39,4,119,48,40,113,124,61,13,37,52,132,92,108,2,45,46,32,69,80,66,74,120,64,9,56,27,50,81,14,133,31,8,42,106,112,60,87,36,118,103,104,29,16,121,28,26,59,129,114,135,105,5,67,43,34,76,95,65,110,22,33,134,88,115,30,62,83,75,51,23,3,24,73,107,6,122,47,98,0,130,126,18,123,97,68,70,53,72,128,78,111,35,131,11,21,71,17,125,96,93,41,127,10,94,54,57,117,84,100,25,82,89,12,99,116,49,38,55
3,4
124,36,91,20,135,82,80,45,32,76,84,50,14,1,130,37,47,100,107,57,89,125,131,18,49,6,103,52,33,126,121,41,115,15,75,114,17,108,133,104,85,98,30,73,8,112,43,110,127,99,69,35,5,31,34,63,77,54,28,68,81,13,113,96,122,58,120,3,25,46,116,56,109,9,101,62,42,51,22,4,88,19,38,79,67,128,118,90,86,61,39,66,27,97,0,24,74,2,119,123,11,23,95,111,72,93,83,92,78,105,55,44,94,87,59,129,71,64,132,106,12,7,29,48,102,10,134,60,40,53,16,21,65,26,117,70
6,1
123,1,62,87,2,117,125,51,91,27,44,17,107,85,16,20,80,48,103,40,39,7,59,128,67,68,33,127,129,32,47,93,54,81,76,94,106,104,124,98,99,35,3,28,23,122,43,60,111,71,113,109,0,130,22,95,78,79,66,105,84,88,77,50,131,120,56,61,21,96,11,26,18,5,58,36,45,8,112,70,126,118,53,101,133,69,34,41,135,121,82,9,30,92,14,73,57,86,72,83,42,38,102,12,49,52,110,6,13,55,97,90,65,29,46,100,19,132,24,114,37,10,64,31,25,108,134,4,74,15,63,116,115,119,75,89
1,5
102,4,79,51,85,127,10,26,19,46,88,41,101,13,71,17,75,8,84,108,116,104,25,18,28,117,73,81,48,1,133,128,21,58,62,55,96,109,27,64,95,66,23,56,3,114,42,119,45,29,49,24,103,5,2,78,35,50,7,47,22,107,11,44,105,30,130,98,112,99,113,34,57,125,32,122,89,100,39,0,38,59,43,132,31,63,131,15,65,120,134,83,9,82,126,33,118,20,68,52,12,67,74,90,93,115,53,14,37,69,76,135,92,61,6,87,121,91,123,54,60,77,80,70,124,94,129,106,16,97,110,72,36,111,40,86
3,2
39,109,72,63,102,24,58,30,33,115,5,22,43,18,97,128,61,103,41,127,84,82,99,46,53,14,12,110,64,91,60,48,16,17,3,34,31,88,15,49,71,70,73,7,55,9,104,93,87,57,101,111,45,89,133,47,4,78,132,81,85,62,69,54,42,90,79,76,75,68,95,126,100,120,92,0,80,29,112,10,107,123,114,44,74,106,116,94,125,23,20,121,28,119,135,56,98,118,86,134,6,129,83,2,50,113,59,13,21,51,105,66,108,38,131,32,40,1,117,124,11,77,67,27,130,65,37,122,96,19,36,35,26,25,8,52
5,6
22,60,4,82,55,15,84,125,73,59,52,98,19,53,10,39,11,27,93,119,16,65,17,6,79,100,135,3,58,106,131,120,7,32,99,31,117,44,21,43,81,126,134,56,95,41,23,71,88,64,12,51,74,9,86,129,102,57,92,108,128,75,91,78,96,72,18,30,113,33,121,62,69,40,105,77,109,49,34,25,70,97,118,122,47,67,50,104,132,13,101,24,68,35,14,110,90,46,45,116,29,87,26,85,107,8,80,0,2,66,83,130,20,48,76,115,36,28,114,38,112,54,127,89,103,61,1,124,111,5,37,63,42,133,123,94
5,1
91,48,117,107,14,106,36,99,130,84,118,54,131,110,55,105,17,87,6,122,119,42,112,64,60,114,63,127,39,103,57,93,125,88,66,70,7,19,25,101,61,10,75,100,73,31,56,33,109,12,29,20,58,68,9,89,0,72,116,135,28,59,32,3,111,123,69,92,21,37,82,35,98,44,2,90,53,81,79,4,40,113,15,5,78,43,102,86,104,85,23,18,74,80,45,13,115,124,65,24,11,46,77,83,50,26,47,30,97,67,34,52,76,51,27,62,38,132,41,16,133,1,71,96,129,108,121,128,49,120,8,134,95,22,126,94
1,1
117,57,13,27,90,116,102,42,29,53,25,55,20,5,23,3,40,95,118,61,32,43,38,1,46,56,50,33,36,110,35,83,87,74,99,129,100,44,10,64,62,76,78,31,26,82,51,115,123,6,89,88,15,126,80,14,41,125,94,67,45,84,63,54,133,96,24,65,121,124,127,8,12,92,120,72,2,113,135,104,9,114,34,71,105,39,22,70,47,79,109,101,0,16,49,48,77,128,69,86,119,93,85,131,59,108,97,18,112,17,75,91,37,7,52,73,103,81,21,19,111,28,132,98,68,11,106,66,122,107,60,130,4,134,58,30
3,1
134,109,44,19,63,107,66,36,112,33,48,29,13,43,4,49,91,133,83,125,41,108,12,118,85,86,37,6,127,100,135,94,76,72,18,121,23,51,55,105,123,40,111,115,20,64,1,74,14,7,42,75,104,67,102,27,82,15,59,81,117,97,35,119,2,45,80,17,132,62,99,93,128,106,46,103,47,50,24,92,131,61,96,84,34,129,71,56,21,31,11,32,8,69,53,10,52,130,126,124,9,120,0,78,60,77,98,30,3,116,26,87,28,89,58,88,110,95,114,101,122,79,65,113,68,90,38,16,39,5,70,57,22,54,25,73
5,2
69,43,67,23,4,93,101,72,120,8,62,76,18,48,127,100,124,1,83,65,6,68,125,96,128,75,45,36,107,10,13,113,57,54,103,95,78,49,97,27,79,7,60,63,16,90,92,87,22,34,135,2,131,105,41,133,39,91,30,70,130,126,86,110,115,80,81,111,46,0,24,84,32,99,116,33,29,61,112,66,21,17,25,3,88,108,122,37,38,40,55,47,31,35,53,14,56,132,44,58,64,123,117,11,5,12,102,15,129,121,134,114,20,77,71,104,98,118,52,26,42,28,51,74,89,82,19,50,85,59,9,106,73,109,119,94
5,3
40,31,37,7,78,46,131,75,123,106,25,16,94,13,128,35,60,15,18,133,55,26,14,19,32,10,28,99,80,109,41,110,126,6,67,0,86,107,84,127,82,54,105,101,39,76,47,93,117,92,45,2,1,61,5,108,11,53,74,52,22,64,34,114,112,77,69,42,70,29,129,124,8,118,38,104,4,88,111,27,132,48,71,66,120,49,12,30,58,24,97,130,62,68,33,50,115,3,100,95,57,83,98,89,44,9,91,134,122,119,79,17,63,21,43,36,116,81,59,135,96,56,87,72,90,85,102,121,65,103,23,20,51,125,73,113
2,4
107,73,54,111,76,65,90,74,114,98,1,112,3,94,5,46,2,88,83,119,72,30,125,71,115,85,102,109,41,37,134,93,78,25,17,20,55,47,118,18,124,21,113,61,101,95,70,103,127,0,81,48,84,13,117,75,131,36,62,24,12,15,86,43,26,122,59,106,6,69,63,42,108,68,8,53,97,32,116,52,120,130,77,39,135,49,87,34,33,19,14,67,60,22,38,129,7,82,133,9,27,105,51,31,89,16,80,45,50,35,66,11,40,4,44,132,91,126,58,123,100,128,57,79,96,99,28,64,23,121,104,56,29,92,10,110
3,1
50,72,89,71,57,85,62,73,129,49,114,120,27,61,13,77,8,23,132,124,127,46,44,35,51,58,18,31,88,14,60,78,101,122,99,93,34,41,97,52,21,42,106,113,75,20,119,126,108,37,65,36,98,64,33,135,76,84,25,40,82,110,59,109,69,48,67,81,6,87,105,68,123,29,100,115,80,74,130,118,19,133,103,79,91,94,2,16,38,70,5,30,92,86,7,131,117,121,107,54,24,55,26,12,10,47,45,116,90,3,11,128,111,15,4,125,1,104,112,83,43,56,102,0,66,17,28,96,32,22,53,63,9,39,95,134
1,5
67,22,70,8,65,2,105,63,56,102,104,36,9,119,25,91,127,66,75,123,23,59,54,35,74,71,96,38,18,76,120,58,68,115,1,99,122,97,94,81,32,78,31,129,11,95,85,42,52,19,103,109,93,16,106,20,29,135,112,0,24,128,13,34,17,110,45,33,79,41,60,86,14,21,82,4,51,114,98,84,125,121,3,80,64,87,39,47,43,108,72,26,57,7,83,30,53,55,48,28,101,89,37,61,44,10,126,50,88,124,132,90,100,6,5,118,92,12,107,117,27,134,73,49,116,131,113,46,77,62,130,69,111,133,40,15
5,4
23,29,106,48,132,126,127,82,109,37,54,86,27,116,51,26,9,89,46,64,130,71,85,66,18,83,72,78,76,34,49,88,35,110,115,90,121,100,99,24,53,70,19,56,63,117,79,118,33,108,112,123,84,68,42,75,14,67,120,133,57,5,103,8,25,10,104,122,39,36,4,1,65,91,113,44,80,93,124,0,92,128,102,135,7,21,12,125,22,131,62,97,38,59,30,81,13,45,87,43,41,96,94,2,95,73,98,105,55,129,47,31,101,17,3,52,114,134,20,58,15,11,60,74,111,69,28,32,119,16,40,6,107,77,61,50
3,5
2,78,55,73,87,17,118,72,0,24,23,121,122,111,16,70,33,8,134,84,117,38,95,9,133,40,88,51,71,61,126,19,124,130,68,80,82,83,131,11,18,50,36,89,103,48,21,106,116,104,100,135,1,42,125,56,75,39,63,109,30,66,74,27,46,28,29,114,54,92,132,59,96,15,47,91,97,81,25,41,102,14,76,108,115,58,3,35,44,34,105,53,12,31,69,129,112,94,101,37,90,77,119,57,5,110,45,4,123,22,85,120,20,127,7,128,67,98,64,93,49,6,79,107,99,10,32,86,13,62,113,43,60,52,65,26
5,6
115,83,80,75,40,9,72,69,58,122,3,19,48,4,135,43,6,36,96,10,29,92,24,79,119,49,61,30,13,26,95,37,111,124,51,23,38,133,134,46,28,100,18,110,14,66,0,101,102,63,32,94,116,103,50,5,31,104,25,8,90,125,59,114,98,12,89,76,55,78,27,60,41,99,107,54,22,44,53,117,112,21,64,77,113,56,91,93,34,33,105,73,131,42,128,121,74,129,118,86,108,71,15,20,2,17,65,85,126,52,16,88,57,7,45,130,67,1,120,127,106,11,35,82,47,81,70,109,39,84,87,68,132,97,123,62
6,3
134,10,106,97,128,50,103,87,16,25,2,7,9,91,107,117,24,21,45,49,66,90,73,127,38,116,69,40,99,79,12,30,53,19,94,37,61,51,32,72,88,133,95,34,26,85,124,123,15,58,78,114,113,23,71,67,80,54,63,64,132,62,20,22,75,57,129,76,4,96,59,56,108,42,43,93,98,102,33,135,82,39,31,86,83,118,70,36,77,121,13,81,122,125,126,109,111,101,110,3,18,74,6,130,60,105,68,100,46,11,112,8,65,92,120,35,89,41,5,55,44,52,28,104,119,115,27,47,17,29,0,84,48,1,131,14
1,5
127,65,64,61,85,95,1,37,12,11,125,4,122,126,50,20,51,103,128,46,133,117,74,135,98,76,26,31,109,71,101,29,115,28,68,54,81,84,22,60,53,79,2,82,77,69,92,100,110,58,73,24,43,39,107,42,124,89,114,36,62,118,121,52,83,132,78,3,47,30,57,40,75,6,70,105,32,56,16,86,106,94,34,33,41,112,88,111,21,123,67,72,91,134,93,59,119,90,113,131,129,63,116,38,19,13,35,0,102,87,99,49,120,25,27,44,97,15,48,17,5,96,104,8,108,45,23,14,18,130,66,9,55,80,10,7
1,3
41,38,42,32,36,98,8,37,79,22,63,80,86,82,103,14,99,108,48,75,19,135,21,28,49,122,92,100,81,83,40,0,78,70,119,125,104,71,1,34,120,74,33,51,126,101,24,62,23,121,134,5,123,58,57,124,132,90,68,30,10,109,61,77,7,46,93,87,50,66,110,45,107,9,2,133,31,129,15,113,43,116,73,39,55,94,13,117,44,131,52,105,106,18,17,53,72,16,127,26,56,3,6,96,12,60,76,4,89,95,35,111,102,114,118,112,29,84,69,85,11,130,47,27,88,65,64,128,91,20,67,97,59,25,54,115
3,3
16,24,18,28,9,110,2,31,95,19,78,46,10,99,49,74,7,116,120,76,65,54,117,22,39,5,1,14,131,29,73,96,89,82,102,133,71,72,135,42,119,15,108,27,8,55,126,98,128,122,79,38,123,132,121,130,104,47,25,30,94,87,97,11,112,100,83,107,118,4,69,53,70,50,41,88,48,23,56,36,68,111,109,91,34,3,80,51,106,90,62,92,0,21,105,85,52,127,129,58,114,124,35,59,43,26,115,40,17,44,63,101,20,6,60,66,32,64,77,57,67,93,81,134,61,33,125,13,37,113,86,75,103,12,45,84
5,3
70,50,113,81,26,25,52,108,112,102,40,106,56,107,23,59,130,19,2,86,31,75,13,99,109,119,38,66,6,35,110,91,98,111,103,69,53,3,133,32,9,87,20,125,135,129,78,5,131,80,8,77,62,44,100,12,74,49,29,51,118,42,68,45,61,7,94,127,34,67,63,104,60,21,64,73,39,83,105,92,96,71,120,116,0,10,115,57,17,65,58,47,14,82,41,48,101,132,27,122,97,93,114,16,88,11,54,37,72,128,126,89,123,124,18,46,85,90,117,43,121,33,55,76,15,4,36,79,84,1,134,24,95,22,28,30
4,6
35,63,29,19,18,129,113,28,16,25,37,128,118,66,6,99,97,71,79,48,49,127,9,103,64,42,110,78,4,10,96,46,5,24,32,55,73,26,21,31,80,36,23,13,115,108,83,50,62,57,7,60,43,61,17,77,59,121,20,45,124,116,98,12,89,104,90,84,131,22,40,8,85,68,38,88,93,95,54,44,67,123,33,92,100,102,101,117,111,130,15,91,69,74,65,0,30,94,87,109,41,106,70,14,122,27,47,72,125,119,105,82,120,134,135,1,51,11,58,86,56,2,132,107,53,75,34,39,126,52,76,133,114,81,3,112
2,4
71,90,10,126,55,88,51,38,53,47,60,64,123,105,124,62,117,133,115,74,108,57,87,100,114,135,102,63,78,39,22,43,46,82,130,28,66,56,1,76,67,54,131,85,110,25,86,45,58,40,84,14,79,103,116,95,70,104,134,3,101,112,15,37,6,49,23,121,80,41,35,32,94,24,107,21,93,128,81,50,99,16,119,29,83,98,42,4,2,68,18,9,8,59,30,33,97,65,20,118,52,13,109,17,111,73,89,36,75,19,34,72,122,96,61,44,26,129,69,31,5,27,132,11,12,106,120,127,125,77,92,113,7,48,0,91
6,4
61,51,93,57,16,114,103,62,19,37,98,113,96,72,3,2,18,80,64,82,67,56,10,69,5,12,131,71,7,124,30,102,109,135,43,68,34,28,31,46,42,0,14,97,130,108,92,121,27,66,126,116,100,17,29,21,73,24,78,11,40,132,59,45,25,6,20,48,55,134,74,47,118,1,38,8,85,63,111,90,26,4,44,84,76,123,53,9,35,133,70,75,99,65,52,122,15,22,106,89,60,119,79,50,41,110,83,32,33,13,94,129,115,88,23,87,128,125,58,104,105,112,54,36,107,39,77,117,86,95,81,91,101,120,127,49
2,4
20,41,31,33,100,54,52,59,74,13,19,58,23,96,73,2,102,53,126,67,72,98,10,68,51,0,55,50,99,14,129,24,95,39,75,77,106,108,36,25,6,134,119,29,131,111,71,21,42,17,27,121,91,80,82,120,93,103,43,94,84,38,60,135,9,65,127,122,79,130,86,90,45,83,78,3,44,117,47,46,66,12,114,85,81,132,69,4,7,123,11,97,64,63,92,35,118,87,89,40,18,57,109,32,15,26,8,1,115,76,133,56,16,5,70,113,48,105,62,101,104,30,128,116,61,125,110,22,49,88,37,124,34,107,28,112
5,1
45,4,96,111,33,55,117,80,78,87,91,102,36,113,12,129,28,127,115,29,10,72,40,122,58,99,89,14,128,17,73,8,118,20,106,112,63,75,56,133,92,32,23,126,26,11,134,86,64,71,82,109,66,124,67,119,31,52,0,35,114,95,5,76,50,42,68,34,39,121,25,105,131,94,19,37,107,70,1,103,24,60,125,6,44,38,81,7,108,65,85,120,123,93,15,116,88,61,53,132,9,54,98,57,41,51,21,48,110,27,22,84,79,90,77,49,13,69,101,18,16,62,83,130,100,47,43,104,97,135,74,46,59,30,3,2
3,2
0,75,31,110,135,88,23,74,44,102,81,121,36,41,99,129,101,39,20,26,82,86,106,87,76,32,25,130,92,67,117,5,89,14,114,105,16,21,64,111,29,40,51,119,100,43,84,35,134,108,33,80,125,19,91,61,34,103,90,120,2,10,1,112,60,115,128,123,12,4,127,24,70,68,18,116,96,9,47,27,83,50,59,13,7,52,109,73,56,38,107,98,46,30,37,131,133,94,55,3,65,62,113,85,15,104,42,48,126,122,72,66,118,53,78,77,8,69,58,95,124,22,63,132,79,45,54,6,49,71,28,93,97,57,11,17
6,5
61,63,37,76,74,47,2,94,128,86,79,67,27,9,127,105,18,96,7,110,68,78,131,14,17,91,83,51,72,113,44,46,85,118,93,38,59,29,95,40,70,101,43,125,64,52,13,106,107,103,119,53,55,21,97,77,115,104,41,130,50,11,10,3,19,71,126,25,108,42,89,129,24,112,8,100,35,58,132,81,22,26,135,56,20,102,87,120,16,114,69,124,12,45,90,36,0,28,121,5,62,30,15,88,34,80,123,65,57,116,134,1,6,48,122,60,54,75,33,66,4,39,49,117,73,82,23,133,109,92,111,32,99,84,98,31
4,5
37,27,9,102,62,121,8,69,132,122,103,74,40,12,118,134,14,81,97,25,104,129,56,94,34,21,30,119,31,93,65,110,19,41,120,23,7,49,63,114,24,80,66,42,48,16,127,68,84,11,22,99,10,4,67,115,92,1,100,35,79,124,135,2,0,73,95,18,117,46,90,6,29,83,91,55,52,32,33,86,113,109,78,106,47,44,45,116,61,13,20,36,72,71,59,38,39,131,96,125,82,108,111,130,70,28,43,98,128,87,75,54,101,88,17,60,107,126,112,105,57,53,64,51,133,3,5,76,58,50,89,15,85,26,77,123
2,1
128,32,127,100,39,50,108,76,81,95,97,93,49,11,119,79,82,123,38,37,2,106,53,63,87,70,26,109,103,29,68,47,126,59,121,129,13,92,96,78,43,41,52,89,40,17,7,10,116,55,67,5,6,132,135,73,28,110,118,35,42,86,88,107,71,115,83,30,130,98,20,99,66,58,57,85,46,27,15,22,33,90,122,77,111,24,9,125,8,80,60,36,105,133,62,31,72,45,131,112,94,34,18,65,21,16,117,61,134,48,19,4,75,91,25,44,23,124,104,113,14,1,64,102,56,12,51,3,69,74,114,120,101,0,84,54
2,6
49,45,29,127,39,84,36,72,70,97,111,132,31,107,1,15,96,47,3,113,131,91,59,134,16,58,80,90,95,112,86,130,89,40,7,75,12,32,52,14,105,66,10,87,78,71,73,99,108,54,104,48,8,92,124,13,129,82,135,41,101,0,125,119,63,114,67,46,22,34,6,24,110,76,43,116,51,102,28,106,79,44,30,98,123,103,83,20,93,21,5,17,57,50,81,25,23,37,64,53,122,2,56,18,133,11,55,27,117,109,77,121,62,38,128,4,19,85,26,118,65,88,33,60,115,61,126,69,120,100,94,68,9,74,42,35
2,2
41,28,110,116,20,3,81,114,67,71,132,108,10,129,18,57,48,111,80,32,90,16,124,68,50,101,27,91,45,126,95,23,84,82,51,122,104,96,98,105,134,93,86,55,38,74,40,39,34,127,83,13,100,79,52,53,131,9,70,59,44,43,121,49,12,77,66,54,128,30,62,11,107,15,17,1,103,123,117,99,8,24,58,125,97,31,37,4,47,42,6,113,87,63,73,115,133,72,119,56,120,26,76,22,21,35,135,25,85,0,118,112,33,69,46,7,94,75,130,78,64,92,60,109,65,14,88,102,61,89,106,19,29,2,5,36
6,6
120,128,80,77,74,23,22,7,2,118,63,31,3,131,44,121,92,25,20,60,14,78,29,90,126,17,73,114,37,62,65,130,134,112,0,64,102,67,32,75,110,9,26,49,94,113,54,88,51,41,69,76,104,10,98,103,1,48,39,58,100,71,116,24,61,97,35,21,125,56,105,45,86,124,40,99,72,70,85,96,91,106,129,122,12,81,117,28,84,11,89,135,46,108,101,13,115,107,82,50,30,66,132,95,83,133,68,27,123,36,87,52,53,42,57,93,33,4,79,5,127,15,18,34,119,8,16,111,43,19,55,109,59,47,38,6
1,3
49,58,51,75,80,54,133,18,16,121,60,93,129,23,8,100,47,33,111,123,112,118,29,126,56,38,115,11,113,1,52,125,2,0,3,77,110,72,25,116,35,98,134,135,64,43,71,99,24,17,22,7,97,55,131,84,85,27,78,31,45,92,91,108,6,122,79,124,41,67,65,61,103,26,30,39,53,4,44,69,5,81,102,90,14,128,101,28,50,42,10,95,130,15,48,36,76,68,21,74,127,19,12,107,46,62,66,94,63,9,70,117,13,37,114,88,82,20,73,109,105,106,96,104,87,119,34,83,86,120,32,89,59,40,132,57
6,1
118,95,84,29,19,65,38,128,0,108,2,120,61,10,44,125,68,15,78,126,98,110,129,43,9,17,94,92,97,20,134,69,24,76,14,67,77,18,119,74,80,64,73,33,66,1,82,26,63,117,123,13,130,52,7,127,113,57,5,37,135,25,116,31,59,81,22,42,115,47,87,40,85,27,35,132,109,93,49,46,88,72,48,122,39,36,99,91,86,6,105,107,102,41,11,16,30,96,62,103,55,54,51,104,60,50,71,101,45,53,75,12,23,111,114,131,21,3,124,58,8,79,34,89,70,56,83,100,4,112,106,121,28,90,133,32
5,5
20,100,4,131,72,117,119,26,32,115,65,110,108,92,125,62,12,135,39,103,54,133,42,38,76,86,36,69,28,127,29,0,53,126,132,84,75,37,51,95,23,113,47,129,130,30,78,93,31,111,123,96,68,120,49,105,35,56,124,128,18,116,99,66,98,17,14,34,27,89,15,50,107,8,79,102,63,25,44,90,109,94,74,81,33,88,22,106,60,40,77,10,2,118,43,5,73,3,87,80,46,48,112,16,6,11,97,64,114,83,57,59,19,55,104,71,82,9,101,52,70,1,121,21,41,122,67,61,58,13,134,85,24,7,45,91
3,3
22,103,66,101,65,59,105,120,71,0,94,42,7,73,122,51,44,12,117,45,18,26,116,58,124,88,37,29,69,97,35,85,96,74,118,109,87,75,49,41,25,32,62,40,56,82,30,52,76,67,70,111,78,50,80,114,55,81,53,8,24,95,54,121,135,83,91,2,38,61,15,19,1,131,16,108,79,31,27,77,89,5,63,125,46,39,86,98,99,129,126,60,14,20,115,48,104,3,23,68,107,84,33,10,130,123,110,119,28,43,21,127,128,72,6,34,90,93,102,36,133,113,4,47,134,112,106,17,9,57,132,100,64,92,11,13
1,4
