75,119,129,88,86,98,26,46,4,127,79,33,47,71,17,118,10,70,12,39,78,43,105,135,30,29,133,7,109,125,51,57,23,124,14,19,20,95,91,63,48,0,54,32,62,42,55,106,9,38,114,101,121,27,100,123,84,74,68,58,96,99,85,35,37,21,44,83,5,3,94,61,50,65,132,103,56,93,130,115,89,111,28,22,87,73,60,81,52,108,77,113,31,107,8,117,6,67,112,16,104,24,49,2,34,11,53,59,13,122,128,120,110,102,72,92,69,116,40,82,126,97,36,25,64,45,18,76,80,15,66,131,41,1,134,90
1,4
30,133,54,125,33,109,0,68,9,77,96,61,40,27,37,119,82,98,55,23,74,107,44,48,80,24,91,25,7,65,59,42,32,93,6,22,75,108,124,19,106,58,45,66,36,60,41,132,34,63,62,128,130,94,47,64,39,111,1,56,129,49,8,20,105,17,99,89,28,102,35,114,127,122,12,81,134,50,83,121,2,131,135,100,4,78,69,53,52,3,10,18,14,118,5,104,85,86,97,88,120,57,29,79,16,123,95,46,51,13,67,110,72,103,73,84,115,76,11,126,71,90,70,26,112,87,15,113,21,92,31,117,38,43,101,116
5,6
43,92,74,101,24,30,22,59,89,118,61,133,102,3,122,70,130,86,113,28,4,40,54,58,129,39,98,14,33,25,109,51,88,76,91,8,6,77,17,34,79,11,52,106,95,83,13,60,87,84,66,42,124,49,7,12,57,80,26,5,10,73,123,121,103,128,114,71,117,108,110,56,127,131,105,29,94,82,27,93,37,75,1,21,0,9,15,90,47,38,36,20,135,35,116,78,100,112,69,81,50,55,53,65,23,132,63,96,134,45,97,2,99,85,46,32,119,115,68,125,67,104,72,107,18,48,41,111,31,16,19,64,126,120,62,44
2,3
108,8,51,47,4,32,125,87,9,119,66,65,27,62,112,78,72,42,115,23,29,79,93,110,91,64,74,38,30,12,76,1,129,35,101,109,122,98,52,2,55,126,75,116,3,48,24,97,0,80,89,11,40,127,114,68,104,33,111,37,105,86,18,130,28,59,73,77,50,46,7,53,131,120,135,45,113,31,132,19,22,107,10,100,71,83,88,133,25,41,13,61,16,67,69,96,5,39,94,117,58,6,85,121,82,70,21,102,106,54,17,49,92,84,20,43,15,99,134,36,95,56,90,14,60,118,44,26,103,63,81,57,123,124,34,128
3,3
42,114,31,120,118,75,112,43,116,123,48,128,126,122,108,41,24,82,131,51,56,0,28,91,61,18,109,73,46,62,100,2,83,111,39,80,53,95,86,104,105,26,71,13,135,79,38,98,19,101,87,49,10,34,54,7,94,9,17,99,3,44,33,23,121,55,58,25,35,93,36,77,69,127,78,85,76,96,59,4,52,45,22,110,60,30,8,37,97,21,125,92,47,74,119,14,102,130,11,106,133,66,113,67,57,134,68,129,70,29,72,6,115,89,84,1,65,90,32,103,40,27,50,88,12,63,5,64,107,124,15,132,117,81,20,16
1,1
2,15,24,51,0,68,11,58,98,17,94,77,80,30,64,132,3,34,134,12,104,107,124,59,6,36,57,26,129,125,53,71,75,88,101,20,28,102,67,95,45,37,78,79,82,10,110,113,63,61,52,131,39,31,56,21,81,27,38,99,22,48,114,90,66,16,70,89,122,103,123,74,87,23,126,135,25,29,127,116,106,4,49,86,60,65,55,62,128,69,73,1,118,35,44,14,54,112,33,5,130,76,97,84,9,92,50,13,83,46,41,18,19,109,121,108,42,32,91,47,120,105,117,85,8,111,96,7,133,43,93,72,100,115,40,119
3,5
27,17,51,132,81,73,92,107,53,83,2,50,7,80,6,124,119,121,22,41,10,84,90,85,38,21,71,131,3,77,4,30,64,35,78,134,102,113,63,103,118,43,45,26,36,14,12,19,32,89,44,88,105,9,91,129,69,99,111,128,79,23,106,70,109,62,61,96,8,123,24,101,15,59,135,66,13,58,130,20,1,67,82,97,72,5,52,98,94,34,76,29,18,57,47,33,117,122,54,28,120,75,37,87,110,40,93,116,126,16,48,25,112,55,60,49,104,42,74,95,56,39,0,100,46,11,68,108,31,114,133,115,125,65,127,86
2,1
115,16,121,90,36,99,11,132,50,39,46,126,83,30,116,55,80,57,131,112,17,59,29,22,48,130,75,134,3,94,2,92,62,14,63,81,13,41,37,18,127,106,124,38,70,53,0,49,100,78,129,96,4,133,68,51,79,128,35,8,105,73,84,74,88,1,20,54,102,135,122,26,32,101,24,56,85,47,117,45,60,82,58,65,31,69,23,28,91,89,108,98,9,66,109,42,125,72,119,25,19,76,113,111,34,86,10,110,40,33,64,103,114,77,21,87,44,6,12,123,15,118,107,5,97,61,67,120,95,93,27,43,71,104,7,52
5,6
5,122,83,22,115,58,7,85,80,56,98,65,106,94,46,60,96,113,78,36,49,93,102,121,108,89,23,59,62,71,120,37,64,79,125,119,14,42,31,19,61,130,68,67,72,99,55,18,92,50,45,30,4,8,32,126,48,1,2,77,91,63,10,6,114,95,97,3,101,134,66,132,84,118,133,87,74,69,24,81,39,90,25,41,0,16,29,131,57,21,9,15,135,82,44,40,26,110,52,34,54,35,38,86,28,17,11,127,43,124,51,13,47,88,116,128,104,112,103,105,70,129,20,107,73,111,12,75,117,76,33,100,123,109,53,27
6,4
36,29,2,0,75,57,24,63,11,64,31,9,113,18,20,62,93,47,123,28,4,35,46,26,78,19,22,110,71,5,69,86,39,116,17,85,96,72,94,14,127,133,1,99,65,48,54,8,90,43,126,102,34,37,129,88,119,74,125,21,16,80,135,103,104,67,124,73,82,121,118,76,117,38,59,128,114,55,95,115,91,81,25,60,70,50,15,107,66,12,3,58,44,100,84,53,49,120,105,27,23,131,130,77,56,13,111,30,10,61,112,109,108,52,68,33,41,89,83,79,98,92,45,132,51,87,40,7,97,42,106,6,32,134,101,122
6,1
24,127,92,0,70,133,111,82,1,128,55,76,89,12,46,42,110,95,106,44,73,39,75,40,30,45,81,102,116,2,54,31,86,66,22,9,78,14,50,87,68,129,85,134,58,7,16,33,77,126,121,114,131,122,10,60,96,125,28,11,3,61,112,13,20,83,5,6,117,130,103,71,101,124,29,51,37,88,47,132,98,38,21,32,49,4,64,59,63,118,123,56,8,100,104,120,74,135,23,90,97,41,109,107,15,67,26,62,99,119,65,36,35,79,108,105,19,80,43,34,84,27,94,52,17,115,91,72,57,25,48,53,69,18,93,113
4,5
101,34,108,50,106,123,121,126,48,9,10,21,62,49,43,109,70,130,90,35,88,99,0,51,129,64,45,61,87,12,85,74,81,97,82,3,30,27,8,78,54,77,52,135,113,94,33,22,1,68,107,24,72,11,105,111,86,73,38,13,16,20,84,46,116,98,93,103,76,39,133,91,79,15,125,28,100,65,18,63,7,66,80,134,57,25,95,26,23,112,67,71,32,58,14,60,110,122,102,131,4,119,37,118,92,47,120,124,89,19,2,75,44,36,69,114,117,17,53,42,56,83,40,115,104,128,6,41,59,127,29,31,5,132,96,55
2,1
8,67,45,128,22,87,132,102,122,28,21,88,26,129,33,54,24,31,44,92,32,109,56,53,65,130,64,73,85,39,96,81,3,94,120,13,16,19,27,74,18,108,35,49,79,83,10,135,58,107,134,97,98,9,46,117,100,52,125,72,112,63,91,57,99,70,69,80,105,38,103,50,55,104,131,93,86,115,4,23,0,59,40,51,68,101,89,30,66,82,95,76,41,34,121,113,111,123,14,11,84,7,6,37,75,62,106,48,77,2,1,42,15,71,124,60,43,116,133,5,17,90,29,114,119,126,110,61,47,127,20,118,12,36,25,78
2,3
25,114,20,71,79,2,99,58,121,53,78,67,48,15,45,88,91,19,8,119,16,117,95,33,124,96,6,34,125,32,100,77,90,38,60,49,55,126,3,30,42,28,26,118,21,129,135,46,65,110,89,17,73,127,86,56,108,103,50,9,11,134,84,85,54,69,52,120,5,74,29,123,14,132,107,61,7,87,76,81,4,62,72,10,68,31,133,101,27,94,0,105,131,98,39,59,35,66,92,104,13,36,93,83,12,37,97,82,24,64,57,18,51,128,47,41,116,102,115,106,109,22,122,70,112,40,75,130,80,113,63,44,1,111,23,43
2,3
13,109,83,33,8,43,64,20,10,26,110,128,123,92,98,56,51,90,132,60,73,48,3,99,111,86,95,18,47,91,37,97,31,38,76,41,100,114,17,69,104,6,12,68,71,96,25,113,82,105,85,22,63,127,119,74,30,32,129,5,118,9,14,35,107,45,0,125,23,46,131,29,72,133,2,79,52,21,28,77,75,24,93,57,122,124,103,116,78,135,101,62,70,61,115,80,1,65,7,67,112,121,88,34,130,81,120,4,49,58,40,94,59,134,42,19,15,44,16,117,102,87,66,89,11,50,27,108,106,126,39,55,84,36,53,54
2,1
86,32,103,96,68,52,16,85,102,127,59,12,126,24,113,28,94,45,20,106,54,133,69,23,65,131,43,57,79,34,21,72,125,115,75,5,107,135,37,17,119,80,44,33,10,30,46,83,41,38,92,50,56,15,122,118,0,19,128,100,124,71,97,60,48,27,89,13,101,64,130,51,81,93,39,104,109,76,91,120,73,90,87,9,132,7,26,6,53,77,2,36,4,70,95,121,47,18,98,114,31,29,35,74,11,67,14,55,8,61,82,123,42,105,117,88,40,99,111,49,25,84,116,78,112,62,1,58,63,110,66,3,129,22,134,108
5,1
115,80,131,7,120,43,110,21,49,100,60,36,125,25,68,67,54,59,14,8,77,42,91,132,98,83,2,4,121,53,95,44,66,32,45,29,107,108,27,64,34,16,18,82,50,93,133,39,41,0,84,89,114,28,48,75,99,5,86,79,74,10,46,33,56,127,117,129,134,106,62,31,12,109,123,20,57,88,76,40,37,126,9,65,15,113,105,13,87,96,26,72,24,135,81,128,103,51,71,22,3,23,122,111,104,63,52,70,55,58,73,30,97,61,119,116,47,1,38,92,94,118,124,130,78,102,85,6,112,69,35,17,90,19,101,11
1,1
10,34,102,22,8,99,80,21,24,62,123,5,77,40,115,84,33,105,49,11,0,110,112,65,131,132,19,72,120,1,114,78,121,30,104,70,96,87,85,9,130,36,81,23,109,12,6,69,3,42,61,129,68,28,39,107,32,94,31,118,56,88,54,111,52,128,108,41,97,91,47,17,113,90,67,44,134,95,127,26,43,35,126,66,92,51,76,4,59,2,63,15,25,133,116,64,46,73,29,83,14,55,75,16,125,79,50,37,27,119,45,53,18,38,71,58,117,60,20,101,124,74,48,93,106,98,13,82,57,100,103,7,89,86,122,135
2,3
23,110,4,67,70,26,87,114,21,59,73,54,7,100,75,101,126,133,86,35,38,13,68,8,5,34,128,20,1,29,19,66,39,40,56,97,41,11,58,80,25,102,30,93,50,95,76,121,71,90,112,79,61,45,22,127,64,0,109,24,9,42,2,129,104,108,96,69,107,43,60,99,91,31,130,3,62,85,135,72,12,122,83,113,125,89,51,105,134,115,94,18,74,63,48,119,111,124,82,37,14,57,49,28,131,120,81,78,117,116,84,52,77,123,10,46,15,92,132,33,32,118,106,55,36,6,17,16,47,27,98,44,103,53,65,88
2,6
21,56,100,111,80,9,20,57,71,6,38,121,44,10,67,13,103,36,53,26,62,14,29,68,39,23,76,1,11,74,119,105,88,33,81,18,49,106,132,32,87,25,17,95,28,69,12,133,134,34,83,50,72,84,4,66,54,118,41,27,124,129,135,70,65,110,58,3,7,52,75,61,48,5,42,90,94,45,15,120,112,96,85,113,46,77,19,31,108,99,73,127,60,2,122,91,126,125,117,59,116,107,22,89,30,51,102,43,82,128,109,86,79,24,64,16,114,0,40,93,55,47,78,130,37,104,115,8,92,123,131,101,63,35,97,98
4,3
118,93,105,122,111,46,31,53,127,10,50,126,42,6,95,24,82,59,106,88,98,60,112,39,37,133,124,74,81,87,32,77,119,116,23,134,130,78,26,22,96,71,69,80,79,9,100,7,35,8,16,75,0,12,65,91,33,1,25,90,68,17,128,14,86,107,64,40,101,85,21,18,28,120,125,73,45,4,2,41,94,48,114,103,99,121,84,44,55,72,135,70,11,49,52,47,129,27,89,34,38,83,62,92,66,51,97,131,5,104,29,109,36,43,76,110,102,3,15,57,13,61,123,113,115,56,108,30,63,117,19,67,20,58,54,132
1,1
101,27,60,103,16,114,34,93,48,132,45,54,24,124,67,14,113,106,53,22,97,23,62,63,102,57,66,92,47,17,9,107,123,118,74,3,72,134,38,41,26,13,15,129,86,21,37,32,88,49,131,2,55,110,20,59,56,36,64,31,126,130,52,19,112,77,50,96,133,87,135,25,0,119,111,116,61,70,51,33,83,75,1,89,8,117,121,68,80,104,90,95,76,5,125,105,40,4,30,18,98,43,115,128,71,6,39,35,108,127,69,85,84,91,10,122,12,28,46,65,78,81,94,42,44,58,109,100,73,7,11,120,29,99,79,82
3,5
5,81,103,47,79,34,65,30,84,97,4,46,36,33,135,18,42,11,52,41,40,22,6,122,88,8,111,71,64,89,51,108,48,7,10,109,129,92,82,66,100,35,131,102,126,53,1,107,60,94,28,90,75,95,37,83,63,117,32,87,29,118,39,114,23,127,77,2,55,38,56,25,13,3,27,0,17,96,54,132,15,73,112,104,67,121,130,57,49,86,24,134,125,128,72,78,101,16,105,9,124,20,26,50,91,12,19,61,120,70,116,58,93,45,133,62,31,21,115,69,80,68,14,59,123,113,106,74,76,110,99,43,85,98,44,119
1,4
72,110,45,94,112,37,8,33,131,121,10,101,92,132,115,87,47,4,84,42,96,41,111,119,103,24,57,36,69,35,51,124,0,25,65,106,3,117,93,14,70,127,108,89,1,60,58,64,97,48,46,66,125,20,53,102,18,38,62,30,9,99,130,116,91,77,126,67,22,86,134,128,114,59,39,79,83,12,105,68,13,120,98,40,81,50,17,11,71,26,16,76,129,27,73,21,19,56,82,88,49,100,61,63,107,29,2,31,52,85,104,28,118,75,15,95,43,113,5,74,44,90,32,54,123,80,23,55,122,109,7,78,133,6,135,34
1,1
131,51,134,118,30,123,40,110,36,127,89,59,11,22,107,78,34,113,100,38,39,126,77,115,0,56,72,117,61,27,3,33,57,94,37,119,132,7,67,92,76,8,121,102,10,62,41,87,108,19,25,105,98,112,60,111,101,82,79,31,15,12,103,120,73,28,53,48,18,114,85,16,20,6,129,91,96,106,64,99,24,32,65,4,13,80,116,90,83,50,93,109,63,23,35,52,58,66,74,26,71,128,17,2,42,14,95,1,84,45,75,54,47,124,9,21,86,55,68,29,81,135,5,49,104,130,133,125,70,43,97,46,122,44,69,88
5,2
124,101,86,18,54,1,8,83,35,108,67,123,121,60,52,118,63,9,17,117,6,96,77,27,81,127,131,85,65,22,56,24,13,61,11,25,122,69,129,119,103,115,87,32,38,128,92,116,99,109,76,112,79,114,64,57,105,45,51,82,37,93,90,12,14,111,59,106,39,16,44,130,62,33,107,73,75,74,135,134,28,78,88,31,5,94,19,66,132,26,40,29,102,100,49,21,15,48,133,30,47,95,80,50,53,125,120,43,97,71,89,91,20,23,7,34,4,3,36,55,58,2,110,72,10,104,70,126,113,68,46,0,41,98,42,84
5,4
73,76,55,8,97,107,29,18,9,122,3,20,16,108,131,14,71,102,84,38,26,25,62,2,80,13,125,70,6,33,60,54,95,79,98,130,87,43,111,86,57,30,119,50,83,17,52,94,126,68,59,133,135,4,31,66,61,69,39,63,46,0,7,24,132,58,77,99,19,23,90,56,104,12,45,37,109,21,42,36,35,110,117,1,101,51,118,44,64,89,65,114,81,41,93,72,128,28,15,91,74,22,121,106,120,100,124,27,116,32,113,92,67,134,96,5,10,78,127,48,123,103,75,88,129,49,112,34,47,85,115,82,53,40,105,11
3,4
40,131,39,104,115,54,22,32,63,103,2,9,47,71,58,112,129,81,17,36,19,61,87,50,38,53,18,123,1,106,6,132,12,28,20,70,101,49,125,94,95,100,84,116,110,8,124,130,79,42,119,105,60,10,48,83,51,111,55,23,117,118,135,4,26,44,134,88,99,37,56,41,33,3,90,92,35,5,65,16,30,76,68,122,80,64,86,93,57,72,75,45,82,102,69,43,52,78,59,77,46,29,109,62,11,121,13,25,89,98,127,24,27,14,7,128,85,21,34,107,133,67,108,15,113,0,96,114,73,31,120,91,97,66,74,126
3,4
11,72,22,14,120,51,103,45,53,36,49,128,89,90,6,110,58,82,63,87,116,50,113,32,24,7,79,111,123,74,37,56,94,19,26,67,60,70,48,80,83,130,117,92,28,134,34,105,30,93,101,98,102,9,78,33,12,129,44,118,41,86,114,108,91,31,29,104,43,119,54,71,132,27,0,121,106,66,96,3,62,85,8,88,4,135,52,77,75,95,21,84,25,126,61,18,2,64,125,68,13,1,112,47,97,16,40,100,69,57,124,46,59,127,15,133,81,23,65,115,107,73,35,109,122,17,10,5,131,55,42,38,99,39,20,76
3,4
8,123,67,119,46,11,130,71,57,25,32,115,3,126,92,76,17,28,50,36,5,33,134,4,84,51,116,72,131,110,27,47,15,97,93,133,54,37,1,61,74,13,79,91,73,105,6,22,86,66,102,78,16,53,117,7,14,80,100,30,95,112,120,82,87,19,35,127,90,59,94,12,52,65,18,125,20,31,38,106,24,111,85,89,96,26,45,132,88,44,29,9,64,56,10,0,118,104,60,124,107,48,99,70,49,135,128,109,34,43,108,39,113,40,69,41,42,101,68,114,62,121,55,129,122,75,2,21,103,23,58,98,63,77,83,81
1,3
31,83,36,115,117,98,116,94,48,130,76,70,58,50,16,63,109,65,21,1,44,107,55,25,54,114,73,9,14,35,125,96,120,71,12,89,43,112,78,106,132,59,128,135,66,32,64,80,68,69,5,119,87,51,30,49,133,47,53,86,108,134,110,88,79,33,20,37,42,23,121,113,92,38,46,4,122,72,95,8,41,85,131,19,127,101,28,91,81,29,84,40,99,100,129,11,13,10,102,57,75,7,18,74,60,39,24,3,61,56,82,17,97,6,22,15,103,34,123,77,105,118,2,26,104,90,52,93,67,126,124,62,0,111,27,45
4,2
15,80,128,125,45,8,73,98,46,79,52,37,106,85,82,101,21,31,87,115,72,91,130,60,35,134,33,48,124,114,50,20,62,113,14,122,99,19,131,78,5,6,100,51,38,25,58,120,90,92,63,76,105,44,83,55,2,40,107,112,26,95,59,64,96,53,126,81,12,127,1,68,133,4,27,103,18,57,54,118,13,11,108,16,86,111,93,49,42,32,34,75,17,41,30,3,116,89,88,7,102,66,43,121,77,132,74,10,28,119,94,104,71,109,24,39,61,129,47,117,0,69,23,9,84,123,56,65,70,36,135,110,29,97,67,22
6,2
119,76,39,1,42,64,88,90,131,122,103,113,54,3,35,16,41,43,31,74,91,126,67,84,94,115,23,62,61,56,22,109,5,75,66,83,27,108,112,121,127,72,38,34,70,50,25,59,118,97,135,51,19,85,99,86,58,107,7,55,24,36,116,95,120,32,101,102,106,110,133,68,125,79,26,0,11,71,46,14,2,53,87,6,63,48,130,20,4,49,37,47,10,12,128,104,92,9,114,29,21,89,123,134,44,52,100,18,13,132,69,73,28,98,57,82,129,93,60,81,15,124,30,8,105,96,33,80,17,65,40,117,77,111,45,78
5,3
31,42,60,118,52,43,99,123,17,131,8,10,11,78,0,22,5,93,127,61,39,47,3,116,120,54,27,32,134,15,46,65,58,97,56,38,96,62,106,72,64,87,25,130,18,19,76,89,33,2,115,102,129,124,107,111,101,112,121,4,71,26,69,77,59,90,79,34,20,126,85,122,16,67,86,92,80,55,36,44,41,73,94,23,105,24,125,21,82,88,12,70,51,48,53,98,50,35,6,108,84,1,30,103,66,13,68,57,109,75,83,128,132,114,37,95,9,117,28,110,91,40,133,100,14,81,104,49,29,119,7,113,45,135,63,74
2,3
93,32,61,79,68,117,87,98,132,65,53,90,113,89,99,111,92,44,23,4,56,62,24,120,123,107,52,97,83,16,10,96,45,47,1,27,37,103,3,15,7,124,54,100,102,5,116,19,38,48,51,71,85,35,81,134,67,91,133,42,88,28,59,115,50,49,6,104,122,72,20,95,76,125,110,109,11,21,18,17,41,13,84,8,130,22,108,135,60,78,30,69,25,131,64,26,36,2,9,43,12,40,46,33,55,114,129,70,75,31,128,14,80,77,101,29,66,58,63,106,0,86,39,34,82,119,118,94,126,73,74,57,112,127,105,121
5,5
11,56,113,108,25,46,38,107,9,20,30,133,52,23,3,123,114,92,110,18,53,93,65,89,100,130,33,122,72,8,104,24,102,90,118,26,2,74,63,61,44,49,88,28,119,5,117,83,99,135,78,69,66,109,75,132,27,87,7,86,6,48,1,35,126,57,47,14,50,12,106,41,115,16,37,21,15,73,40,129,125,59,76,34,51,128,96,80,60,116,120,121,22,64,85,17,94,134,39,54,77,127,4,124,42,45,70,0,101,62,84,79,29,55,95,43,32,10,19,82,58,111,103,131,112,68,97,31,105,81,71,36,91,67,98,13
5,3
81,24,114,111,123,47,63,125,89,106,69,80,19,57,12,95,119,30,54,28,107,102,5,78,84,76,31,22,105,113,18,70,40,56,101,21,130,83,68,36,61,59,49,85,124,37,0,48,108,110,115,51,96,26,72,129,8,77,87,86,99,42,93,17,91,92,135,7,45,29,6,3,64,58,74,9,65,82,46,4,104,41,128,43,33,112,75,88,94,14,126,133,20,73,118,120,16,131,15,11,50,34,122,67,10,66,132,1,44,98,97,25,52,103,121,127,13,71,39,134,27,38,62,53,32,35,116,2,90,109,117,79,55,100,23,60
1,3
72,26,86,51,116,78,108,38,10,65,8,29,56,94,98,24,15,20,70,82,37,46,113,68,127,0,55,79,59,106,93,96,5,85,7,110,129,21,66,92,23,103,120,61,130,64,18,83,16,50,88,4,25,42,11,2,43,122,105,75,6,132,1,31,32,125,41,119,102,12,49,121,60,35,30,52,22,34,19,101,17,109,67,48,118,84,112,13,57,40,100,71,58,45,107,28,39,36,3,80,63,123,104,114,54,69,74,97,128,53,134,133,9,117,87,91,77,81,111,47,90,131,124,115,95,76,14,33,62,44,99,126,135,73,27,89
4,4
21,97,51,115,135,70,108,8,85,27,63,12,39,30,92,71,112,50,87,99,4,44,5,96,43,31,58,72,13,113,116,1,111,67,60,125,34,131,18,41,76,134,29,28,81,114,46,0,37,124,103,45,98,49,22,126,75,57,110,89,90,23,11,16,117,14,47,24,123,10,91,59,77,104,84,83,118,132,82,38,121,109,26,128,95,127,52,94,20,122,3,19,73,101,2,129,120,79,48,25,119,33,66,61,9,62,107,40,106,88,102,56,32,55,86,74,36,130,17,65,68,78,53,105,100,64,42,133,7,35,54,15,80,69,93,6
3,2
50,54,75,12,79,126,63,93,8,96,76,129,36,42,86,0,45,19,95,135,38,52,125,30,127,46,55,119,62,39,6,48,106,133,104,103,3,113,132,73,122,56,116,72,64,65,91,58,5,49,90,26,61,29,69,121,20,111,124,47,82,51,1,101,110,40,83,32,35,99,85,68,34,70,24,44,53,128,100,37,92,7,131,25,97,74,112,87,59,33,77,114,88,78,134,28,123,57,89,60,67,109,84,23,31,43,27,130,105,9,94,22,66,41,81,102,71,118,14,11,18,13,10,15,2,107,80,4,17,21,16,115,108,120,98,117
4,5
49,41,25,104,18,100,34,122,15,115,72,121,83,12,80,99,124,65,85,57,40,52,26,19,74,91,89,88,50,62,9,63,126,111,109,96,3,92,119,21,101,108,47,73,107,79,93,97,127,1,16,38,105,48,67,13,76,58,22,112,53,44,94,102,11,66,70,116,95,103,56,114,33,75,29,117,39,14,110,24,17,131,5,68,28,106,31,125,120,8,77,61,123,130,87,23,32,35,134,42,113,46,82,118,27,98,10,135,43,59,69,2,129,81,54,0,51,20,37,133,45,78,60,86,30,55,64,128,71,6,4,90,36,84,132,7
6,4
87,76,27,5,102,46,93,63,71,4,122,15,17,30,70,42,61,80,109,78,96,72,8,99,34,56,107,120,7,89,90,9,24,10,114,29,129,77,65,79,14,127,104,58,33,11,50,75,124,53,28,103,16,55,59,38,23,126,100,94,82,26,105,43,111,62,101,66,132,25,49,57,22,18,31,39,69,47,45,118,125,92,130,85,86,133,115,88,2,41,106,84,68,81,37,113,128,19,54,32,134,13,112,51,48,117,44,64,119,73,95,0,36,20,12,121,21,35,108,131,6,116,1,110,123,98,40,135,74,52,91,3,83,60,97,67
2,6
37,50,62,51,77,43,28,33,0,112,103,104,108,131,123,71,102,11,24,47,97,45,129,3,25,89,55,126,90,135,15,83,18,60,35,78,22,100,54,46,132,111,29,58,6,73,84,14,20,67,12,133,88,9,27,68,106,39,118,40,79,80,56,69,44,10,4,120,107,2,31,48,17,117,21,53,122,1,87,61,115,64,74,124,95,125,98,38,8,86,34,128,7,101,36,113,30,5,94,72,65,81,26,127,49,105,116,82,91,130,70,114,52,121,13,109,110,57,92,119,99,134,32,76,93,19,16,96,42,85,63,75,41,23,66,59
1,3
87,84,124,64,109,99,56,6,122,131,130,114,106,102,133,83,49,98,95,113,22,12,76,82,101,45,97,26,8,41,21,121,126,116,47,93,75,63,11,60,74,13,50,96,112,103,89,30,132,77,59,119,108,25,31,38,67,1,123,29,9,90,5,73,92,19,44,105,81,2,80,32,28,10,117,7,46,42,128,104,15,36,34,48,79,4,33,53,61,20,58,110,125,111,134,40,118,85,86,129,69,94,115,71,35,107,23,68,27,37,70,100,65,52,91,54,3,17,24,135,88,43,39,66,57,14,0,18,62,72,127,51,55,16,120,78
3,3
96,17,95,118,2,14,57,86,129,13,41,6,52,94,83,107,0,87,44,32,71,33,134,123,25,73,5,103,69,42,7,92,122,104,43,67,63,99,55,127,16,30,76,56,15,40,105,24,88,28,132,98,110,135,106,130,81,54,102,125,23,11,31,47,77,60,35,21,114,4,72,3,124,82,45,74,89,84,90,68,70,29,36,111,117,109,46,116,133,19,85,20,108,65,53,66,58,75,37,59,12,128,91,18,120,62,64,126,27,8,49,119,51,131,48,101,97,121,9,10,112,93,80,115,100,61,26,78,79,1,22,113,50,39,34,38
4,6
81,46,62,80,5,58,122,56,108,99,114,82,105,36,71,128,0,64,35,16,8,24,33,52,78,20,22,75,26,65,4,124,125,27,109,67,70,61,12,29,119,15,76,126,6,9,101,50,66,49,113,39,115,79,94,85,84,69,104,110,89,48,129,88,107,93,38,74,32,86,3,112,14,57,53,45,117,111,1,134,98,28,95,17,120,54,10,121,19,23,118,130,97,63,131,68,43,21,106,13,135,42,37,83,132,100,91,60,25,102,96,92,127,123,116,103,41,34,51,7,11,30,31,87,90,47,2,72,73,44,55,133,59,18,77,40
1,3
19,33,111,100,51,71,10,22,46,133,67,90,87,16,80,11,58,43,7,101,54,82,128,2,37,130,124,72,5,38,70,6,56,89,115,107,123,4,61,75,109,98,40,53,132,17,106,92,120,39,112,108,121,27,129,50,9,13,135,66,134,81,96,26,117,78,12,122,48,47,99,77,8,131,30,49,68,93,24,79,102,62,74,55,125,105,35,85,118,110,44,103,23,73,1,95,86,127,0,3,84,34,28,20,60,57,126,31,64,104,94,88,114,36,119,18,14,76,63,59,45,52,32,21,65,91,15,29,69,83,42,97,25,41,116,113
4,6
56,4,70,80,124,120,101,88,58,99,84,108,106,127,6,81,119,50,14,3,66,13,126,63,64,117,129,61,111,0,89,18,44,77,19,90,67,65,122,2,104,60,8,41,95,86,31,69,34,37,42,76,83,30,29,55,7,114,40,16,118,73,128,21,59,10,133,35,107,123,48,135,79,23,87,26,53,112,96,43,36,105,32,113,33,131,85,49,72,57,92,51,109,91,52,74,47,27,12,54,62,97,94,125,78,110,103,93,1,17,15,82,116,102,20,71,134,98,5,25,39,9,38,115,46,75,121,132,68,130,100,11,28,22,45,24
4,6
51,116,22,60,61,115,111,65,109,45,110,32,133,82,119,92,89,104,40,29,54,69,113,25,114,41,112,105,38,1,63,72,127,48,14,43,81,13,33,80,37,128,106,76,19,12,96,2,122,52,27,36,31,74,77,86,44,97,6,5,7,71,18,130,15,75,62,118,59,73,101,42,135,102,100,99,84,129,10,4,58,126,55,26,66,134,21,0,94,131,70,53,125,90,56,123,20,23,35,98,39,83,124,9,88,121,17,87,46,64,11,47,57,68,28,78,132,3,108,30,79,93,50,95,8,107,34,91,117,85,16,103,67,120,49,24
1,2
76,32,122,71,15,111,129,38,93,51,4,87,35,10,105,126,135,119,108,121,84,120,19,89,42,81,48,14,114,130,17,99,53,112,63,33,101,90,65,97,16,21,34,54,18,26,133,103,70,72,106,49,56,6,77,104,75,79,59,31,27,37,8,102,64,109,28,2,86,25,82,24,78,66,60,128,100,91,13,40,107,7,85,52,29,127,88,61,95,58,3,39,92,124,9,98,110,1,43,113,30,83,36,5,73,74,45,68,57,46,118,131,22,115,62,20,0,41,67,80,125,116,44,47,96,50,117,94,23,55,134,69,12,11,123,132
1,5
15,133,131,47,128,68,108,69,19,104,38,2,13,23,95,83,5,49,102,34,60,94,28,85,122,18,71,36,118,89,11,124,80,44,63,42,33,20,70,66,88,126,6,76,113,64,0,41,35,22,3,111,121,79,9,30,59,51,57,27,67,91,90,77,81,120,4,125,8,123,132,7,135,1,17,92,134,114,112,101,48,96,103,105,21,10,93,45,61,56,73,40,32,117,129,87,115,24,58,53,127,52,65,119,31,29,55,109,46,39,107,62,110,72,99,74,86,106,116,75,98,97,26,43,82,14,130,84,78,25,37,16,54,100,12,50
5,6
128,124,102,2,0,90,116,120,51,35,74,112,77,126,63,42,106,98,71,130,113,6,54,59,87,129,108,100,95,29,23,60,125,76,43,30,36,132,19,114,37,5,56,118,131,110,82,48,24,52,94,68,45,67,12,20,109,86,107,18,17,73,22,25,34,14,1,79,135,53,105,85,8,13,96,104,49,75,50,121,15,133,61,78,92,4,134,58,11,26,39,38,117,69,115,62,16,46,64,89,3,88,41,122,57,9,27,31,80,70,47,66,103,55,111,28,97,10,101,33,127,83,72,65,93,44,21,81,84,99,7,32,119,40,123,91
5,2
106,76,8,88,115,49,26,103,82,30,31,54,127,34,94,60,50,3,29,110,132,72,67,44,93,55,90,126,0,56,10,7,64,5,87,16,27,131,39,99,52,102,109,46,104,61,85,121,111,59,71,125,62,75,74,66,100,36,57,38,19,58,13,118,24,107,124,21,97,40,95,20,53,43,105,119,68,123,130,2,108,112,4,79,96,134,25,89,51,92,15,63,48,135,73,12,23,101,80,78,117,14,28,83,70,133,69,35,122,22,18,81,128,11,91,116,9,41,84,33,98,1,6,114,129,17,47,32,113,86,65,77,37,45,42,120
2,4
132,121,81,125,38,82,43,42,72,20,74,29,24,78,46,128,19,117,41,101,14,54,131,0,123,84,57,67,112,9,70,116,124,51,135,87,17,30,12,63,2,6,25,115,5,105,118,126,127,16,64,8,93,15,71,92,110,68,26,103,47,22,75,31,50,59,111,56,95,61,52,37,13,104,32,18,94,83,65,21,85,89,10,122,134,7,119,66,79,23,58,109,53,129,107,80,77,97,102,114,11,99,44,45,40,98,133,33,108,28,4,100,55,120,106,34,90,60,113,48,35,3,27,49,36,73,76,69,130,96,88,86,1,39,62,91
5,1
69,79,43,88,60,76,122,127,29,105,1,30,64,27,85,67,115,59,83,15,5,54,12,94,84,113,130,26,108,95,73,18,89,61,7,34,99,93,56,109,82,135,23,8,44,53,78,58,51,77,123,25,33,97,24,55,10,71,28,45,98,4,81,0,119,35,6,103,72,42,70,107,111,87,66,68,65,120,63,90,124,17,22,57,52,110,133,50,116,46,20,74,80,100,3,2,13,14,16,91,86,41,128,131,101,125,75,11,121,48,32,40,38,129,118,92,126,112,37,39,9,62,106,117,132,114,102,134,47,104,21,36,49,96,31,19
5,5
13,95,120,86,43,36,106,121,23,125,53,78,34,47,127,28,37,35,76,107,89,94,116,5,115,50,77,130,63,6,14,32,11,93,2,48,105,73,72,129,135,118,66,69,119,20,18,113,61,9,68,84,67,90,112,24,64,33,55,25,81,62,88,74,42,126,58,29,54,10,4,1,132,19,75,92,124,117,7,3,49,87,97,39,100,123,70,111,59,51,56,52,38,91,85,31,99,134,12,60,71,41,15,22,108,26,109,8,21,44,114,110,131,40,57,0,96,128,65,104,103,98,122,45,16,102,83,82,17,80,46,133,30,79,101,27
4,3
118,88,67,4,95,38,91,27,119,98,113,81,18,62,10,73,79,131,74,77,31,24,3,70,123,64,30,47,126,128,7,65,75,86,93,133,2,103,5,85,22,83,130,32,125,124,92,51,46,52,89,11,17,54,16,87,45,100,59,6,26,36,43,19,60,58,120,121,57,135,63,115,110,37,29,78,108,48,127,117,12,53,34,1,129,61,107,109,111,56,134,40,72,80,8,69,14,9,68,39,101,15,97,55,13,132,42,116,23,41,106,49,99,112,44,66,28,94,90,96,50,25,102,21,82,33,105,20,84,0,71,104,114,76,122,35
3,4
19,77,38,119,117,97,131,92,21,81,47,122,33,71,20,6,63,65,9,37,12,10,85,62,30,42,44,104,52,118,102,106,133,115,75,49,40,86,41,91,34,78,26,69,96,66,46,56,7,45,53,5,57,14,129,1,76,112,123,59,3,130,135,94,132,103,83,109,87,80,100,111,105,29,58,68,89,79,11,54,55,8,107,95,120,113,0,90,60,74,31,124,32,67,16,27,88,17,116,121,70,84,35,48,25,99,127,110,64,24,101,23,18,15,2,108,43,61,22,114,51,93,39,126,13,50,134,72,82,36,125,73,28,128,98,4
5,5
102,104,91,113,133,2,51,69,38,10,23,131,112,115,119,20,99,44,49,87,25,84,85,94,96,76,117,72,82,3,121,47,50,41,68,120,134,116,106,58,61,36,37,63,32,105,83,90,80,64,129,43,89,114,81,73,118,111,123,0,14,103,77,4,127,34,95,5,55,11,124,46,67,88,30,31,1,17,65,97,57,33,75,92,66,79,110,62,59,71,42,40,26,135,132,48,28,128,21,125,45,101,60,16,107,56,35,8,70,53,109,54,86,27,29,9,52,19,13,93,39,24,130,6,74,7,122,78,108,15,126,98,22,100,18,12
2,2
98,46,23,107,116,111,127,1,14,103,63,40,97,112,31,59,119,134,74,45,7,27,105,99,104,55,101,19,79,86,89,108,51,18,62,12,49,21,90,44,53,38,87,81,50,106,115,110,67,35,0,132,29,95,83,109,56,88,34,52,20,3,133,117,22,73,66,131,48,84,39,60,94,28,100,6,30,9,2,42,41,64,58,25,47,10,96,129,8,124,77,123,65,17,75,4,69,76,16,68,13,125,122,121,71,80,32,70,36,33,114,130,102,113,72,135,118,11,85,82,91,93,5,43,92,15,37,54,57,61,128,78,24,26,120,126
2,1
97,101,110,74,51,109,104,79,78,135,128,134,3,61,53,62,107,98,123,43,14,121,56,45,22,96,125,31,8,68,52,57,4,1,13,89,82,34,114,60,55,133,27,103,2,16,21,130,10,47,9,75,46,33,36,66,76,41,23,111,94,73,118,42,106,70,69,112,0,77,35,38,37,102,80,93,91,100,85,86,12,117,30,105,88,6,7,71,95,17,32,67,127,126,65,19,39,108,26,63,116,87,83,24,132,59,115,129,124,49,54,64,5,25,15,99,81,11,84,122,72,90,58,40,44,29,113,92,120,119,18,50,131,28,20,48
3,4
22,21,70,77,28,94,119,41,35,24,18,107,116,103,97,120,80,42,92,48,117,16,74,86,113,1,66,100,45,10,98,29,62,76,104,47,23,134,9,90,123,124,99,14,12,53,30,44,67,59,111,31,121,17,20,26,105,7,8,93,49,91,54,78,118,110,75,125,19,82,101,25,71,46,95,102,73,79,0,65,52,43,38,68,32,126,11,132,3,5,87,4,81,85,61,50,55,106,37,127,115,131,109,128,88,33,15,57,51,69,64,122,130,108,129,96,40,2,72,112,58,133,135,56,84,6,27,13,36,60,114,39,34,63,89,83
2,6
29,69,90,54,80,8,110,2,104,13,28,96,41,73,70,61,36,17,5,0,108,100,75,109,124,111,116,129,3,55,82,56,4,37,123,57,128,27,103,14,62,45,16,11,24,23,34,43,60,115,71,99,112,135,133,65,93,40,87,83,47,132,68,52,49,50,134,131,77,120,32,84,107,126,86,38,113,114,119,35,76,64,10,51,9,85,46,22,39,33,118,79,44,92,26,30,31,66,25,125,105,122,89,81,74,72,7,127,117,91,58,19,94,78,102,130,42,6,59,95,88,18,15,97,21,121,1,20,12,48,106,98,67,101,63,53
4,3
33,71,26,61,99,117,59,23,39,12,21,30,63,135,74,107,120,25,76,83,15,85,121,32,113,27,56,4,91,34,92,31,72,11,94,98,44,55,127,102,49,52,42,43,97,118,88,53,64,134,123,84,9,10,6,100,18,87,81,67,119,48,47,111,36,115,20,46,125,8,70,40,114,73,22,109,54,89,126,62,51,122,104,110,124,93,5,68,60,96,37,77,128,132,112,90,79,17,2,106,35,130,14,131,7,28,16,38,3,105,82,116,1,50,133,58,45,108,24,66,69,103,78,29,101,80,41,13,65,0,19,95,57,75,129,86
5,4
128,124,13,78,31,14,126,65,12,133,98,69,25,93,53,10,125,39,32,134,37,111,26,104,20,61,1,23,21,16,60,52,18,113,132,80,119,95,44,59,86,73,9,117,103,71,34,79,77,28,70,123,112,85,82,38,105,5,76,50,67,118,99,15,100,121,33,101,120,64,43,27,58,8,115,116,35,36,17,62,109,90,49,4,72,102,30,81,66,129,41,92,94,19,56,6,83,57,2,122,75,24,89,11,0,63,22,40,51,48,97,46,84,135,127,108,96,68,47,3,110,87,7,107,74,91,55,131,45,29,42,130,54,88,106,114
3,2
30,121,59,8,41,16,48,132,3,77,125,58,0,87,50,6,35,98,33,107,116,10,131,4,128,111,24,115,114,14,28,93,96,81,71,5,11,133,7,36,100,108,9,37,26,2,106,110,122,95,25,102,129,52,69,74,76,85,34,18,62,19,120,51,109,103,29,57,45,89,63,97,22,83,78,112,84,64,135,43,12,123,124,42,113,70,23,117,66,60,91,90,17,31,79,55,99,68,67,72,44,46,13,54,56,130,21,126,82,61,104,101,49,94,38,15,80,86,88,1,119,75,65,32,40,39,53,134,47,127,73,118,27,20,92,105
4,2
84,50,22,80,125,95,79,2,35,37,19,90,27,10,96,65,58,122,120,92,119,0,30,20,116,109,12,44,130,102,114,108,118,77,93,28,6,132,73,112,52,98,8,104,68,113,31,75,49,89,32,78,105,42,64,127,43,48,21,87,11,71,106,45,81,128,111,86,3,126,72,67,40,17,59,15,39,9,134,107,25,16,29,97,131,62,129,18,91,57,26,66,110,14,63,56,124,53,121,46,4,41,1,103,34,94,99,135,101,5,69,23,7,47,74,38,115,100,133,61,85,88,55,24,70,36,51,54,76,60,82,33,123,13,83,117
2,3
103,77,118,85,94,117,67,106,5,50,12,13,10,26,43,20,135,79,121,58,91,46,7,73,97,2,53,75,64,3,22,24,40,17,35,90,134,60,115,25,61,113,76,54,1,31,125,109,127,102,86,23,51,111,56,101,47,45,130,110,70,15,88,122,28,104,128,30,123,99,93,36,16,32,80,116,59,133,68,132,87,89,44,112,71,49,52,63,98,69,124,65,74,95,105,38,83,27,92,131,0,66,107,84,120,34,4,81,8,57,96,129,6,114,62,82,14,55,21,72,126,42,48,9,108,29,37,19,11,39,18,33,41,119,78,100
4,1
53,72,131,110,27,73,64,38,8,107,80,118,52,65,14,2,115,1,119,134,83,85,125,94,99,104,11,63,77,22,98,62,56,117,96,10,58,127,129,57,18,60,32,23,124,24,133,93,46,66,114,67,92,9,33,12,59,103,69,108,7,91,28,112,3,30,76,55,37,135,75,44,54,86,4,47,39,70,34,105,123,17,116,36,40,102,90,122,109,128,132,95,50,78,82,88,6,43,101,48,42,61,68,120,84,15,89,35,49,81,13,87,113,121,106,16,100,0,5,20,111,45,51,41,26,21,130,74,31,25,126,79,19,29,97,71
4,2
2,131,59,10,31,24,35,23,65,21,82,58,93,124,8,127,111,16,49,54,106,53,69,125,17,91,126,4,63,45,78,108,12,18,98,52,89,11,87,115,44,33,92,6,122,74,34,36,94,3,80,99,88,130,13,117,5,37,55,107,32,118,26,50,0,47,104,116,95,27,102,128,105,133,85,20,103,68,29,119,67,61,84,28,81,14,56,132,40,120,46,101,129,86,62,48,7,79,77,112,51,76,39,57,121,135,43,38,72,75,25,15,42,134,100,70,97,41,22,1,114,123,90,83,113,30,66,64,110,60,71,9,19,109,96,73
2,4
32,90,89,6,103,123,127,88,121,133,19,27,63,67,49,65,37,128,60,33,91,78,34,46,9,55,84,40,53,16,35,124,64,3,72,59,41,79,87,57,58,125,85,17,86,110,70,48,82,24,29,135,25,0,1,36,114,12,8,101,11,122,44,31,21,112,111,100,80,74,38,26,129,45,28,119,7,54,95,39,130,61,14,109,52,117,81,66,93,99,102,92,134,113,75,104,126,83,118,97,71,43,106,30,50,15,69,108,132,5,73,47,22,105,51,10,107,96,115,98,23,62,13,18,116,131,76,42,120,4,2,77,56,68,94,20
5,3
96,93,92,94,57,62,3,16,59,53,122,36,91,72,67,49,8,20,100,40,24,117,22,69,133,7,42,88,48,73,21,29,114,74,37,80,46,0,27,128,51,78,112,81,39,54,18,116,98,79,87,104,124,70,113,25,130,90,108,129,43,15,50,134,103,64,5,34,77,23,109,55,47,82,1,6,106,58,60,63,45,110,33,86,75,68,119,44,38,13,41,135,66,102,85,118,31,111,10,132,95,11,26,107,71,56,84,131,65,4,125,99,101,32,115,35,14,61,28,76,120,105,19,127,2,30,17,83,52,121,97,126,123,9,12,89
5,4
102,107,8,2,0,99,54,9,68,91,120,48,104,103,11,117,133,109,116,42,82,33,92,79,93,76,34,61,118,38,132,23,7,44,83,19,70,74,27,77,25,13,130,15,28,47,6,72,88,66,64,114,32,65,24,134,59,56,127,4,94,96,55,86,57,5,71,21,78,50,60,95,39,17,52,84,128,69,49,81,58,115,31,123,111,12,80,131,51,85,22,124,43,121,135,30,129,110,73,101,87,37,26,126,45,18,90,36,41,10,20,122,100,119,1,62,112,14,89,97,106,67,53,98,3,63,29,125,105,108,16,35,46,113,75,40
1,4
103,1,5,42,43,59,63,135,49,50,95,133,71,93,65,11,31,32,83,70,112,33,108,26,125,89,102,22,41,104,39,123,134,69,124,96,15,45,9,27,111,23,12,4,72,76,18,90,20,109,30,119,55,62,24,122,6,36,61,98,106,100,60,87,120,105,51,37,40,54,121,99,80,126,75,91,46,74,57,35,34,101,110,10,14,0,85,92,88,21,97,48,130,77,53,17,38,84,7,118,67,115,128,129,114,28,64,127,81,19,2,13,52,47,107,86,73,68,116,44,132,117,66,16,56,82,58,94,131,3,78,25,29,8,113,79
5,5
91,46,73,102,0,117,118,35,122,80,86,70,123,63,20,106,14,126,22,40,104,45,134,44,65,105,90,103,7,56,97,131,71,130,83,9,60,113,77,107,17,127,32,8,41,4,59,116,88,38,36,101,13,25,50,43,119,112,109,133,37,85,11,3,57,61,99,121,31,42,2,47,28,33,24,30,69,129,51,96,16,115,75,95,79,53,1,10,54,120,27,89,67,87,128,48,114,34,100,108,49,58,81,5,66,62,74,98,6,93,18,78,23,124,84,39,132,110,55,64,72,94,82,15,52,135,68,26,76,92,21,111,125,12,29,19
1,6
40,75,80,47,71,21,112,58,90,124,122,9,55,15,14,28,96,123,25,102,43,0,125,54,6,39,5,89,32,42,69,36,62,87,68,29,132,109,99,88,108,72,77,31,2,10,30,49,19,98,82,22,91,110,8,17,18,134,129,92,104,52,44,85,60,23,33,66,105,111,34,78,115,117,118,135,1,128,113,26,38,106,83,51,107,61,73,4,50,94,12,97,53,127,67,7,46,48,130,41,86,81,84,114,100,11,65,93,95,101,119,121,126,57,131,64,37,27,133,24,74,20,35,70,59,103,45,120,16,13,63,116,3,79,76,56
3,3
121,52,91,79,85,98,56,4,9,47,7,112,116,44,15,101,129,22,103,80,68,50,66,88,49,74,90,61,97,3,115,94,100,54,20,19,48,60,14,13,58,70,128,29,110,73,43,119,111,109,26,59,107,30,64,1,130,95,75,33,17,133,99,21,126,5,6,82,125,51,69,42,132,105,120,65,102,57,62,122,41,108,67,127,87,0,84,34,104,89,114,113,32,106,31,72,96,35,53,25,27,28,10,18,78,83,124,12,135,40,39,131,118,71,117,93,36,77,63,81,46,45,8,16,86,92,24,11,76,2,38,55,123,134,37,23
4,4
53,88,12,49,9,134,35,120,135,78,94,31,100,98,123,130,18,20,39,52,115,11,64,85,112,25,89,86,15,125,75,95,133,36,33,99,108,129,21,65,109,40,43,13,57,69,105,70,47,121,111,48,1,126,92,107,113,19,67,24,58,8,63,55,4,42,0,128,6,103,132,60,79,62,59,104,61,83,34,17,50,101,14,56,114,84,77,54,96,73,10,76,119,106,51,27,22,38,3,127,26,90,82,74,72,122,23,131,87,68,32,66,41,80,124,117,81,46,30,93,7,118,116,2,16,5,110,37,71,44,45,28,102,97,29,91
4,2
112,95,54,26,69,41,7,130,57,53,91,3,50,24,128,8,111,103,33,109,17,132,131,118,52,4,89,122,67,40,127,49,46,79,106,121,86,74,114,98,16,104,70,76,87,58,78,84,29,51,108,99,14,110,39,34,48,30,77,19,68,23,88,125,116,124,90,31,62,10,85,75,38,119,11,2,45,36,56,100,81,60,71,82,72,32,35,43,123,133,83,135,37,64,66,63,20,22,92,28,21,115,117,13,55,102,73,65,9,107,134,94,44,15,101,97,5,80,25,93,12,47,120,6,113,42,96,27,105,1,0,61,18,126,59,129
1,6
120,52,83,114,14,107,87,16,118,112,125,24,59,38,62,41,43,130,67,84,90,105,3,81,86,97,116,5,40,78,92,19,48,64,128,100,79,26,2,66,10,54,126,39,93,115,29,4,88,91,94,122,7,49,70,119,61,108,36,56,69,104,55,82,44,37,15,68,73,109,45,8,132,121,133,13,101,63,102,117,77,124,11,46,74,123,129,12,113,28,135,127,134,72,1,99,50,21,57,89,106,0,71,31,6,20,98,17,33,76,60,65,110,32,27,85,25,47,131,42,18,95,9,34,51,111,96,30,103,22,23,58,75,80,53,35
1,1
98,133,88,13,99,87,23,78,107,67,131,10,57,17,43,72,82,110,9,108,53,128,21,95,6,33,1,89,41,80,119,73,66,4,56,5,105,35,29,40,32,79,86,52,100,27,134,101,3,59,63,30,96,135,26,75,47,18,117,34,122,92,64,2,127,84,61,118,97,123,115,19,126,68,65,51,76,12,71,62,25,81,0,24,50,31,7,28,11,83,14,42,125,22,8,109,129,36,124,58,85,91,69,15,74,70,130,54,60,55,106,39,45,132,16,103,48,102,114,90,93,113,112,120,49,104,77,111,94,116,37,44,38,20,46,121
1,3
88,63,59,57,92,120,45,79,65,15,95,36,77,78,113,23,101,56,60,80,85,114,75,81,124,16,70,38,53,41,34,129,84,46,18,13,6,33,123,104,62,127,8,90,87,97,4,103,52,39,12,130,21,30,0,122,115,37,17,117,28,54,118,68,19,9,44,67,135,128,3,86,93,24,107,134,132,32,40,74,61,116,91,29,51,131,76,20,133,83,119,69,73,11,31,26,47,110,96,7,50,99,108,1,105,55,2,64,100,35,112,71,102,5,43,89,58,10,66,94,27,82,49,126,42,22,106,14,72,98,121,125,109,111,48,25
5,4
117,83,10,3,50,85,91,92,62,77,132,29,56,111,107,134,100,61,33,120,12,78,126,104,116,86,39,131,17,71,27,113,59,22,89,23,65,108,127,8,31,54,130,32,48,11,9,128,103,124,26,90,25,40,121,96,70,69,112,21,99,94,6,15,133,64,36,102,76,88,13,14,46,20,87,38,49,93,51,75,5,73,47,72,42,37,66,97,60,84,125,122,106,118,119,55,114,4,35,52,19,57,24,123,58,44,129,18,82,79,0,67,7,63,30,53,41,109,105,81,98,135,68,2,74,1,101,43,45,95,110,80,16,34,115,28
1,2
89,10,85,84,124,107,18,92,130,112,24,77,53,66,62,116,117,44,35,108,7,133,27,48,105,91,15,99,120,125,119,3,17,127,74,25,75,13,79,100,6,58,123,34,76,90,38,65,46,98,49,109,39,47,11,69,115,9,81,71,40,0,113,28,41,36,45,2,1,14,129,72,104,23,20,60,128,57,121,126,32,43,86,22,51,26,61,118,33,106,114,73,29,88,122,56,63,19,42,64,111,55,4,102,110,5,67,80,87,83,103,94,97,70,101,37,93,135,95,134,54,52,21,68,31,82,59,50,8,16,132,30,96,12,78,131
1,1
126,21,124,57,89,20,17,49,45,92,31,58,129,119,14,86,99,76,69,95,41,64,26,50,85,65,1,42,135,106,4,51,48,100,116,71,27,59,96,130,47,8,56,107,25,128,87,74,75,91,22,35,63,134,98,23,9,0,79,102,109,10,40,68,53,54,103,90,113,52,61,60,97,66,13,19,82,46,33,81,38,121,127,83,67,15,114,133,11,62,36,24,6,2,39,104,28,125,3,37,94,122,123,80,84,132,43,101,12,117,73,29,5,88,70,72,32,105,18,55,110,93,120,108,111,44,16,30,115,7,77,118,112,78,34,131
1,5
39,23,56,93,59,91,79,65,69,5,36,44,0,89,112,2,115,77,6,67,46,104,13,102,126,48,106,129,97,80,74,47,61,120,117,121,16,109,72,81,34,90,116,68,92,130,122,64,54,29,100,101,45,114,125,105,86,28,18,4,95,73,37,96,57,49,12,107,7,55,88,33,9,75,123,94,31,30,14,132,52,21,133,127,20,134,8,111,41,87,58,43,1,84,26,99,51,11,85,62,66,70,22,128,25,35,24,50,103,32,131,3,17,60,124,19,15,63,135,113,82,40,98,78,119,10,110,83,71,118,53,42,108,38,76,27
5,1
71,45,95,119,34,15,74,81,123,18,127,106,66,55,101,50,122,3,92,113,54,78,2,64,13,75,46,31,100,133,126,67,124,82,134,5,14,57,40,118,29,39,51,88,77,68,115,84,30,9,130,1,59,107,70,38,91,12,125,41,37,32,27,25,87,28,96,52,120,65,69,43,112,79,128,6,10,135,109,85,114,89,48,42,121,110,80,102,105,17,111,22,56,36,108,0,131,16,23,4,63,86,61,7,44,90,21,103,60,62,53,76,72,33,11,104,116,93,117,58,98,26,47,24,97,129,35,132,49,99,73,83,94,20,8,19
1,1
55,7,46,29,79,59,120,119,43,88,41,103,50,66,131,36,118,51,52,115,17,34,19,105,93,113,94,37,129,73,42,123,124,134,58,128,6,110,44,67,18,16,26,82,21,76,78,91,132,57,5,30,114,89,133,65,83,53,38,48,109,104,81,74,40,95,2,84,25,64,121,117,12,1,85,127,14,125,86,3,126,4,35,69,108,11,107,70,39,106,24,22,28,116,33,135,90,23,97,27,92,63,8,80,122,49,31,99,15,75,54,62,101,111,60,0,13,61,71,9,72,112,32,130,56,100,96,77,45,87,10,68,20,102,98,47
6,6
3,49,75,134,7,8,27,28,68,116,14,93,120,98,53,127,10,30,128,36,91,64,45,43,38,48,131,21,72,5,24,41,76,12,132,6,46,99,40,115,37,114,102,56,130,47,95,101,16,39,107,67,35,79,23,71,50,9,77,15,63,89,96,1,129,110,19,84,78,83,109,58,111,106,90,82,88,81,117,33,108,13,86,57,42,100,32,54,17,113,97,105,18,44,125,69,60,80,59,52,26,22,124,126,87,104,66,133,2,31,11,123,122,51,4,65,74,121,92,112,55,73,20,70,0,85,34,119,25,62,118,103,94,29,61,135
4,1
57,86,46,11,127,15,122,115,12,132,32,75,68,62,130,72,18,25,124,31,63,93,6,111,88,3,49,9,92,134,79,48,77,36,65,103,66,126,104,90,35,100,128,7,95,94,74,37,16,1,118,135,99,114,39,84,58,81,50,98,41,59,73,53,113,101,51,85,106,109,60,2,5,91,110,28,61,67,107,45,76,123,64,121,78,4,82,44,42,21,47,97,112,54,71,80,40,10,133,27,34,96,29,20,87,105,17,8,83,22,89,52,125,102,33,55,116,23,0,117,131,14,13,119,38,30,108,26,69,56,43,70,19,120,129,24
2,3
94,127,117,71,128,50,80,84,33,70,83,5,6,14,109,61,81,98,130,75,85,135,62,73,95,36,37,35,38,99,131,56,92,77,133,52,25,4,19,20,87,82,18,76,96,21,51,78,42,68,46,124,134,9,8,44,53,88,122,17,26,49,116,11,108,63,15,100,69,32,43,74,27,103,102,90,7,41,28,34,55,16,104,89,111,45,58,66,112,64,97,119,120,132,115,3,105,31,39,48,40,67,86,114,30,121,13,125,54,47,123,72,113,110,118,93,1,106,12,57,0,79,29,59,107,91,22,60,129,65,10,126,23,24,101,2
4,3
126,2,20,93,103,6,43,22,26,17,40,135,0,130,48,79,84,102,71,62,60,117,34,111,16,36,94,75,56,112,92,89,54,107,61,99,50,82,37,80,44,128,120,27,7,104,123,90,132,1,23,88,95,33,29,12,78,91,109,85,124,58,73,30,18,57,3,127,65,98,31,47,5,134,24,14,121,97,8,110,119,76,41,64,35,13,68,4,10,131,45,125,39,9,133,25,87,74,15,108,129,70,52,96,115,55,38,67,116,46,32,86,72,81,100,63,21,19,42,77,105,122,113,106,59,51,66,53,118,83,114,11,101,49,28,69
2,3
131,73,78,51,69,15,53,23,135,112,33,130,122,34,129,96,106,66,107,70,61,133,94,29,88,108,98,103,58,21,4,37,81,115,80,52,74,67,83,12,95,5,62,30,120,46,118,82,123,20,99,47,16,13,28,40,117,44,104,55,57,31,91,9,121,24,1,68,60,39,72,64,27,119,127,19,77,22,75,41,25,110,124,87,100,114,105,90,97,3,84,17,50,59,6,71,101,126,79,10,18,7,43,113,49,63,134,109,128,26,111,45,42,89,14,76,92,116,11,54,65,86,2,32,93,85,125,56,102,132,38,48,8,35,36,0
6,3
114,41,46,102,135,34,65,6,59,115,0,32,2,104,76,45,7,118,98,80,88,77,126,29,82,4,110,109,61,57,86,40,119,71,64,100,97,105,79,53,25,14,91,1,108,58,81,48,36,22,87,93,35,19,18,43,116,21,49,112,125,38,133,99,52,8,84,72,13,31,117,62,130,47,67,107,134,128,101,68,92,55,30,94,28,83,37,90,27,120,75,73,89,66,121,127,124,129,11,44,122,63,9,78,20,39,26,17,113,33,70,12,111,123,95,10,15,131,106,56,24,3,50,74,51,69,132,16,96,85,5,103,54,60,23,42
5,2
72,128,102,86,100,48,82,27,76,46,89,47,31,74,120,110,52,91,126,93,60,18,69,109,26,10,70,127,107,62,45,108,12,23,13,113,124,40,63,7,117,44,65,135,104,9,5,78,0,16,2,67,79,54,77,133,19,122,59,17,101,132,105,41,84,36,106,81,35,99,66,24,115,53,11,114,73,1,116,61,38,121,43,6,71,96,21,32,94,119,87,98,14,56,22,3,64,50,68,129,51,103,20,28,37,58,112,57,134,33,83,15,42,8,92,131,125,25,130,39,4,95,111,30,90,85,49,29,80,75,118,123,88,55,97,34
3,5
134,118,18,27,42,131,71,74,75,133,23,80,106,95,26,73,93,98,115,107,2,103,36,83,14,31,96,1,51,22,65,76,127,64,100,87,79,135,28,34,109,119,91,0,81,52,129,10,86,82,108,6,55,15,41,121,117,20,17,120,124,84,94,125,53,40,16,59,114,63,46,110,123,29,38,104,66,61,62,69,25,85,7,5,58,32,8,30,57,89,50,19,78,3,77,4,37,70,126,39,24,44,102,88,48,92,11,111,9,49,56,12,54,112,116,97,99,68,47,67,90,35,60,101,113,128,130,72,33,43,122,105,13,132,45,21
2,5
123,76,128,11,134,36,89,22,84,34,18,132,17,75,114,105,96,125,71,64,60,31,67,12,107,116,106,27,30,47,83,102,91,52,117,111,10,37,90,23,73,40,68,16,97,43,100,63,74,28,19,58,21,15,56,54,72,51,127,9,2,57,55,78,87,112,48,77,46,32,24,69,65,14,135,124,38,82,133,109,26,39,131,92,8,103,45,35,122,115,70,104,0,119,130,99,94,4,29,80,88,85,101,62,95,79,25,81,108,93,1,121,126,6,5,3,50,41,20,113,33,98,44,118,120,13,7,66,129,61,53,59,42,110,49,86
6,2
108,120,73,132,116,17,135,63,42,104,44,92,23,79,35,110,15,13,118,11,29,36,97,83,57,88,18,70,69,90,68,103,28,111,86,74,112,32,82,122,48,27,100,20,129,22,19,51,12,10,84,56,1,130,115,76,124,24,37,45,2,128,125,62,14,66,133,94,71,50,78,93,25,81,53,75,39,59,52,131,49,0,102,77,117,64,113,80,26,87,99,54,43,60,58,3,40,31,38,85,127,95,114,46,67,105,4,123,126,8,47,101,72,134,91,55,107,121,21,9,5,30,89,65,98,106,34,7,119,96,61,41,6,33,109,16
1,3
39,58,112,18,98,78,72,133,36,42,4,117,134,87,131,119,93,128,28,13,23,96,80,70,81,60,7,124,25,92,73,118,86,17,43,41,52,91,63,103,110,57,71,40,84,97,50,5,65,62,100,51,129,94,37,16,114,32,108,130,64,66,105,27,107,26,83,22,61,88,85,115,120,0,75,101,20,33,74,125,95,30,122,56,54,111,109,82,24,8,9,11,132,47,49,10,102,89,123,6,14,55,48,53,2,38,21,3,116,59,46,12,99,77,113,76,68,15,79,67,104,106,19,29,34,69,121,90,126,1,44,35,127,45,31,135
2,4
9,11,103,35,90,31,62,110,69,41,111,120,96,117,14,121,133,20,12,127,131,102,7,112,83,71,78,134,27,114,85,10,17,73,129,97,43,126,53,125,98,75,21,88,52,56,63,91,51,68,119,101,135,33,72,100,36,132,26,3,109,24,47,84,87,55,32,49,54,18,29,70,79,104,1,0,77,81,16,13,28,128,50,22,65,82,44,60,37,106,118,40,2,74,15,61,8,59,39,105,48,124,123,92,99,6,45,93,86,64,107,76,25,42,113,30,66,95,38,19,122,130,80,58,67,116,94,89,46,5,23,108,115,57,4,34
2,6
