123,122,22,114,124,45,106,11,97,46,87,23,128,120,34,64,49,24,90,133,85,20,79,89,35,4,55,110,78,111,19,1,58,31,105,59,6,119,67,16,131,14,53,127,61,29,56,86,108,13,0,132,126,62,7,47,36,5,43,48,135,12,3,107,76,57,50,101,121,42,40,96,104,52,112,75,115,17,32,83,44,95,70,66,26,51,92,15,33,63,109,134,100,25,88,41,54,65,10,8,27,80,74,113,77,38,94,91,102,103,69,117,82,37,72,125,60,21,39,129,73,2,9,93,99,28,68,98,118,18,30,116,81,130,71,84
2,2
3,40,6,115,50,44,88,16,67,90,41,118,129,13,2,89,29,74,18,105,110,123,126,71,102,72,112,19,79,96,26,38,8,134,52,30,135,60,84,103,11,47,54,82,39,78,81,92,94,95,59,45,122,68,64,132,46,63,27,80,48,76,128,66,5,22,87,117,106,61,1,131,133,24,17,56,124,58,99,25,86,51,108,119,98,70,42,121,113,7,55,73,33,21,101,65,107,20,12,35,4,28,77,32,100,15,34,43,37,10,93,125,97,91,75,0,116,9,69,57,85,127,104,62,109,14,36,114,53,130,49,83,120,111,23,31
5,2
40,127,54,89,133,77,134,38,108,100,19,78,96,49,56,34,123,69,92,55,65,43,95,60,110,113,86,22,42,4,116,101,16,47,2,50,128,124,118,126,102,73,36,21,31,94,37,59,11,117,20,79,74,71,1,84,45,32,130,51,57,10,114,28,52,125,81,72,9,23,29,106,61,35,103,17,99,93,26,109,5,12,64,115,48,97,107,0,41,129,105,82,58,90,46,80,119,66,76,131,44,62,14,63,104,33,98,75,87,6,70,30,132,24,135,25,68,85,8,67,27,18,112,121,91,13,7,53,122,120,15,3,111,88,83,39
6,2
68,62,79,128,19,75,109,126,101,120,103,3,86,121,44,111,124,47,99,63,23,73,93,67,30,77,54,29,112,52,92,25,94,33,98,72,106,53,17,104,31,18,96,37,5,7,133,28,43,57,64,61,117,130,66,84,125,91,71,70,36,129,97,15,42,89,38,35,60,45,131,14,119,0,22,118,9,76,135,48,123,81,40,56,113,90,115,65,110,74,51,95,78,34,32,100,24,50,8,132,39,88,59,85,1,21,127,114,80,108,41,102,46,83,20,6,10,49,12,4,69,13,16,105,55,27,87,2,58,134,116,107,11,26,122,82
5,3
55,63,13,65,97,54,134,86,43,105,121,89,15,52,57,108,4,93,126,113,110,114,133,64,47,3,83,56,132,84,25,98,18,94,67,72,71,58,40,68,127,32,106,125,123,50,2,20,16,14,33,62,115,82,101,41,119,118,26,66,48,122,21,9,100,116,112,37,75,22,77,51,45,5,85,73,102,103,130,38,78,80,36,61,129,8,24,109,31,28,42,12,23,69,92,111,53,39,70,7,91,17,19,27,44,29,11,34,87,46,35,76,60,59,88,81,0,107,120,95,104,74,6,1,79,99,131,90,128,30,96,135,117,49,124,10
5,4
118,46,101,62,17,6,47,63,50,97,128,59,125,1,7,83,43,19,80,53,33,27,11,114,123,103,28,105,127,60,72,23,71,66,36,131,4,57,42,61,39,2,112,52,31,14,81,135,88,37,119,76,0,116,15,8,110,3,95,134,94,109,82,54,77,86,75,130,92,79,10,67,122,132,107,121,102,29,115,113,9,89,84,12,129,24,13,34,73,93,120,99,45,49,108,91,64,51,85,133,78,38,106,44,41,21,98,16,69,18,32,68,26,90,40,117,126,70,5,96,35,56,100,58,111,20,25,87,30,74,55,104,124,65,22,48
4,4
49,98,52,24,119,53,121,108,109,94,118,10,130,54,104,20,22,48,78,128,57,21,66,51,65,102,91,135,106,47,116,125,58,14,99,30,7,32,41,27,34,44,126,50,70,37,40,97,73,18,9,2,132,0,35,133,90,110,84,124,111,114,59,103,127,113,115,79,29,25,120,64,81,67,117,17,100,77,31,62,19,4,68,33,76,93,101,45,61,8,105,28,6,11,72,80,75,82,134,112,39,88,123,86,36,60,26,5,131,12,83,87,3,42,43,92,63,46,55,107,74,122,13,16,23,56,15,96,71,89,95,129,38,1,69,85
6,5
76,129,5,47,4,55,46,61,124,133,111,62,26,25,101,106,115,86,70,78,74,92,23,71,93,58,52,100,35,112,39,22,12,32,37,45,44,28,113,7,40,6,19,80,38,29,131,18,135,50,34,90,81,68,60,118,91,1,126,108,120,53,73,77,64,132,98,121,89,54,67,31,103,85,30,16,116,65,42,104,119,95,109,49,99,114,27,66,75,57,110,24,14,41,43,21,82,134,48,83,96,59,130,79,17,11,117,72,122,128,84,0,8,51,3,97,125,63,69,107,33,9,127,87,2,10,105,15,56,102,36,13,94,20,123,88
3,2
63,85,127,18,27,32,53,99,30,58,97,71,87,60,26,69,42,80,92,22,1,83,17,75,88,101,130,36,134,56,110,107,65,74,35,45,123,2,70,61,131,20,67,7,50,79,98,14,29,95,47,104,113,15,84,129,94,73,106,11,112,96,120,90,55,40,4,48,54,78,6,44,77,3,81,128,62,57,28,59,125,132,122,114,13,8,108,119,103,0,25,10,133,37,9,72,64,116,33,111,109,93,117,24,126,51,43,89,105,46,91,23,121,115,124,5,38,86,135,68,52,19,39,100,66,34,49,82,21,41,12,31,16,118,102,76
2,4
6,52,126,26,98,125,94,81,122,67,112,64,75,12,134,118,88,93,86,72,107,20,105,31,59,43,60,103,11,85,2,3,14,36,121,95,70,29,56,46,124,76,40,42,135,57,61,106,55,17,30,39,13,100,38,48,51,115,1,101,18,77,111,82,120,53,68,28,74,129,109,44,102,69,47,132,62,104,91,9,4,83,99,130,127,71,131,78,54,37,114,32,110,73,66,21,27,79,5,41,90,19,84,92,113,22,8,133,7,35,15,65,116,123,50,16,119,0,128,25,49,97,10,96,89,34,108,24,58,63,33,45,80,87,23,117
2,4
130,24,66,26,70,69,133,50,72,76,67,38,115,120,82,102,86,71,20,110,87,64,43,81,62,121,15,74,37,41,60,100,83,28,39,4,14,42,1,103,16,58,114,40,47,25,96,57,0,7,48,36,44,101,79,52,106,29,56,53,63,117,33,27,97,73,21,46,78,2,104,105,12,49,6,8,108,127,18,125,55,9,98,34,91,93,19,135,35,107,90,30,94,11,75,131,45,99,116,65,122,88,119,124,109,132,113,22,31,128,92,54,51,77,111,123,134,84,129,13,3,32,126,61,80,17,23,95,10,85,68,5,59,89,112,118
4,5
26,27,40,0,53,22,127,52,90,119,57,54,131,99,126,76,60,129,85,104,59,4,128,18,39,19,51,103,6,29,37,106,86,77,30,34,94,64,56,24,68,66,79,61,48,111,73,95,36,107,125,123,31,67,89,35,9,113,20,97,10,88,58,82,84,50,46,92,47,45,134,55,83,130,3,42,44,1,74,98,121,23,11,133,81,124,120,108,72,96,12,63,114,87,41,109,78,21,105,32,118,43,7,33,65,93,135,71,110,70,25,49,14,102,116,101,91,5,80,2,38,28,62,115,17,132,69,15,117,13,16,100,122,8,75,112
6,2
50,39,20,70,90,117,116,38,134,100,87,69,93,10,75,108,72,106,125,27,102,113,66,60,14,118,109,7,13,25,99,88,19,35,120,132,58,110,115,123,85,81,128,131,94,44,16,57,133,1,24,119,51,49,124,77,65,5,79,95,98,89,126,59,74,52,45,82,105,18,101,6,0,34,78,86,67,42,64,37,54,2,32,22,30,56,96,26,21,112,36,122,121,97,129,92,114,12,84,80,91,11,40,23,41,3,17,48,130,53,43,103,9,73,135,104,63,68,47,28,107,4,71,29,33,46,62,83,76,31,61,127,15,55,111,8
2,6
3,60,94,29,127,110,51,58,114,88,2,125,18,131,87,52,30,12,24,47,104,120,32,111,53,84,14,42,17,8,16,27,121,11,6,25,78,100,73,80,67,128,4,39,102,28,123,129,86,20,82,103,71,62,56,59,74,77,50,64,99,66,23,118,38,10,54,112,132,90,40,1,134,44,15,36,35,108,69,33,21,122,116,85,119,124,83,46,117,113,65,48,45,105,75,55,91,61,107,79,70,13,7,41,106,63,68,5,115,49,22,93,72,26,37,97,133,101,31,43,19,95,81,92,9,76,126,130,98,0,96,34,57,135,109,89
2,4
100,130,81,77,104,88,30,5,75,4,92,68,8,73,67,58,98,131,82,13,50,53,127,51,105,71,111,41,14,133,74,22,120,91,49,10,55,78,108,6,39,122,35,96,59,134,115,135,48,93,79,37,129,11,83,32,94,89,54,95,16,132,62,124,69,86,29,36,40,110,44,43,26,84,116,25,21,123,28,126,66,103,60,45,107,19,90,118,20,12,38,101,112,64,121,113,33,42,57,87,27,85,128,80,9,117,76,2,99,70,15,7,56,109,24,23,119,34,0,97,3,65,106,18,72,52,63,31,102,1,46,17,114,125,61,47
5,5
135,118,88,12,61,56,126,66,108,47,53,19,92,55,40,106,38,89,81,114,28,0,62,115,23,123,20,90,1,104,82,14,80,36,128,117,127,131,7,107,78,95,93,45,22,43,121,68,110,57,42,54,10,8,73,120,76,102,48,112,31,79,27,21,4,101,87,6,122,105,72,35,18,69,97,74,9,124,30,2,116,15,58,44,49,64,67,100,24,130,71,77,32,50,129,84,98,75,125,94,83,59,39,52,5,60,63,134,99,51,119,103,25,37,13,109,85,17,86,46,29,113,41,91,111,3,11,70,132,96,133,16,34,65,33,26
3,6
96,95,99,103,61,65,67,107,56,9,133,40,46,12,38,17,78,97,47,64,92,71,6,41,15,90,54,63,30,2,53,102,72,109,10,76,127,121,131,31,81,4,80,124,1,134,29,39,111,13,126,35,22,27,28,66,18,50,14,43,105,42,73,84,44,0,68,129,116,100,8,75,33,69,60,125,23,86,34,122,74,101,93,55,62,104,19,26,113,132,135,57,94,85,51,20,120,45,5,119,21,106,118,87,91,49,11,24,79,128,16,89,108,77,59,82,88,25,112,58,110,52,37,36,130,48,70,3,117,98,83,123,114,7,32,115
1,4
79,51,131,108,29,39,89,69,82,26,25,119,128,23,8,15,99,12,57,24,132,50,55,63,18,92,31,59,27,42,122,28,19,70,73,121,123,6,111,102,30,76,135,22,61,32,113,94,34,36,53,126,10,134,93,46,40,11,2,125,54,41,124,75,95,17,96,58,130,60,35,118,71,1,78,5,68,103,101,49,72,14,100,4,7,133,81,90,9,85,64,80,86,66,129,74,107,21,43,83,87,114,45,20,88,0,44,3,115,120,56,65,48,116,105,84,110,67,104,33,37,13,109,97,47,91,127,106,62,112,16,38,52,77,117,98
4,4
9,22,32,73,1,103,119,21,78,48,118,70,69,90,35,13,131,5,11,85,107,23,14,46,16,122,64,130,74,82,49,33,41,8,72,88,91,43,38,47,40,12,30,77,60,102,110,124,15,62,57,54,4,19,117,65,44,51,37,101,109,128,116,93,84,63,42,121,126,17,81,108,105,29,98,100,68,53,86,96,45,129,52,99,34,132,134,115,20,133,94,56,127,58,106,39,83,80,71,10,113,59,97,31,89,76,6,75,3,55,0,92,25,67,135,2,79,26,18,66,95,123,112,36,61,125,114,111,120,28,24,27,7,50,87,104
2,4
41,8,107,1,18,7,120,71,84,83,46,37,123,134,38,122,116,56,2,47,61,108,50,112,44,67,80,42,48,93,97,32,91,49,130,111,54,27,75,15,64,88,103,124,16,106,96,12,72,89,59,63,10,113,5,68,52,86,126,34,17,35,43,82,30,69,94,33,128,117,6,58,78,92,29,20,118,119,51,66,87,26,85,105,74,129,110,21,125,23,133,19,40,100,102,109,132,131,31,81,39,25,60,9,3,76,22,73,62,115,45,104,53,0,121,11,98,79,28,114,24,90,55,14,99,95,77,101,57,4,70,127,65,36,135,13
5,1
6,52,126,22,130,105,113,15,23,89,46,84,13,91,114,63,107,103,3,74,96,11,129,124,128,72,98,20,118,34,42,56,65,40,119,102,30,108,99,67,125,29,38,4,50,85,26,116,127,60,41,88,0,83,97,117,43,73,8,14,39,36,87,62,27,61,2,53,66,135,134,37,80,131,121,82,133,17,69,35,10,132,32,122,81,47,5,44,19,59,31,48,54,76,7,9,100,112,106,95,79,18,1,90,24,55,16,104,64,111,70,110,120,25,115,28,71,21,94,75,77,92,93,101,51,58,49,68,57,109,33,86,12,123,78,45
5,5
130,68,90,114,46,135,77,41,28,81,55,1,117,37,126,61,56,4,44,54,91,110,45,59,62,21,53,99,38,58,133,50,78,63,35,122,97,36,67,124,15,108,105,128,118,57,42,98,131,112,113,5,39,89,103,86,26,20,69,8,93,65,25,64,87,10,23,101,111,52,94,96,2,106,119,132,127,7,88,116,19,40,29,31,125,109,73,84,47,74,85,123,14,6,72,3,9,32,30,51,82,121,43,80,17,95,71,49,60,66,79,24,102,18,22,129,104,11,27,120,107,16,115,12,100,76,83,92,70,13,134,48,0,33,75,34
2,3
45,81,118,56,75,100,109,123,82,96,85,126,15,26,102,3,77,29,95,32,113,94,35,58,2,20,51,132,111,47,17,124,70,91,38,68,40,106,73,28,93,84,43,116,92,1,18,107,79,101,14,49,104,99,39,30,135,114,0,6,10,110,60,120,59,44,42,22,8,23,7,9,112,36,52,53,122,128,46,127,62,11,41,69,25,65,24,78,5,105,71,89,76,97,55,74,50,19,4,90,72,21,54,33,108,13,31,87,133,16,83,34,66,64,37,61,80,129,48,12,103,88,67,98,57,115,27,63,119,125,134,121,131,86,117,130
3,3
16,4,110,86,122,41,51,117,33,46,50,0,95,116,124,130,12,131,84,34,67,93,58,101,10,57,6,49,108,7,99,5,100,64,39,77,133,104,70,123,111,53,83,105,114,22,120,27,45,97,125,129,102,26,81,135,18,68,13,89,126,119,30,76,9,43,66,65,74,36,107,113,90,47,73,72,62,118,20,8,75,98,23,40,38,61,54,115,82,15,109,63,78,132,79,60,1,71,37,35,127,128,2,55,69,24,94,80,14,134,91,21,19,96,42,3,44,52,17,29,25,121,31,88,56,32,92,112,59,11,87,103,28,106,85,48
6,6
133,97,24,47,63,128,54,2,48,105,21,91,123,14,94,77,109,129,52,29,67,20,37,76,82,35,41,81,116,87,78,1,56,4,6,126,84,65,59,33,113,124,51,11,90,34,13,26,64,58,71,43,25,106,23,132,62,27,120,122,134,16,3,100,39,46,28,102,17,110,115,121,70,12,85,92,40,83,125,96,74,111,79,57,72,103,130,127,75,60,0,135,119,101,38,15,98,99,88,73,117,19,44,108,69,42,18,131,22,10,118,7,68,104,36,89,32,86,53,31,50,107,80,61,9,8,95,112,66,49,55,93,45,114,5,30
5,6
113,63,3,28,84,12,90,115,103,53,25,43,118,5,129,131,92,46,0,62,88,8,47,24,41,120,7,16,39,71,10,100,52,72,19,95,22,31,58,101,80,127,128,65,75,114,50,55,94,68,125,89,132,130,123,18,15,21,76,44,78,54,17,2,77,30,82,135,27,99,51,96,34,134,61,81,29,35,66,117,73,69,110,59,13,57,104,121,86,14,56,97,49,11,9,91,70,98,26,122,32,42,109,102,67,40,85,4,105,133,111,107,124,1,48,74,116,38,60,20,79,33,126,37,93,83,36,6,108,45,119,106,87,112,23,64
6,4
91,132,116,56,122,83,130,69,125,99,102,32,20,22,64,109,94,93,106,19,115,54,37,113,66,72,101,7,75,124,95,30,87,88,6,84,60,128,62,110,81,58,100,2,52,31,23,105,28,14,82,24,59,126,21,3,42,4,112,86,97,1,92,49,108,9,0,65,48,16,13,71,114,96,67,44,127,89,41,39,53,47,118,17,35,15,74,51,73,77,133,34,29,25,111,68,78,18,45,134,43,117,27,85,33,61,104,119,129,70,57,26,107,5,121,79,8,76,90,135,38,131,46,36,63,11,55,12,120,123,10,103,98,50,80,40
3,3
27,77,0,14,5,122,51,82,72,129,68,6,102,91,9,96,125,107,54,74,64,94,93,111,123,38,33,28,34,134,39,116,135,69,22,55,113,53,128,57,114,32,7,67,130,16,25,50,115,65,112,127,119,43,70,126,8,12,105,42,97,4,76,18,11,24,36,62,30,41,106,19,78,2,29,81,103,47,87,61,46,21,121,131,23,92,75,31,1,10,98,110,17,37,63,73,86,108,45,84,95,104,90,100,88,101,20,58,133,52,99,59,132,48,79,49,89,117,56,120,3,26,71,60,66,15,44,109,13,40,83,80,118,124,35,85
5,6
80,70,89,128,127,69,73,95,66,34,92,61,112,47,114,110,87,41,7,44,65,15,17,23,113,52,11,20,75,126,8,37,105,54,132,35,4,72,123,10,129,67,18,93,49,116,25,40,13,74,99,14,120,96,50,58,97,1,43,55,48,6,135,45,36,29,5,28,122,88,3,57,31,111,134,131,2,19,16,118,76,32,9,102,85,59,98,108,33,27,124,101,90,53,130,0,121,117,60,71,86,109,82,119,104,84,30,83,77,46,78,94,51,79,100,107,22,56,26,133,115,81,64,63,42,106,62,91,21,68,39,24,38,12,103,125
2,3
86,92,102,56,112,121,97,134,82,44,83,13,26,10,36,37,117,53,0,95,75,50,7,15,106,88,118,18,98,124,127,115,24,3,8,69,78,113,30,9,108,59,41,120,67,60,87,25,43,107,77,28,111,104,17,99,52,49,122,132,33,62,131,27,116,11,66,79,103,48,123,57,101,6,58,91,16,68,109,22,125,135,34,94,84,54,38,2,90,40,128,89,130,71,126,35,39,80,29,64,20,51,4,93,45,76,81,129,105,63,110,47,12,96,61,19,100,46,114,23,21,70,42,73,32,55,31,5,1,119,72,133,65,74,85,14
1,5
121,89,98,0,84,68,114,11,96,91,106,76,75,9,44,86,123,52,15,124,18,118,73,67,62,128,104,40,65,134,56,117,127,49,125,109,17,21,99,25,135,12,105,116,108,131,51,111,63,88,79,4,6,48,66,110,113,1,41,129,102,5,112,101,115,27,72,31,13,23,8,69,77,100,3,94,32,93,85,24,55,130,132,90,29,92,36,103,43,82,81,22,54,16,95,83,30,97,64,57,14,45,119,42,107,50,33,87,60,28,38,59,37,71,7,122,10,46,126,120,80,70,20,26,61,35,19,58,78,53,47,39,34,2,74,133
6,6
59,25,30,24,68,123,10,48,134,69,124,38,112,103,47,67,42,88,12,135,80,28,9,50,17,74,78,125,113,62,58,72,119,90,121,105,57,7,23,79,54,43,16,117,14,70,106,131,11,45,108,92,76,107,77,75,29,3,15,20,36,100,53,55,8,98,41,6,99,126,51,86,81,110,5,94,4,13,37,114,32,18,97,109,91,93,52,89,122,101,66,85,64,71,128,96,120,73,56,26,111,19,84,1,22,44,21,60,34,40,63,83,130,82,39,49,35,31,2,115,27,95,132,104,46,127,33,133,102,118,65,61,87,116,0,129
6,5
54,19,127,43,72,45,132,30,99,63,108,126,48,16,10,100,3,95,6,121,96,4,53,98,115,32,124,111,106,75,24,105,134,82,33,0,37,2,21,39,49,101,8,67,31,15,83,7,29,85,41,116,35,88,69,42,66,14,77,70,26,50,120,36,94,62,59,51,110,34,74,103,71,13,92,91,130,22,65,9,78,135,64,87,89,25,118,107,97,28,27,73,18,38,129,79,123,47,102,60,57,40,119,117,56,58,109,23,5,12,93,68,114,122,11,46,112,44,113,81,17,76,55,86,1,52,80,90,61,84,20,104,125,131,133,128
4,1
15,99,9,133,11,27,4,10,79,64,0,53,32,25,85,83,47,29,131,54,126,28,24,129,88,20,21,7,31,69,39,2,100,78,14,101,104,34,44,56,3,58,71,43,106,37,77,87,123,107,112,65,45,102,124,109,61,72,114,12,121,30,80,33,1,41,89,132,26,96,108,127,115,16,13,130,113,48,19,35,95,81,55,105,94,103,119,42,40,76,120,51,111,122,86,98,62,59,68,91,50,63,22,6,52,90,92,128,110,36,73,125,49,17,118,23,38,70,5,82,74,46,18,57,116,75,8,134,97,93,135,67,84,117,66,60
6,6
123,2,91,96,90,110,64,13,124,134,62,27,42,9,8,82,12,53,47,23,131,116,39,33,113,0,32,98,107,4,60,29,24,77,16,66,19,99,21,6,49,109,31,11,51,80,130,36,133,118,106,56,5,34,78,100,129,73,43,69,83,74,108,75,84,71,114,38,20,28,59,18,120,40,126,121,61,117,112,101,111,115,97,104,44,95,102,63,103,50,119,135,89,35,67,3,128,85,7,45,41,92,68,79,57,26,94,72,14,58,105,127,10,17,25,54,122,52,70,55,22,87,1,76,46,125,48,88,93,30,81,86,132,15,37,65
5,3
77,95,121,106,48,28,8,85,128,3,25,52,36,33,71,40,37,103,69,112,32,66,21,61,122,80,99,5,50,27,22,72,43,114,89,24,124,130,97,131,93,45,90,34,116,94,123,30,19,120,92,56,83,73,108,134,96,127,15,54,42,0,102,13,18,17,111,11,109,133,14,62,4,100,12,55,75,82,6,64,81,74,47,84,31,76,38,53,117,91,125,65,59,135,70,16,10,118,119,78,101,63,7,35,26,113,39,67,58,115,29,107,132,87,51,57,23,105,86,44,41,129,60,68,1,88,104,79,126,98,2,46,9,20,49,110
6,5
54,52,38,66,61,55,70,41,15,8,130,116,58,72,23,74,30,16,86,104,3,2,36,80,100,99,73,111,101,57,96,118,71,84,60,90,75,124,127,94,107,0,134,81,37,42,106,34,43,7,78,98,103,62,131,121,56,49,112,108,1,65,31,63,69,117,53,46,87,44,33,129,119,35,92,122,88,11,132,28,79,102,133,26,113,126,17,4,32,29,105,64,13,20,10,82,76,45,48,85,114,18,77,12,59,22,68,110,109,19,39,24,128,83,125,135,89,95,5,14,47,40,115,67,123,6,50,97,25,91,27,120,9,93,51,21
2,4
42,84,22,120,65,60,103,100,3,15,90,110,63,36,5,46,20,111,7,21,114,17,80,56,94,88,81,14,77,101,27,2,66,126,73,96,123,16,82,58,45,93,122,86,92,115,61,50,121,112,99,51,40,131,85,35,43,69,59,8,68,26,31,11,109,52,70,1,37,44,98,54,134,57,48,116,113,72,34,118,132,133,135,62,71,130,79,74,97,102,124,38,78,108,10,91,53,104,9,117,29,28,23,19,95,89,129,87,125,83,49,33,41,119,12,55,106,30,13,75,39,4,107,18,67,128,127,25,47,0,105,64,6,76,24,32
3,1
107,88,94,19,128,74,104,53,115,62,64,131,132,59,121,129,126,79,83,43,80,120,112,34,36,85,38,42,20,86,98,68,134,70,84,75,14,41,125,95,69,10,130,82,118,16,21,127,4,110,2,46,51,22,12,26,76,31,109,48,89,72,33,77,56,47,103,61,114,122,52,18,90,100,9,50,65,106,29,30,71,57,1,73,63,117,44,13,32,49,27,91,3,8,123,24,17,28,6,15,92,108,111,0,101,5,97,66,99,55,105,54,96,133,67,58,11,102,37,124,113,60,7,93,35,135,45,87,39,78,119,40,116,81,25,23
1,6
41,51,37,92,93,43,113,131,129,32,103,72,28,12,47,120,30,122,61,84,89,96,31,56,55,112,60,80,10,117,86,6,104,75,134,105,98,34,48,101,79,76,3,14,94,132,1,114,42,26,82,2,35,53,111,63,99,46,62,38,102,127,115,107,70,78,0,67,100,69,27,21,135,68,110,73,58,118,16,65,57,85,39,50,128,126,19,95,54,36,91,124,81,77,23,87,125,90,64,33,29,109,45,25,13,121,130,133,5,71,18,119,4,59,74,8,97,108,40,123,17,83,7,49,20,66,106,52,9,116,22,44,15,11,24,88
6,4
86,44,120,53,91,25,74,35,107,102,24,30,42,68,69,10,43,28,93,111,41,121,65,127,76,70,104,19,26,101,54,126,29,109,23,13,45,100,60,106,48,49,75,133,88,32,96,40,103,110,112,89,21,5,122,22,2,56,124,34,6,81,83,27,20,46,59,90,119,3,11,116,98,4,92,87,82,117,67,36,130,55,51,113,7,9,33,125,84,57,58,94,61,71,132,108,47,135,134,85,50,63,99,15,118,114,1,95,78,72,12,128,66,38,31,77,14,62,39,73,52,131,18,79,16,105,17,37,8,80,129,64,97,123,115,0
2,1
65,64,4,135,115,9,78,23,5,10,70,122,19,129,14,98,66,72,52,107,59,125,112,2,73,41,37,81,57,119,132,16,68,77,50,61,49,76,113,116,67,101,94,83,80,87,8,131,124,117,106,99,3,12,90,7,42,48,92,102,86,100,97,134,28,22,25,46,26,62,111,43,1,32,58,79,88,45,89,127,75,104,109,63,6,121,33,36,85,103,120,84,40,123,31,17,24,18,0,96,95,126,71,15,54,130,91,53,60,20,47,44,29,21,39,30,133,82,38,11,118,27,56,74,93,55,114,69,128,110,108,13,35,105,51,34
3,1
40,88,110,95,44,20,99,51,118,101,90,26,24,36,23,25,56,122,84,128,133,46,125,13,92,73,78,83,54,77,109,124,27,31,105,35,80,6,113,49,91,111,103,4,37,0,117,71,52,97,39,68,126,116,85,108,132,127,58,81,130,106,79,74,75,93,22,76,67,61,45,17,16,32,3,100,60,34,50,11,48,82,134,57,19,135,55,15,5,43,28,47,42,62,38,102,10,69,121,115,98,123,72,94,2,53,21,114,107,129,41,9,63,18,96,104,131,12,8,70,66,120,64,30,7,33,1,112,89,119,14,86,29,87,65,59
3,3
60,113,35,27,66,59,116,121,31,91,30,93,16,74,99,100,47,20,2,54,73,46,37,107,45,6,26,68,61,106,41,80,32,7,18,130,14,128,15,81,95,76,92,51,17,97,112,49,24,96,8,120,19,3,77,101,69,117,13,28,29,119,129,23,71,38,84,94,62,55,88,104,70,114,56,58,11,115,123,126,44,1,34,87,39,118,111,105,67,108,52,63,85,75,132,22,78,0,42,21,110,133,122,102,90,4,48,5,124,127,10,12,131,135,33,43,98,109,134,25,125,65,53,72,103,86,50,89,64,57,82,79,9,83,40,36
4,6
113,118,9,95,62,80,126,134,22,78,51,133,43,50,27,124,87,117,49,7,92,56,12,63,122,128,129,77,10,32,89,101,94,76,1,44,3,58,15,81,110,125,64,38,25,31,84,103,67,72,86,93,119,24,5,68,46,132,4,57,73,16,42,33,40,59,108,53,47,121,36,29,75,102,11,48,91,23,85,26,13,114,34,66,2,52,123,100,104,6,116,82,97,130,60,18,109,115,70,107,69,17,99,0,8,37,88,54,106,127,20,55,74,79,90,112,71,96,35,14,98,111,21,30,83,45,61,131,105,41,120,28,135,39,19,65
3,6
94,27,129,52,76,134,132,100,33,69,89,35,50,107,8,106,79,81,4,70,13,53,60,108,113,135,124,25,119,110,102,46,125,86,93,82,11,98,66,83,48,128,1,43,95,131,61,84,36,111,32,67,104,14,127,99,117,40,123,42,92,75,114,2,133,73,68,31,59,12,57,101,72,88,64,118,5,65,38,96,78,49,6,77,3,22,9,130,91,20,7,122,105,62,56,85,80,24,0,30,45,21,41,121,29,44,15,17,87,47,26,55,126,115,109,71,103,54,74,23,63,90,16,58,10,39,28,116,112,51,18,19,34,97,37,120
3,1
14,31,79,118,29,123,131,58,46,126,51,49,19,35,83,45,42,87,13,53,30,0,33,94,135,11,54,119,120,59,36,90,52,6,40,50,18,64,91,99,96,2,1,109,113,71,23,129,65,24,108,106,107,34,44,12,67,85,73,117,124,66,80,125,63,130,25,84,27,48,95,39,88,76,121,60,7,100,75,61,70,133,17,110,20,72,92,115,78,134,15,38,93,104,43,98,81,132,56,127,86,122,22,16,114,26,4,47,41,105,74,8,128,112,97,28,77,103,37,102,62,89,57,21,116,32,82,68,111,9,10,55,69,5,101,3
1,2
6,79,108,127,23,32,24,102,65,52,67,61,77,0,98,84,125,1,80,91,99,68,55,29,109,75,114,4,53,133,25,85,57,78,71,44,49,36,19,90,37,48,74,117,135,28,42,122,20,92,43,95,63,13,132,120,38,107,62,110,7,39,88,22,104,124,14,93,121,111,112,100,34,45,73,126,101,26,82,11,103,56,89,129,76,50,54,119,60,41,33,8,70,66,51,72,115,131,3,21,118,64,81,113,130,10,18,116,15,86,123,97,105,58,96,2,134,47,17,30,128,5,69,87,16,12,31,9,83,106,94,59,35,27,46,40
1,2
99,134,52,133,76,38,81,132,120,122,7,111,61,44,22,83,35,84,131,13,116,49,45,75,77,73,23,55,100,16,59,110,40,21,126,14,94,36,130,5,102,29,105,1,98,47,57,125,27,129,128,119,106,17,85,8,20,93,42,0,123,34,118,48,69,63,65,104,64,67,53,97,18,89,91,33,70,107,79,30,74,87,31,124,50,80,51,60,58,112,114,19,43,135,56,54,3,4,95,32,109,2,66,26,71,96,103,12,10,90,117,39,88,121,113,72,108,11,78,115,92,127,25,24,101,86,9,62,15,46,41,82,68,28,6,37
3,6
59,5,105,127,64,110,11,90,52,125,27,72,54,114,6,80,43,28,128,31,130,17,67,9,47,93,79,135,111,104,29,0,118,7,61,73,16,71,84,40,134,101,119,44,106,32,15,30,10,26,57,76,121,86,22,98,126,18,124,34,78,8,123,75,115,116,68,23,89,42,113,74,39,94,13,103,85,33,2,4,122,60,88,102,91,108,48,117,133,131,69,21,37,50,58,66,82,41,25,36,1,107,129,96,92,38,63,62,19,20,56,49,109,12,65,24,53,45,81,46,51,112,3,14,35,83,120,100,132,97,95,87,77,55,70,99
2,2
72,104,15,112,110,32,68,73,99,18,128,122,97,98,120,54,27,44,62,85,41,106,35,109,4,40,13,117,93,12,55,39,50,5,16,105,49,132,36,89,131,28,21,34,66,9,43,133,56,76,74,38,65,25,8,123,11,87,91,114,53,61,79,69,134,96,108,111,19,7,90,127,71,100,88,118,23,92,115,33,83,77,58,121,22,30,119,84,42,70,64,101,86,94,24,47,82,48,107,2,57,17,10,130,29,46,78,0,45,126,113,1,20,51,31,103,52,124,67,135,60,95,102,37,63,6,116,129,14,81,26,125,80,75,59,3
3,5
9,79,31,25,90,36,98,88,96,125,38,65,104,17,87,30,16,120,58,39,3,62,130,95,14,69,109,70,51,107,56,60,12,94,50,83,19,122,71,7,105,103,85,57,92,81,66,128,80,37,43,2,135,131,20,134,32,82,28,49,0,114,35,42,53,11,26,132,27,72,77,76,18,102,45,21,40,84,111,101,13,133,52,91,47,22,55,75,115,68,10,89,8,106,54,74,29,93,127,63,116,48,97,86,126,4,44,99,123,117,34,24,118,46,100,61,23,67,15,73,119,124,113,112,129,6,64,1,108,59,41,5,121,110,33,78
4,3
37,70,119,5,53,115,36,90,71,97,52,63,43,106,87,22,29,114,35,45,65,46,79,95,13,132,23,91,38,123,102,120,28,135,101,20,64,59,3,26,24,0,96,54,98,80,88,74,134,76,51,18,9,14,72,81,127,129,16,113,112,116,11,104,8,109,34,133,131,73,12,92,6,67,41,15,56,7,27,126,4,66,40,75,19,21,83,48,78,85,86,62,130,17,31,124,32,58,1,118,68,122,111,61,103,49,110,33,69,121,25,117,94,125,42,60,55,57,93,100,10,2,39,82,44,99,47,107,108,30,77,50,84,128,89,105
5,3
121,22,99,129,91,77,8,40,114,90,81,118,62,13,70,28,18,34,38,51,125,72,36,26,41,44,112,35,106,102,83,61,47,33,6,108,74,67,66,110,64,95,87,32,1,24,52,12,23,111,25,2,55,69,78,58,71,27,94,63,122,21,4,56,37,132,100,103,19,31,15,60,133,53,135,14,54,130,49,117,7,82,124,73,29,3,105,48,109,116,123,107,0,88,75,10,128,45,131,30,127,92,101,86,120,115,39,16,80,20,50,65,98,119,113,104,97,126,5,43,89,84,76,57,68,93,11,96,59,85,42,46,17,9,134,79
1,2
31,41,65,71,106,52,118,96,18,46,86,73,8,134,63,114,81,34,115,75,36,76,90,42,59,113,51,132,109,68,15,12,100,120,121,3,111,112,27,72,22,35,53,92,105,25,20,127,87,117,108,62,4,13,85,6,30,130,23,64,17,124,110,29,9,5,47,40,58,88,116,74,93,37,60,28,54,99,126,2,135,11,19,101,48,94,61,125,45,128,14,49,103,16,97,79,131,0,69,32,95,44,67,91,80,43,129,102,50,70,89,104,39,107,7,1,55,133,82,122,26,78,21,56,84,33,123,57,24,38,83,10,66,98,77,119
3,5
51,40,45,88,112,85,60,69,52,6,83,119,43,129,98,93,63,75,62,127,44,29,116,107,124,67,97,113,16,65,89,8,38,94,109,130,64,80,70,79,27,10,19,9,128,74,49,134,86,24,7,104,102,132,82,28,58,31,23,68,108,95,20,59,4,118,123,133,37,105,21,50,66,72,41,30,99,111,121,14,22,125,115,73,71,47,1,48,18,84,11,17,26,32,103,42,0,5,87,135,131,78,46,91,61,56,76,77,57,120,34,117,3,25,35,33,106,110,90,12,15,96,92,114,53,36,54,101,13,39,122,2,55,81,100,126
2,6
127,78,101,115,22,96,58,53,102,80,92,94,65,125,56,76,49,87,44,83,0,114,118,110,84,82,19,133,50,120,69,124,60,75,10,36,18,59,91,30,64,130,104,95,38,35,6,132,61,113,20,7,47,23,27,25,24,79,33,55,90,107,63,134,21,135,129,16,121,8,81,28,98,14,119,71,74,15,45,34,5,66,128,51,46,106,37,43,11,97,85,100,126,39,31,117,13,89,12,72,40,108,116,111,131,54,32,2,99,9,48,68,41,1,3,109,70,17,57,93,86,42,26,4,73,67,62,88,29,105,52,103,123,122,112,77
6,6
109,66,67,40,96,104,13,124,12,46,27,126,14,18,115,63,78,55,58,36,64,116,103,114,30,2,59,3,39,81,68,120,121,54,9,94,29,37,97,52,105,60,32,108,35,71,50,93,34,106,91,99,95,89,117,23,128,132,62,74,31,90,45,101,79,76,11,123,85,129,56,75,77,38,88,41,49,133,24,83,111,19,44,25,110,57,28,6,42,22,26,86,20,33,0,127,5,69,113,119,21,98,4,43,65,112,84,87,51,17,80,73,118,130,131,47,10,8,100,15,61,16,92,7,135,134,70,48,102,125,107,1,82,72,122,53
4,4
57,48,97,68,12,8,84,21,76,125,129,32,59,25,73,38,63,77,60,119,113,16,111,116,102,0,55,53,61,14,23,4,58,122,10,41,36,54,24,87,92,51,47,40,49,7,44,96,33,30,46,81,118,85,34,110,3,26,28,62,91,64,72,65,80,86,109,130,2,6,101,120,124,134,103,27,1,37,89,128,56,104,42,20,22,69,83,133,74,17,98,112,107,43,18,121,94,31,135,75,90,19,99,115,79,108,67,52,123,105,29,5,70,106,132,78,117,93,100,131,45,114,13,15,35,88,39,66,82,11,127,95,50,9,126,71
6,3
81,42,122,19,79,47,22,50,10,95,111,100,67,135,13,78,40,21,92,118,39,86,83,49,17,33,32,59,85,109,63,80,124,36,20,114,29,5,107,43,27,99,110,75,105,77,64,26,126,113,4,108,104,61,57,34,102,87,2,7,52,12,131,90,0,11,45,128,133,98,41,82,24,55,1,119,129,53,15,48,62,91,123,8,28,125,69,23,3,56,46,94,117,121,93,127,18,44,116,76,65,88,130,72,74,106,84,71,73,132,101,66,35,60,51,31,112,70,97,96,68,58,30,16,37,25,115,134,6,120,14,38,9,103,54,89
3,1
83,68,14,117,23,43,93,76,127,78,106,109,19,40,46,118,56,98,18,132,133,36,51,102,45,79,8,88,129,15,53,122,35,16,77,121,27,101,103,7,85,69,10,58,113,82,84,99,57,42,21,65,135,134,24,20,62,60,48,39,25,126,33,91,71,114,70,4,95,5,89,41,47,49,55,97,26,54,74,119,73,124,110,17,123,3,32,38,120,9,90,0,112,34,107,67,80,11,94,92,72,2,66,59,31,86,75,1,61,116,50,64,28,12,52,130,37,128,81,29,105,87,111,125,96,63,131,13,44,100,108,6,115,30,104,22
6,6
77,33,32,104,84,17,99,63,83,3,79,101,73,114,128,2,75,8,117,65,20,43,69,61,133,105,51,126,72,22,49,118,121,37,123,85,19,55,59,112,88,62,89,48,94,135,50,124,120,38,44,54,21,66,7,115,13,91,78,25,26,106,98,6,119,4,111,134,53,76,95,87,93,68,132,113,15,110,10,23,103,131,80,9,86,67,40,60,18,36,100,57,127,45,64,116,27,97,5,11,14,0,47,81,109,28,82,29,71,46,74,12,58,108,129,31,35,52,92,90,1,42,130,96,70,125,41,16,39,34,24,56,102,30,122,107
2,5
28,4,63,87,76,66,69,62,8,12,35,75,77,97,17,91,124,34,24,115,135,40,121,46,61,112,111,82,48,67,55,81,119,14,107,53,73,11,20,72,105,99,18,27,118,114,1,84,65,39,15,106,129,32,71,101,47,19,51,30,6,126,43,56,86,90,123,10,94,52,133,104,109,113,98,103,108,23,49,38,33,22,110,0,131,26,120,116,93,2,122,16,25,85,83,54,134,117,80,64,88,74,96,70,37,68,127,44,29,57,45,92,132,89,31,128,36,125,95,7,60,130,78,13,3,102,9,59,41,50,58,42,21,5,100,79
6,2
38,72,33,102,74,9,77,125,107,84,100,16,86,129,35,87,76,67,103,117,99,47,78,57,132,70,66,79,58,60,56,12,85,90,127,4,135,96,52,51,15,11,29,23,101,91,131,130,133,25,44,63,42,18,80,0,108,3,115,69,81,8,93,123,71,13,50,46,19,37,40,59,1,53,2,94,7,27,89,106,30,10,20,61,39,45,118,43,111,95,31,128,134,122,126,21,73,104,109,55,26,62,41,97,49,98,112,32,121,65,14,24,75,92,64,105,119,114,120,124,28,36,22,54,34,68,82,110,5,48,17,6,116,83,88,113
3,3
78,74,38,118,5,117,116,14,0,124,102,37,48,94,29,23,31,105,53,133,9,131,58,56,77,132,98,113,7,20,100,70,101,52,16,122,68,97,43,62,95,112,59,76,44,107,66,67,28,34,115,121,11,129,81,79,4,104,54,30,2,130,33,13,134,73,123,109,64,92,72,119,35,55,57,84,19,93,27,87,17,60,1,80,40,126,128,135,88,47,96,42,63,26,108,82,25,32,111,8,45,91,110,127,10,99,18,120,46,51,6,69,83,86,103,3,15,12,106,41,36,65,22,114,125,49,50,85,71,90,21,24,39,75,61,89
6,5
30,134,107,74,19,86,92,132,49,125,42,22,4,8,105,91,17,81,18,97,113,114,126,133,48,90,26,37,119,15,79,102,33,73,52,12,75,71,20,28,95,103,84,62,80,5,93,57,98,11,55,130,106,121,69,0,131,116,50,13,108,21,43,31,16,94,39,63,110,34,60,27,6,24,109,25,104,46,54,67,127,99,41,83,59,85,58,87,72,77,9,118,3,122,53,64,82,76,123,68,120,35,100,2,78,38,112,51,29,101,36,117,61,45,88,7,66,65,47,44,135,124,89,96,1,14,56,10,115,40,32,111,70,23,129,128
5,5
5,26,68,24,22,21,127,23,105,49,112,85,134,16,113,128,110,28,114,80,36,3,44,107,101,84,42,4,116,38,95,122,29,11,106,130,78,64,30,15,93,35,111,90,123,55,88,109,50,48,12,31,2,59,10,71,66,131,118,9,104,91,46,135,73,115,83,57,34,121,56,102,33,32,27,94,45,81,62,76,132,51,20,98,87,69,96,47,41,103,39,18,125,117,79,119,67,6,1,54,40,25,53,120,61,52,124,14,58,72,129,17,99,19,8,60,13,75,74,70,7,86,77,133,0,63,65,37,108,92,100,43,126,82,97,89
5,5
105,41,83,10,16,90,50,119,100,62,28,79,102,15,129,110,12,23,1,7,11,67,21,96,26,99,42,64,8,20,81,56,13,65,127,125,61,47,36,19,33,17,18,72,46,116,60,120,68,40,103,48,86,108,88,58,97,63,44,71,134,39,107,118,69,112,113,38,121,132,87,45,2,84,95,29,91,3,43,32,9,89,0,70,109,126,22,5,124,53,122,130,94,111,49,135,73,6,14,4,34,117,55,77,82,54,115,30,133,66,35,75,25,85,57,104,76,31,114,24,101,74,106,92,78,51,37,93,59,128,123,27,52,98,131,80
5,5
49,17,74,76,75,73,25,84,118,15,60,81,7,62,122,26,43,114,133,105,32,123,66,57,129,120,132,33,39,92,70,72,2,90,53,55,95,21,128,50,94,86,44,97,3,63,1,18,69,52,130,102,16,37,108,111,115,20,126,9,14,67,23,35,82,5,47,4,0,99,135,41,10,56,116,45,134,8,36,64,131,119,107,19,27,12,34,79,98,89,110,87,46,11,106,71,100,101,124,22,109,38,125,117,24,51,68,42,113,13,58,83,77,103,30,31,48,78,65,96,91,54,61,121,88,40,85,59,6,93,28,104,80,29,112,127
1,5
45,115,101,24,88,5,37,124,133,33,75,54,93,28,109,3,44,14,8,90,126,107,1,67,9,43,48,76,79,99,97,132,113,65,12,98,94,114,18,56,120,110,20,135,108,17,58,32,66,111,62,125,25,74,52,4,71,34,30,105,46,68,10,92,2,129,13,78,21,15,19,55,81,116,23,83,80,102,51,100,59,84,27,72,16,87,22,31,85,95,47,39,70,119,128,35,49,40,0,117,64,42,121,130,96,53,6,61,7,134,69,77,73,131,38,63,26,36,118,11,127,41,122,103,91,57,86,29,104,106,60,82,50,123,112,89
5,3
110,36,82,99,88,56,68,72,6,16,105,43,85,0,39,103,119,115,76,31,27,118,58,78,10,127,116,17,24,25,51,29,55,18,83,124,14,132,95,45,34,41,50,134,100,28,38,129,62,47,54,65,15,70,42,102,81,64,53,22,49,90,52,33,80,21,91,13,114,69,113,60,20,109,126,106,122,75,30,108,86,123,44,2,131,3,19,40,46,71,61,1,94,120,11,121,48,32,8,67,57,12,130,93,128,135,133,66,92,37,125,84,9,101,111,98,112,117,23,35,73,107,89,104,5,97,77,74,7,59,4,96,26,79,63,87
1,1
34,98,124,32,99,1,26,128,16,81,74,83,76,75,19,63,56,105,14,95,107,44,3,4,91,96,21,88,68,9,77,64,73,22,31,67,69,6,27,108,120,5,38,116,114,97,125,129,46,35,60,37,79,94,126,85,90,53,10,104,49,122,61,18,25,111,42,33,36,115,130,54,109,62,134,13,121,66,30,72,40,8,51,12,131,112,102,43,20,59,118,2,101,86,0,52,89,57,103,132,119,92,78,93,133,70,58,87,135,123,65,127,48,84,17,29,39,11,113,82,110,80,45,106,50,41,24,71,28,23,55,117,47,7,100,15
3,2
74,43,78,116,106,47,51,84,34,110,59,4,36,125,5,95,71,17,6,129,81,46,12,55,77,134,104,11,33,133,132,28,27,113,92,123,122,130,25,63,38,62,85,48,10,31,9,20,24,76,54,86,30,88,49,100,65,39,72,124,3,87,97,109,52,58,89,94,15,80,102,131,101,41,93,98,23,40,91,127,64,57,107,75,96,126,73,66,120,103,16,99,44,117,108,42,111,83,14,13,90,19,0,68,118,35,1,112,37,119,50,29,18,7,61,21,128,56,135,8,82,45,53,26,70,105,121,22,60,32,114,67,115,2,79,69
2,5
28,23,8,59,98,12,84,106,103,107,54,20,18,25,73,68,121,135,89,42,60,124,5,27,115,65,48,2,55,129,56,87,91,34,16,125,76,66,90,100,95,51,80,29,41,40,31,134,13,72,104,110,108,58,78,116,64,52,45,93,63,131,50,81,11,122,85,10,57,53,119,92,83,4,102,0,7,61,99,9,44,32,96,24,97,111,117,33,101,46,47,67,105,37,62,19,1,123,71,74,114,70,17,118,39,38,35,77,82,15,128,75,30,94,3,21,112,36,14,133,120,43,86,26,49,22,113,126,109,6,88,127,132,69,130,79
6,2
123,125,47,6,31,119,71,20,113,68,111,70,62,90,49,130,18,66,39,131,40,84,25,35,14,7,44,10,22,55,85,87,108,50,114,51,122,104,95,106,88,2,92,33,124,73,1,121,16,94,29,98,115,52,128,59,61,96,36,17,127,57,118,83,99,76,21,69,64,75,80,89,78,103,42,74,105,134,34,53,77,5,100,86,3,129,120,132,97,101,107,116,93,28,60,102,0,30,19,27,41,37,63,110,126,65,4,109,46,54,135,67,45,72,15,23,56,81,26,112,38,79,11,32,12,117,48,43,24,13,58,133,91,82,9,8
1,3
77,85,125,68,24,59,93,55,97,98,27,41,106,33,7,39,110,83,40,36,43,72,99,8,123,45,96,87,18,94,91,104,0,78,79,84,108,14,16,95,90,25,4,126,15,58,38,135,49,86,105,52,133,75,62,26,130,6,2,120,63,82,48,60,81,22,113,12,129,92,67,34,51,56,132,13,107,9,5,35,80,76,74,69,32,121,21,88,54,109,101,66,115,111,1,127,29,28,17,44,73,31,30,46,3,128,116,100,10,119,118,124,112,103,20,61,117,42,114,102,37,70,50,11,19,134,23,131,47,64,122,71,65,89,53,57
6,3
0,117,2,62,94,26,83,17,66,77,132,79,54,35,22,10,107,30,53,96,72,123,78,34,135,76,48,75,84,7,42,109,4,47,45,50,29,95,51,99,12,15,116,121,23,40,63,19,56,37,27,74,33,65,129,32,97,14,124,106,28,41,24,5,61,57,86,98,111,55,82,1,59,20,103,89,91,133,119,21,6,60,127,113,93,52,114,16,38,122,25,90,68,11,128,36,71,18,126,118,67,64,9,73,101,44,49,13,131,100,115,88,46,43,104,108,87,31,8,58,39,112,80,120,85,70,69,92,102,125,81,3,134,110,105,130
6,5
131,38,91,27,107,86,3,71,4,54,66,120,51,33,130,5,49,16,79,117,98,133,87,95,128,55,47,111,21,68,59,104,134,113,34,64,20,26,30,60,84,46,48,35,58,124,77,119,121,70,56,67,61,76,114,25,101,74,82,23,8,40,50,39,6,42,10,127,110,7,15,63,105,31,45,65,83,90,123,53,97,106,0,96,89,14,88,13,109,24,122,102,116,125,52,112,1,129,69,132,135,18,19,11,29,57,94,62,80,36,92,37,93,22,100,73,17,85,2,99,108,103,41,81,78,75,72,115,118,43,32,9,126,12,44,28
5,2
80,123,115,68,5,82,97,23,55,29,15,84,13,93,46,111,44,78,32,91,51,99,58,124,128,21,9,134,36,34,67,125,126,127,6,130,47,1,16,92,7,132,8,39,24,72,30,135,20,62,106,38,119,41,102,57,120,86,118,101,33,112,14,114,121,71,49,107,64,110,19,89,69,90,66,104,83,3,133,76,73,81,117,116,75,70,45,18,27,17,131,28,74,113,105,77,53,54,31,87,65,25,88,103,109,52,10,4,79,61,98,100,42,11,12,48,37,94,26,0,60,43,108,85,96,122,129,2,59,63,95,40,35,50,56,22
1,2
130,43,62,32,128,28,31,122,14,110,102,86,60,114,30,9,87,99,57,88,54,92,98,119,112,5,123,12,89,29,126,71,116,82,44,36,76,67,79,19,103,33,11,34,93,80,16,24,125,134,59,66,48,104,65,1,63,90,107,3,0,109,120,69,8,83,13,39,106,101,121,70,105,58,135,22,2,68,100,10,85,108,41,37,46,94,61,77,127,118,96,131,84,74,117,40,132,17,113,81,50,21,115,49,72,23,78,51,15,38,18,73,55,56,91,4,95,75,129,20,47,35,25,42,52,45,53,133,64,26,27,111,97,124,7,6
5,5
89,94,59,119,124,81,31,42,67,16,106,12,122,9,118,129,38,111,23,84,108,29,6,134,82,53,35,37,58,43,135,74,116,70,99,5,114,24,14,107,0,33,73,25,112,96,56,40,126,34,17,98,30,76,115,8,11,80,46,133,71,79,85,83,20,49,60,109,65,90,127,51,7,15,55,75,47,103,128,1,104,88,48,62,41,57,97,92,64,101,44,21,110,50,2,32,4,69,105,36,102,52,66,125,120,113,86,19,131,63,100,95,22,3,77,78,91,123,27,10,72,130,28,54,45,18,121,117,68,61,132,93,13,39,87,26
5,5
99,11,27,59,20,32,121,47,10,49,5,25,71,75,112,18,86,108,63,87,56,88,3,17,4,92,114,67,79,100,94,81,91,128,54,109,73,106,14,26,126,46,53,41,122,129,35,24,19,74,134,2,45,64,40,133,65,15,90,68,117,50,103,58,28,22,23,111,113,127,80,69,39,130,93,116,89,70,101,98,104,77,30,76,102,36,42,8,132,16,52,120,85,43,96,21,82,97,131,115,105,83,1,31,135,78,125,51,33,13,57,62,48,84,55,34,6,38,12,7,9,0,44,37,95,118,107,61,66,123,29,60,110,119,124,72
1,5
128,82,45,58,62,91,26,89,72,39,1,133,127,70,38,61,74,14,8,21,2,51,78,30,96,43,69,57,18,10,55,27,34,66,42,31,52,80,135,9,48,77,111,76,115,132,35,75,97,117,85,100,99,19,16,22,131,94,5,98,90,120,113,59,93,67,25,6,47,102,118,119,104,24,121,110,84,63,53,125,7,86,116,36,46,32,126,79,109,92,20,107,103,83,40,95,130,60,37,106,54,4,13,124,15,108,49,88,0,44,68,105,101,73,129,41,33,122,56,29,3,28,11,123,114,134,64,17,65,71,81,87,50,12,112,23
3,4
72,106,45,83,4,42,90,125,3,101,41,15,50,40,99,1,64,86,49,98,61,47,31,109,114,89,7,43,102,92,134,24,74,29,78,133,94,35,95,87,56,79,2,128,116,81,51,53,23,123,105,21,22,85,129,132,66,59,84,5,111,62,135,122,26,71,70,73,28,63,117,54,131,121,37,0,33,10,13,55,57,104,96,88,80,91,32,27,16,120,60,9,20,75,108,14,65,58,25,36,39,82,67,19,34,52,127,76,124,115,118,6,38,100,69,30,46,77,103,107,18,11,113,119,17,126,68,112,97,8,12,130,44,93,110,48
3,5
107,52,89,56,19,86,28,13,42,123,66,26,21,90,120,17,105,0,96,65,110,111,74,46,130,115,35,73,40,112,38,100,18,8,79,9,51,134,60,25,106,37,87,72,57,99,16,97,29,63,75,92,135,49,34,24,2,61,39,32,58,121,98,114,1,116,68,23,20,126,30,109,104,76,93,67,113,14,70,15,95,41,22,7,55,81,129,45,27,50,119,102,48,131,122,124,53,43,77,12,5,82,101,31,78,62,118,83,6,47,69,94,125,108,117,85,91,133,44,128,36,64,127,71,4,103,132,54,33,11,80,88,59,3,10,84
4,5
41,17,99,130,43,121,126,106,101,108,39,95,94,83,65,87,4,89,7,28,134,92,73,11,110,102,9,33,47,16,40,53,105,24,42,122,104,129,27,49,68,30,96,29,97,60,15,23,125,71,5,0,123,91,52,54,25,2,112,50,48,6,77,69,116,70,57,128,80,66,22,1,45,79,12,3,13,44,84,133,75,98,74,31,55,118,107,58,26,63,14,32,120,20,127,76,36,62,35,56,59,88,135,21,8,131,67,61,78,119,10,37,109,81,19,86,90,100,82,46,34,72,114,113,93,111,38,115,18,132,85,51,124,64,103,117
2,1
37,15,1,8,57,17,93,42,79,32,96,123,121,95,133,64,129,12,63,26,88,47,18,131,76,60,77,112,83,128,82,104,114,106,5,94,36,119,31,107,135,72,113,9,10,41,29,118,110,73,68,50,24,74,134,62,108,90,69,56,115,71,67,65,40,53,55,126,23,0,80,27,87,13,100,92,38,34,45,43,125,49,48,25,35,52,116,102,103,54,117,7,91,75,89,97,21,109,124,111,78,28,6,11,101,98,3,84,44,120,4,22,39,59,16,85,99,20,81,132,86,130,30,14,46,58,66,2,70,33,19,51,122,61,127,105
1,5
7,40,11,75,1,98,131,44,82,31,20,108,26,9,3,8,112,95,81,132,5,120,101,122,50,109,58,80,68,56,19,76,35,49,67,116,51,16,74,65,13,78,129,69,87,100,54,71,73,46,32,2,34,106,42,130,10,114,127,133,93,88,72,86,47,41,14,126,28,121,111,53,117,52,4,102,103,85,99,128,25,97,61,115,33,55,66,57,29,64,22,39,90,17,70,21,79,45,48,105,36,15,43,63,123,12,59,110,60,83,94,118,38,89,119,30,24,27,62,92,91,113,77,125,84,0,18,134,23,37,135,96,6,107,124,104
3,1
95,55,45,118,58,10,113,53,112,61,43,130,30,64,41,100,34,83,16,87,110,48,103,71,7,121,8,78,74,84,20,18,11,13,116,104,15,3,24,97,40,33,86,92,60,123,111,29,107,50,89,77,119,17,81,5,0,57,117,76,124,56,73,108,52,67,19,126,23,21,80,47,127,31,115,9,37,114,88,91,96,39,99,2,49,25,26,75,105,36,94,1,32,27,131,82,59,93,28,134,122,51,4,14,22,106,70,120,101,62,42,128,129,102,12,46,72,63,133,65,68,135,85,79,90,98,69,38,35,54,44,6,109,125,132,66
3,1
58,70,83,39,94,87,121,54,125,62,106,55,79,56,24,76,134,111,17,64,35,38,93,34,86,119,9,51,75,132,61,59,48,123,11,3,6,52,66,72,99,60,4,18,5,97,12,78,53,29,41,127,47,8,92,0,81,112,101,45,105,42,21,102,33,114,85,27,50,10,36,109,28,110,74,43,118,108,19,32,2,25,116,89,124,84,13,98,96,91,107,100,14,30,71,1,31,103,128,126,88,40,69,115,7,120,68,80,129,131,23,73,57,135,46,44,122,37,16,15,65,63,22,26,117,77,104,95,20,67,133,49,113,90,82,130
4,3
112,46,129,84,124,11,71,73,50,64,75,127,97,122,23,3,51,47,65,53,36,28,5,49,62,17,14,135,41,13,19,7,96,81,24,40,126,59,77,69,2,68,110,117,22,109,106,42,113,52,91,60,80,89,79,120,55,130,33,133,32,95,27,104,118,8,20,67,134,116,78,43,83,85,86,76,101,132,82,31,21,131,100,107,18,105,61,1,44,98,38,93,35,15,6,39,87,74,58,119,54,48,114,121,63,25,29,99,111,30,57,4,0,16,12,123,56,10,102,88,37,115,92,72,66,103,34,9,128,108,94,70,26,90,45,125
3,1
105,102,95,73,51,128,23,74,11,119,57,18,35,132,50,87,118,40,97,0,79,131,32,55,65,61,43,30,39,21,17,70,26,16,19,76,71,116,64,31,3,33,99,14,77,34,10,15,101,69,94,20,93,45,6,24,1,9,108,12,44,62,84,133,4,58,126,91,106,78,135,134,80,52,25,117,38,85,75,60,104,29,110,7,83,114,122,36,54,89,111,115,109,42,22,5,107,66,56,67,2,86,113,13,100,129,72,8,88,28,98,112,68,125,46,53,81,92,63,121,82,37,59,27,103,90,120,130,124,123,96,47,48,49,41,127
4,2
120,50,111,0,11,135,87,29,133,7,96,132,15,48,34,43,65,6,71,78,117,93,51,55,20,8,79,59,45,54,10,58,33,121,97,125,30,23,94,129,118,57,63,89,13,122,4,127,70,110,88,73,17,25,52,116,42,83,74,106,67,124,56,98,102,18,41,126,104,38,35,128,36,39,107,53,24,115,82,3,44,28,105,47,12,49,46,2,61,19,16,37,113,84,76,86,114,80,31,68,91,21,1,99,69,92,60,85,32,81,77,14,112,90,75,103,66,109,130,119,100,26,123,62,108,101,134,27,131,22,95,64,9,40,5,72
1,5
135,38,114,75,91,70,127,84,110,109,26,96,97,67,104,46,36,6,102,92,80,31,0,55,64,121,23,73,17,71,129,2,101,1,61,79,48,37,7,28,35,90,13,65,85,133,3,25,34,11,32,45,106,134,78,60,47,98,128,82,59,43,22,74,103,130,108,88,29,123,124,111,24,132,15,54,69,115,5,120,122,52,72,40,21,58,20,53,95,68,119,4,57,126,39,66,63,83,81,18,100,9,118,14,12,94,107,42,76,16,8,87,99,50,93,89,56,51,131,116,113,33,30,49,86,62,10,41,112,105,125,77,27,19,44,117
6,4
35,18,75,120,12,50,0,76,85,132,124,115,39,43,134,27,11,10,31,53,107,81,110,13,83,30,55,40,123,20,47,79,106,73,33,23,122,80,121,61,25,104,51,44,89,87,66,113,8,86,128,19,56,15,4,3,130,101,64,57,24,95,129,111,16,117,82,48,103,45,78,70,116,6,92,7,32,38,36,102,41,21,60,93,77,133,112,9,91,135,94,65,100,63,42,105,127,59,5,99,109,88,29,1,84,74,71,108,119,26,72,62,114,118,97,69,96,52,131,46,125,54,22,28,17,2,37,98,34,49,68,14,58,67,126,90
5,1
17,21,49,0,134,117,23,50,95,11,99,44,109,58,25,10,38,53,121,126,116,66,31,6,52,22,84,135,55,51,111,113,114,40,34,124,67,86,129,35,93,131,81,96,103,8,18,29,115,82,3,26,79,132,73,77,119,72,61,83,112,59,122,30,101,5,54,57,100,43,45,64,94,92,27,78,125,37,36,128,46,65,133,108,104,71,14,4,123,98,39,15,33,47,76,24,120,48,60,62,69,20,110,97,106,70,102,42,88,130,28,90,87,16,127,1,74,9,85,105,75,41,68,118,2,107,13,19,12,7,91,56,32,63,89,80
3,2
46,58,122,23,86,94,25,126,5,31,13,64,4,35,27,123,65,98,82,1,66,57,49,56,108,8,14,90,127,105,69,134,43,20,50,91,10,53,116,109,11,67,96,131,93,107,62,120,52,87,15,9,73,78,97,68,55,75,74,125,38,115,24,29,63,80,128,39,33,19,79,102,2,0,84,54,106,103,41,81,101,42,48,118,95,85,60,70,99,44,16,76,32,30,89,112,7,17,21,119,37,83,45,110,104,124,130,12,40,3,51,61,77,59,132,121,117,111,135,47,22,71,113,133,72,34,100,129,28,6,18,26,114,88,92,36
2,1
56,115,101,89,134,48,129,102,31,25,69,72,119,15,94,107,127,121,91,6,126,49,96,80,83,27,2,61,40,44,128,5,10,108,116,36,97,47,28,58,24,54,99,65,52,17,66,23,3,88,4,132,111,63,60,42,75,106,125,117,13,122,82,81,16,45,1,21,7,78,104,64,105,84,118,18,14,85,39,98,110,93,114,41,123,86,87,35,70,100,11,38,59,76,62,135,131,130,79,9,26,37,112,95,57,50,67,120,51,124,77,90,103,68,74,73,34,12,133,30,46,71,8,43,109,19,53,22,20,113,55,32,33,92,29,0
4,6
53,41,72,110,49,85,77,40,97,3,112,91,56,4,82,5,101,22,130,62,66,6,115,103,126,7,104,30,36,116,73,51,127,52,17,109,71,8,39,98,33,74,59,18,44,79,67,75,14,45,57,24,61,54,0,60,42,27,9,89,29,92,133,68,113,21,46,70,15,100,1,48,131,117,95,96,58,120,121,105,31,80,78,35,88,86,11,94,129,25,55,125,32,106,19,20,123,76,102,50,128,38,83,99,93,107,87,132,10,63,34,43,47,65,81,64,69,84,28,108,119,2,37,134,122,111,12,124,23,26,118,13,135,114,16,90
5,1
31,41,70,134,38,80,94,109,7,0,93,66,15,34,27,53,65,101,77,63,78,108,73,115,35,2,55,45,39,28,64,71,68,125,97,52,92,20,62,120,61,32,123,14,46,85,121,135,33,22,56,1,129,23,54,76,91,86,107,102,81,75,110,26,69,48,40,82,116,6,8,98,103,18,105,25,133,122,79,84,9,126,88,130,60,10,96,37,106,17,132,11,95,51,124,99,3,89,29,118,117,83,16,50,74,12,114,127,5,36,21,30,43,19,87,57,131,100,49,113,44,58,112,42,111,59,119,72,104,90,13,4,128,47,24,67
3,3
