78,76,100,115,135,109,122,3,81,113,49,23,57,86,56,120,0,126,95,5,104,39,124,62,29,50,103,111,94,45,30,118,24,90,41,6,106,60,54,31,101,102,42,63,133,123,134,27,43,61,13,51,59,70,34,10,132,55,20,79,110,44,128,1,7,17,82,21,117,72,88,47,107,116,121,25,48,2,36,32,129,11,68,87,71,14,38,112,58,65,131,92,64,127,22,15,16,99,97,66,84,80,8,69,33,85,67,40,75,105,125,74,98,83,96,37,52,53,28,73,19,12,93,89,108,9,114,46,119,18,35,77,91,26,130,4
6,1
110,89,29,96,41,0,3,108,7,25,39,115,48,14,75,27,56,69,81,4,133,35,114,63,99,121,38,102,61,58,95,49,91,103,113,18,116,100,37,59,83,6,131,67,28,13,82,71,119,20,44,77,1,135,87,47,26,19,126,22,31,125,92,134,129,109,66,97,2,70,15,88,55,5,43,62,45,64,118,79,54,50,60,65,120,21,128,132,122,40,8,105,68,130,42,51,16,10,76,80,24,106,36,124,127,73,86,85,94,9,30,12,93,123,107,52,53,46,32,84,33,90,17,57,78,72,104,34,112,111,23,98,101,117,11,74
2,1
24,103,12,3,34,17,72,114,31,71,83,111,99,115,122,129,93,133,62,101,69,104,43,131,120,63,80,134,73,109,14,132,105,68,127,46,9,11,2,36,7,42,1,123,49,70,78,118,126,66,100,21,19,47,112,85,38,119,18,74,97,106,65,51,54,53,0,23,56,108,67,90,30,50,135,94,25,79,4,32,35,37,16,92,117,22,5,76,44,86,8,130,89,113,110,55,88,124,82,87,95,81,39,28,107,26,27,61,29,6,96,45,48,20,102,58,116,57,125,91,59,15,33,40,84,41,77,10,98,75,121,52,128,13,60,64
3,2
126,85,118,122,92,99,110,68,3,65,52,95,10,44,27,87,50,93,8,89,84,36,69,130,59,100,33,73,1,112,106,43,88,54,21,22,17,40,78,0,132,66,51,4,42,111,116,67,74,2,75,82,70,39,128,23,46,57,124,119,5,94,120,121,62,32,127,90,96,6,49,55,12,97,114,24,45,14,64,29,35,91,26,109,31,41,37,19,34,13,28,102,104,61,134,131,98,15,81,101,16,113,123,103,60,56,76,63,7,83,30,58,107,133,108,80,135,9,20,77,25,11,125,86,105,47,38,72,115,48,129,71,117,79,53,18
4,6
20,21,134,50,8,110,92,63,46,132,31,3,17,84,51,103,43,74,120,91,5,22,77,82,28,61,11,35,81,107,18,57,24,96,29,83,59,79,97,65,45,66,127,9,129,104,52,23,34,75,12,93,122,40,67,99,13,55,27,73,7,32,115,41,19,135,30,95,128,126,42,4,130,94,10,87,0,133,14,1,111,113,121,16,37,58,98,89,56,49,53,80,68,25,102,108,36,70,116,101,47,118,117,62,106,6,85,64,38,54,109,100,88,44,71,33,114,90,119,48,76,2,15,86,72,60,112,123,125,78,39,26,131,124,105,69
3,5
119,116,15,72,133,124,118,8,92,102,70,95,53,89,29,78,109,60,61,46,134,71,81,48,3,77,99,21,6,52,62,127,93,111,50,44,17,36,41,64,129,39,131,98,97,65,121,18,107,0,123,30,25,86,96,16,23,4,90,130,55,113,120,67,45,115,112,75,7,103,33,10,51,79,35,88,12,54,22,114,38,47,128,74,24,117,94,91,5,34,58,80,19,59,85,83,32,100,82,43,68,101,106,122,14,66,104,28,125,63,13,9,57,1,105,20,69,76,42,73,126,56,132,37,31,49,2,40,11,135,108,84,87,27,26,110
5,3
52,105,93,111,65,91,67,79,35,34,31,23,80,119,16,102,130,101,112,129,118,124,40,6,25,114,62,14,19,133,69,7,10,128,41,104,86,56,109,75,97,61,134,15,0,9,108,50,42,116,127,33,94,83,132,28,3,21,13,66,87,57,92,77,37,5,18,78,29,81,39,120,123,60,32,71,106,63,117,98,76,59,103,11,74,20,85,122,1,84,95,125,100,8,88,24,17,4,126,82,107,49,26,12,53,51,121,45,64,46,44,72,55,48,30,131,2,113,110,43,90,68,58,96,22,89,115,36,99,47,54,73,27,38,135,70
3,6
38,116,73,95,21,119,74,104,22,75,49,5,91,100,63,115,70,61,94,27,81,46,47,23,89,109,124,13,14,40,121,128,7,127,123,12,20,134,53,3,2,32,76,120,28,58,129,66,48,86,62,108,6,36,118,55,110,98,107,30,29,72,24,39,54,64,97,79,103,57,17,33,11,131,111,83,112,90,0,85,114,19,52,59,68,65,34,88,113,9,135,42,126,117,37,80,43,82,50,41,56,8,77,26,106,44,45,102,99,31,15,78,1,51,92,4,122,67,60,18,10,130,25,35,133,96,93,125,84,69,132,101,87,71,105,16
2,2
73,2,62,124,98,26,40,56,119,86,99,12,81,71,46,135,59,64,45,83,113,79,72,17,106,109,104,88,131,130,47,3,125,77,122,69,14,126,117,103,82,78,128,31,108,87,100,24,129,6,16,8,89,50,58,53,134,121,110,5,33,115,20,107,84,27,114,9,75,133,0,76,1,41,70,23,74,67,15,123,52,55,112,93,94,30,54,102,44,57,48,21,118,111,60,32,96,10,37,35,11,43,38,63,132,65,13,4,101,39,66,7,68,97,61,95,90,91,42,28,120,25,19,80,36,22,85,127,116,29,51,105,34,49,18,92
4,2
12,58,119,91,29,68,121,104,3,118,112,132,86,40,62,0,72,41,25,113,101,17,61,105,107,97,31,53,75,99,20,96,30,42,100,4,135,8,95,47,109,69,6,24,9,63,74,13,35,78,80,82,83,56,14,60,81,15,59,130,92,123,21,66,114,50,128,89,43,44,67,76,27,120,19,36,70,28,23,71,126,94,115,85,2,16,22,7,98,124,45,127,79,39,110,64,122,26,48,34,49,134,73,103,87,46,55,131,57,54,33,111,88,77,106,108,37,84,10,129,5,125,133,116,52,38,102,18,51,32,11,117,93,1,65,90
1,1
0,25,81,71,92,109,26,32,40,50,6,101,89,54,29,77,66,13,129,87,36,90,120,59,44,10,4,107,3,88,85,106,115,57,61,96,127,119,125,24,46,56,28,84,118,33,116,69,52,27,128,78,67,9,121,95,110,86,99,104,103,124,18,34,112,5,51,17,80,83,93,2,55,132,16,94,48,62,23,64,8,7,38,37,12,91,41,73,31,47,105,111,39,68,134,21,45,58,20,114,135,102,126,49,65,22,100,72,133,60,97,108,131,70,130,15,19,98,82,42,30,43,117,53,63,122,11,35,1,14,123,76,75,79,113,74
6,1
129,59,100,79,105,89,4,118,24,22,98,76,109,31,28,13,85,63,16,20,2,66,49,104,134,26,55,91,48,29,132,94,101,40,92,82,68,77,99,15,65,133,9,57,75,71,126,64,1,112,73,46,44,122,131,0,81,125,87,21,6,113,35,32,72,95,47,17,18,106,78,115,53,42,117,19,90,38,107,62,128,111,86,8,27,114,80,5,93,102,56,43,11,23,39,119,135,58,14,103,120,123,7,30,127,130,83,33,34,124,97,54,50,96,70,45,12,88,37,61,121,41,74,3,52,67,36,25,110,116,84,69,51,10,108,60
1,2
90,19,98,27,21,67,78,40,53,88,106,100,25,57,32,4,13,52,10,77,107,47,43,3,64,41,11,1,86,2,29,133,112,108,101,119,39,7,111,110,131,93,96,12,124,35,85,61,50,126,113,75,121,94,81,26,18,65,17,60,42,44,114,70,51,99,123,135,109,92,130,71,129,83,103,68,73,16,38,8,54,49,23,36,87,28,80,132,24,72,31,55,125,79,82,127,84,15,105,14,117,122,46,62,30,91,45,95,120,5,63,22,20,104,58,134,9,102,97,48,33,0,118,69,76,37,56,116,6,59,128,89,115,34,74,66
5,2
2,127,115,75,95,44,14,47,124,119,103,110,53,30,4,12,49,94,46,39,100,107,59,6,25,86,13,91,33,43,108,15,54,26,69,102,42,27,70,87,61,84,32,126,105,11,23,29,78,73,131,135,37,63,51,0,50,57,118,81,22,120,71,106,96,21,89,90,19,134,77,48,114,125,82,52,41,128,104,24,1,18,117,129,7,60,3,88,122,121,132,9,111,65,16,38,109,56,97,80,74,123,98,68,62,64,133,58,93,83,79,92,31,10,72,101,130,40,8,55,17,67,35,5,34,76,113,85,36,116,28,99,66,112,45,20
4,1
86,120,33,113,76,68,13,10,9,126,104,22,94,134,96,108,99,111,28,109,2,106,32,128,36,44,102,51,47,83,118,40,50,35,62,0,122,17,105,54,107,84,93,14,38,88,30,48,46,31,125,74,135,66,20,7,85,26,72,124,63,58,91,25,59,21,16,39,57,131,53,71,123,3,55,80,114,119,61,69,24,49,81,42,75,89,60,82,103,43,5,130,4,19,11,110,45,23,127,15,67,70,78,121,1,117,6,101,18,77,79,34,27,90,129,8,87,100,115,92,98,112,132,116,52,133,73,56,29,97,12,41,65,64,37,95
4,5
58,64,106,23,43,115,17,15,120,7,101,62,114,1,47,112,42,118,99,38,82,8,84,54,73,104,19,95,51,80,121,29,88,105,35,25,52,123,131,68,2,56,127,100,53,57,125,111,40,90,117,69,109,30,74,71,129,122,44,77,6,5,63,70,67,75,130,89,98,31,39,66,132,14,124,32,94,72,83,33,4,110,91,76,55,135,9,10,24,133,21,0,28,85,92,119,59,16,61,97,12,60,50,3,126,96,49,27,113,34,18,11,37,103,65,108,13,26,45,116,93,48,46,107,36,41,22,79,86,81,87,78,102,128,20,134
4,3
19,122,102,125,33,7,11,93,119,128,101,34,4,45,91,68,36,95,43,84,75,66,1,46,111,76,129,70,41,74,51,123,118,22,132,40,23,17,120,25,94,117,114,86,37,116,105,92,135,59,113,13,24,96,103,69,134,42,18,30,15,121,83,67,127,81,53,62,52,38,109,107,104,39,12,54,115,71,88,90,65,63,32,26,108,28,48,50,112,44,16,3,5,49,6,27,97,133,126,130,8,131,110,89,77,98,80,72,29,20,21,55,73,56,9,124,61,10,99,78,14,35,100,58,2,60,85,106,87,64,57,0,47,79,31,82
6,6
95,101,97,48,56,71,28,23,9,58,121,31,78,46,52,3,45,1,43,120,10,42,130,127,104,108,100,126,67,55,19,24,61,29,4,62,21,103,107,12,124,51,118,30,53,37,109,54,93,117,99,41,105,112,77,16,84,135,7,5,57,22,106,102,11,132,110,13,88,96,6,111,90,92,66,44,98,75,50,36,33,65,119,27,60,73,18,82,47,81,91,76,39,74,85,86,38,113,114,128,70,26,129,35,94,2,80,64,63,20,115,72,134,14,87,49,25,83,15,0,122,8,59,17,69,40,131,123,32,79,133,68,34,125,116,89
6,4
116,19,125,88,62,25,134,48,8,18,13,56,95,111,45,120,49,15,100,4,12,41,106,37,117,44,131,59,86,71,135,81,7,60,27,76,53,121,108,104,36,61,130,43,57,1,40,112,109,55,68,75,93,83,63,110,79,122,39,74,46,105,70,126,0,91,10,99,6,90,30,47,114,98,16,127,28,20,92,97,42,80,77,38,124,3,32,66,115,128,26,21,73,84,65,123,31,11,24,113,2,87,34,50,132,103,14,5,52,129,85,35,23,69,17,78,94,101,51,96,102,54,67,118,72,22,82,107,29,58,119,133,64,9,33,89
6,2
70,74,31,104,63,59,113,15,128,125,3,123,64,56,112,58,49,53,11,20,24,71,83,131,46,61,134,18,26,114,133,97,43,87,17,102,54,73,130,19,80,60,107,81,12,9,21,66,29,48,115,129,38,77,90,41,121,93,30,55,8,92,40,79,95,84,10,25,57,68,122,50,91,124,105,16,67,1,32,72,132,34,42,35,116,76,13,127,36,98,28,37,7,33,5,47,135,117,85,118,86,69,51,62,14,94,75,44,88,100,2,99,109,89,106,78,120,103,126,22,96,52,101,4,39,0,108,65,111,6,110,82,45,27,23,119
2,5
119,1,68,65,58,90,9,36,32,18,12,121,77,131,86,94,24,128,40,35,87,111,34,59,5,104,26,48,107,60,71,38,57,39,21,70,91,16,61,118,125,19,81,4,27,114,47,15,72,64,3,53,41,46,63,83,108,51,82,76,129,98,116,105,84,97,42,7,54,126,75,69,13,37,122,134,89,23,8,49,0,133,2,17,44,45,120,73,33,78,14,85,80,30,22,113,67,130,10,101,50,74,123,112,62,99,100,92,11,95,43,110,109,135,106,117,29,52,124,55,103,93,96,56,102,132,6,20,25,31,115,88,79,66,28,127
4,6
12,127,99,38,20,68,76,51,117,82,11,104,125,130,72,46,114,8,92,86,135,32,0,83,112,115,90,100,17,121,60,62,35,73,57,7,133,19,64,54,29,55,52,48,116,70,2,47,88,98,96,79,24,56,5,110,120,16,26,132,28,65,45,23,67,14,129,41,40,31,53,22,91,21,42,101,36,134,122,4,109,103,105,49,128,43,37,69,74,111,13,27,107,25,71,108,44,102,123,81,118,61,94,34,97,75,10,39,18,1,30,80,124,106,119,89,15,59,85,84,6,50,66,77,58,9,126,95,87,131,33,78,63,93,113,3
1,6
73,8,2,87,9,96,100,102,22,120,113,53,56,119,135,34,76,72,31,16,13,109,54,90,83,92,1,58,10,91,106,126,21,93,44,69,63,46,26,127,114,5,116,67,112,125,104,24,20,64,52,14,6,60,103,7,84,71,49,111,85,78,59,79,81,0,99,105,17,108,74,97,40,122,15,68,37,129,27,61,82,41,38,32,98,55,43,48,88,124,39,121,128,51,62,107,130,123,30,117,4,12,132,25,101,95,66,94,23,118,86,50,70,89,133,36,131,57,35,80,29,3,18,45,77,65,134,19,28,11,33,75,47,110,42,115
4,1
80,117,46,105,120,92,127,110,25,75,62,83,122,0,41,17,102,1,116,97,78,68,118,16,12,48,4,3,93,9,31,63,53,104,72,58,88,6,36,13,60,125,23,81,94,124,95,20,96,34,45,109,89,126,35,21,115,113,32,15,71,7,98,37,33,130,55,28,133,50,76,54,47,51,69,26,135,29,134,30,65,44,100,66,74,128,119,67,111,106,77,129,131,87,14,90,114,8,19,56,99,64,24,11,132,107,27,108,57,70,121,49,18,38,22,91,103,86,42,10,2,79,112,73,61,52,101,123,43,82,5,59,85,84,39,40
3,4
45,17,98,76,3,83,8,88,92,59,126,25,4,14,100,55,118,79,91,56,49,114,112,11,42,58,6,10,57,64,75,117,0,12,103,122,125,34,47,33,74,70,109,94,41,73,27,82,110,106,37,22,1,69,28,78,121,66,133,20,130,124,93,128,120,40,39,46,26,111,135,97,52,2,23,115,29,15,105,9,38,131,129,30,18,108,127,77,96,19,87,7,89,60,31,102,36,48,21,95,107,101,54,32,51,67,123,63,85,132,16,65,5,24,50,44,99,113,104,53,90,68,86,81,84,119,43,35,72,62,71,80,116,13,134,61
6,5
89,14,84,39,54,51,69,94,129,115,67,107,70,8,29,130,65,120,103,66,114,122,74,117,4,118,86,102,97,42,58,47,38,133,104,79,93,116,112,126,108,36,49,57,33,18,105,23,12,60,77,53,92,119,61,13,111,72,59,76,35,52,121,75,7,31,127,15,90,16,124,40,101,22,125,135,48,56,30,87,11,50,27,20,71,99,98,32,9,0,128,73,80,44,17,28,81,46,82,88,91,3,34,1,64,96,123,19,85,83,62,106,68,37,10,131,26,5,109,78,2,6,100,134,25,41,24,63,110,95,43,132,45,21,55,113
3,4
69,91,45,46,12,52,33,110,124,32,100,77,106,135,117,111,38,31,61,112,76,68,18,53,121,128,8,118,34,127,115,17,15,84,114,16,44,79,49,126,120,73,82,107,51,20,65,102,89,5,25,113,13,19,48,2,40,104,4,55,67,78,130,133,96,71,86,70,64,11,30,93,83,108,35,43,26,75,27,98,62,1,63,21,101,3,72,123,22,116,0,24,7,6,23,119,57,92,41,81,122,105,14,28,109,80,59,132,39,94,125,60,9,54,85,29,58,103,36,90,134,66,88,129,74,99,10,56,37,97,50,95,87,131,47,42
4,6
2,76,29,115,129,18,85,10,117,6,24,135,72,73,51,80,17,28,101,15,63,74,39,119,105,20,7,40,49,130,122,21,32,94,25,47,27,3,81,0,71,98,38,134,82,55,70,16,88,106,77,59,9,116,89,128,45,5,57,87,121,66,92,67,75,100,103,48,111,110,124,112,52,44,86,50,12,58,113,31,37,125,62,68,83,132,46,107,96,126,41,127,133,102,36,118,13,4,120,60,56,33,109,69,91,42,1,23,19,35,34,123,14,26,8,65,64,131,79,97,54,104,11,90,93,114,108,78,30,61,95,53,84,43,22,99
2,4
125,82,124,43,92,94,57,111,110,39,53,15,56,35,63,76,83,40,99,14,62,105,0,65,101,51,113,108,61,37,46,95,67,13,12,29,131,45,119,103,59,5,50,49,98,116,104,100,6,117,27,4,25,52,68,44,19,118,2,126,60,121,112,28,21,130,120,127,97,8,55,48,31,1,33,38,72,9,42,18,107,73,80,30,77,47,22,64,135,115,23,89,90,81,87,114,96,88,69,16,11,20,93,122,66,32,74,3,70,129,58,132,7,41,84,17,102,78,86,71,10,106,133,54,123,109,91,26,134,24,79,85,34,75,36,128
3,4
31,27,80,25,16,134,23,32,11,121,135,59,26,97,24,120,42,61,99,102,114,21,18,129,56,75,20,48,113,92,82,108,96,112,49,55,8,103,90,83,1,101,85,44,62,84,89,72,117,29,74,7,38,133,127,104,73,93,88,79,131,81,41,63,33,67,123,30,19,100,71,45,66,98,115,39,0,77,64,9,47,106,5,69,128,130,107,36,12,35,122,58,6,34,43,10,14,95,105,52,54,70,53,65,51,110,87,68,116,91,2,109,22,50,28,76,126,15,13,86,40,94,124,119,46,3,60,118,78,17,4,111,132,125,37,57
1,1
52,48,133,30,68,37,43,71,33,0,112,118,74,51,7,80,94,92,124,13,98,55,76,26,89,61,41,20,29,6,54,109,102,28,110,59,25,53,106,79,113,90,42,84,63,127,87,85,8,107,62,72,116,56,16,126,11,45,21,9,108,57,88,91,99,70,64,4,117,58,24,27,75,105,1,111,119,96,77,65,35,15,10,130,86,44,82,134,46,123,101,2,22,34,47,115,32,39,60,36,23,81,18,128,121,5,114,97,125,69,93,67,12,38,78,17,73,95,122,31,100,103,50,14,49,3,83,40,132,131,19,66,120,129,104,135
4,6
122,72,23,44,96,84,35,3,107,4,40,20,30,100,22,125,32,120,55,117,81,47,74,42,79,92,43,0,115,118,39,89,134,130,110,37,57,83,127,119,64,56,87,2,21,105,51,67,31,101,17,26,77,113,18,99,124,58,126,133,48,111,14,85,6,34,123,94,104,82,63,8,70,135,73,97,28,41,90,132,24,7,98,29,54,61,71,128,116,5,25,91,15,69,52,45,10,75,102,49,68,46,36,11,38,27,109,60,86,19,88,121,80,93,103,13,112,9,59,131,62,53,12,76,16,65,106,114,108,129,66,78,1,95,33,50
5,2
61,13,107,55,19,116,56,104,96,41,127,29,118,14,17,67,131,128,126,123,70,130,73,21,89,114,94,87,117,5,90,51,36,63,122,111,85,10,84,124,81,43,88,15,78,108,86,26,62,45,72,91,76,119,74,33,40,133,125,42,49,52,60,20,97,59,37,120,99,16,31,66,24,100,106,22,132,134,135,12,98,83,129,7,115,44,18,6,101,92,4,112,2,35,64,27,39,103,34,53,69,30,71,9,25,102,113,47,23,77,109,11,28,105,79,110,8,50,3,38,46,32,0,93,54,121,58,82,65,57,75,68,1,95,80,48
3,6
7,40,86,70,78,131,115,9,98,62,99,68,77,41,126,75,50,129,57,12,108,76,133,82,124,55,69,84,118,22,66,54,97,130,43,15,17,48,73,96,93,53,81,27,122,19,95,109,4,26,103,21,20,128,135,56,105,110,24,94,11,113,30,88,87,45,49,33,42,29,37,38,18,120,32,51,106,5,8,28,104,80,123,64,90,117,114,3,132,107,112,46,125,59,79,34,102,0,39,91,119,13,14,72,23,47,36,44,101,89,6,67,100,83,121,60,52,35,63,134,74,1,116,127,65,10,111,61,25,2,71,85,92,16,58,31
4,3
132,42,78,45,129,27,131,61,44,99,133,115,103,19,79,22,51,128,117,73,98,40,100,18,37,86,8,77,25,7,0,125,26,119,12,130,112,20,111,113,87,97,23,24,76,65,107,4,122,91,114,16,63,83,56,58,3,13,5,35,95,109,84,90,2,21,14,72,29,28,11,17,121,66,48,104,116,49,134,64,9,34,38,6,31,32,55,81,43,71,54,126,118,36,124,53,62,59,30,74,50,60,47,69,88,89,127,135,108,92,15,85,106,10,1,93,96,82,75,33,120,110,105,70,68,67,41,57,39,46,80,123,94,101,52,102
4,6
38,108,33,35,115,23,70,104,60,42,3,80,128,29,25,28,48,26,98,66,45,41,87,106,1,84,89,125,122,120,37,11,92,59,9,99,124,129,109,53,34,79,32,119,54,131,67,68,52,56,85,81,77,14,72,103,31,50,7,19,83,100,112,20,117,76,113,97,4,93,105,6,44,78,116,24,102,51,27,114,91,10,71,74,94,133,2,132,61,110,30,101,63,12,46,21,16,5,40,62,65,22,18,43,36,118,86,39,75,127,58,123,57,135,134,55,69,126,0,73,107,111,90,49,130,95,8,64,121,82,15,96,47,13,88,17
2,6
102,63,29,103,75,35,106,22,56,124,134,126,21,90,107,82,7,32,69,9,117,38,50,10,81,16,31,79,135,128,76,87,1,52,15,123,6,114,74,129,95,130,96,39,59,97,8,58,72,77,12,62,48,94,104,121,43,131,46,105,115,28,33,109,53,40,110,26,30,24,41,70,99,45,112,67,133,4,122,100,93,3,78,83,73,88,60,127,0,19,11,27,92,25,111,66,84,20,120,116,37,34,61,55,89,23,5,132,17,118,44,13,86,42,98,71,51,64,113,119,54,80,101,85,2,91,125,36,108,18,14,68,57,47,49,65
3,1
79,126,59,120,83,68,91,29,99,87,7,45,108,115,110,14,0,135,10,76,122,127,111,37,94,84,25,12,82,11,19,81,28,69,95,98,101,64,78,97,124,54,89,4,38,24,50,61,67,1,92,109,44,130,104,36,117,47,22,65,86,73,63,70,57,51,128,21,131,26,113,72,40,105,106,100,112,116,74,102,123,88,125,39,56,93,17,48,121,30,103,9,35,46,119,23,80,18,2,114,27,5,129,31,107,55,53,6,3,134,33,118,62,71,43,8,75,52,58,66,77,13,42,32,60,85,90,41,34,132,15,49,133,96,20,16
4,2
104,100,53,121,83,75,22,68,56,24,128,69,51,77,130,82,42,28,101,11,93,90,106,119,84,63,19,39,118,114,125,76,6,35,61,4,107,16,85,34,123,45,7,26,49,60,94,126,3,97,65,70,52,25,32,108,102,2,43,96,71,81,122,59,48,47,13,8,50,10,133,120,103,64,98,67,110,111,62,17,20,113,30,129,57,55,29,124,87,72,1,73,74,95,37,0,132,40,41,92,5,134,91,117,31,46,54,36,15,79,116,78,14,88,33,112,58,23,27,9,21,127,66,109,38,105,18,99,44,115,80,131,135,89,12,86
5,1
79,63,48,111,43,18,80,45,15,112,29,133,98,70,34,66,59,19,128,35,24,105,102,75,123,107,90,120,50,73,84,78,108,91,4,40,115,44,109,8,69,81,87,53,110,49,134,52,20,56,74,46,37,17,9,89,51,67,106,104,96,72,60,36,11,64,3,30,23,33,27,118,71,55,28,130,6,21,95,47,2,68,31,26,16,100,7,122,61,121,12,39,135,119,117,116,76,62,124,94,13,86,38,32,101,25,65,0,88,85,10,125,103,5,42,57,83,97,131,1,22,54,41,114,132,58,99,14,92,93,113,129,127,77,82,126
3,1
100,85,66,44,10,24,125,22,116,34,27,133,101,129,28,45,39,84,105,7,128,106,54,91,37,57,83,71,65,53,15,94,29,103,132,58,16,121,20,118,0,19,6,14,113,48,127,43,69,111,98,51,61,81,17,47,104,5,114,59,2,131,62,88,42,38,36,1,26,112,74,3,80,92,89,117,49,115,134,126,77,35,76,109,21,79,23,41,96,95,52,87,63,102,107,86,18,70,120,46,30,75,60,13,11,99,25,97,12,33,78,93,122,8,40,123,50,119,68,67,9,72,32,31,64,55,108,4,90,56,135,82,130,73,124,110
3,1
50,46,42,41,114,102,7,5,68,128,4,87,48,19,119,23,56,53,16,101,45,132,65,32,110,70,20,35,55,82,47,10,126,72,22,96,17,117,73,107,11,97,134,83,74,3,98,91,18,77,130,123,51,66,89,61,27,43,93,21,34,40,71,76,81,2,59,100,60,31,104,99,135,85,54,79,39,1,111,38,44,129,88,90,124,64,36,62,49,103,24,8,95,92,116,28,33,122,75,115,118,78,106,57,29,105,37,63,25,67,86,120,113,80,133,58,6,0,69,127,109,52,112,84,15,125,121,12,131,9,13,30,94,14,26,108
2,3
131,111,67,135,74,39,81,40,54,1,108,79,121,17,44,112,96,50,38,119,61,11,55,7,87,64,70,83,16,63,129,102,113,56,94,36,5,59,24,77,132,116,20,86,124,101,128,4,68,43,109,91,10,84,65,19,58,122,48,60,25,3,8,105,71,80,107,82,47,12,0,85,22,127,30,125,49,118,34,52,51,45,130,2,100,104,89,115,42,106,28,33,21,117,99,15,110,93,76,123,57,46,134,18,32,66,31,69,62,29,23,41,97,90,88,6,27,53,14,35,75,120,98,78,72,26,133,73,92,37,95,13,114,9,103,126
6,2
100,102,1,46,10,84,21,74,97,67,134,114,120,73,54,104,56,40,69,31,110,105,42,17,27,130,68,11,39,85,123,53,45,86,37,3,35,82,66,22,95,36,109,19,103,15,62,121,60,75,126,131,25,117,133,23,4,94,32,99,88,6,108,81,113,29,115,98,112,50,128,77,70,12,93,119,33,65,78,34,135,26,24,58,122,13,106,30,89,57,96,20,118,51,14,38,55,64,116,16,0,76,127,2,91,71,63,129,90,9,59,111,92,28,107,125,132,48,18,44,61,124,80,101,79,49,5,8,7,41,83,72,43,87,52,47
5,6
128,99,51,41,101,103,96,58,24,102,90,130,56,38,129,107,37,81,116,98,95,35,15,112,106,32,20,72,43,63,73,88,91,19,42,111,2,60,22,83,61,44,4,18,39,59,123,89,127,27,124,54,104,87,29,69,82,53,119,76,66,0,6,52,122,84,50,115,93,77,28,11,45,117,48,12,85,33,3,70,14,132,26,74,55,40,49,17,30,126,7,5,13,68,46,75,62,100,67,105,114,86,36,110,21,1,134,92,78,8,97,125,65,94,31,23,79,118,108,47,131,9,120,16,135,121,10,64,80,71,34,113,25,57,133,109
4,2
38,16,75,77,101,41,79,9,109,6,60,111,11,120,30,117,48,20,94,66,7,78,5,29,103,58,10,57,8,76,62,91,96,3,97,50,13,21,129,26,84,64,59,49,131,53,67,132,37,126,106,70,87,51,14,61,31,128,116,93,19,127,44,54,32,18,35,72,28,52,4,100,40,39,36,102,56,99,15,2,118,25,98,42,27,71,108,123,23,134,43,110,125,47,82,122,55,68,33,89,133,121,46,107,73,113,86,130,88,112,17,83,115,114,95,1,104,69,135,45,124,22,0,12,90,74,34,80,81,63,24,85,119,65,105,92
5,6
16,77,35,58,66,1,123,42,88,61,40,2,132,47,11,8,120,104,102,76,94,10,55,107,30,67,92,89,86,130,20,91,28,50,78,48,24,53,115,27,127,26,72,15,134,83,113,128,0,3,100,74,41,38,126,101,97,82,12,36,90,7,49,46,60,14,85,9,32,19,59,65,63,29,114,129,18,103,31,54,84,62,37,99,119,21,109,52,75,22,33,39,111,5,45,122,121,23,87,116,118,133,95,69,4,56,68,17,80,43,106,96,44,81,73,108,110,135,57,25,124,64,79,117,125,13,70,131,98,6,51,93,112,34,105,71
2,3
19,92,76,53,6,28,98,81,37,27,22,9,34,101,120,62,59,38,56,87,117,63,50,125,133,32,77,31,121,96,83,18,29,131,23,60,85,69,39,104,58,94,79,1,21,17,93,89,45,61,84,25,5,115,3,110,13,26,78,106,88,126,116,2,135,128,111,74,68,46,24,65,114,10,40,95,66,20,8,67,30,127,113,109,52,130,123,73,54,112,107,122,91,41,97,4,70,43,108,48,124,44,49,103,55,119,16,105,42,132,82,118,72,15,64,129,36,75,11,71,7,35,14,12,99,33,47,80,51,100,134,90,57,86,102,0
1,6
127,64,82,119,3,123,99,88,14,71,114,132,77,125,133,76,109,98,121,80,39,44,25,84,52,47,83,102,79,106,67,59,117,97,60,20,86,122,34,13,40,128,81,27,130,31,10,55,107,66,21,15,38,54,116,90,87,135,92,45,110,134,68,46,26,29,75,56,9,62,94,53,129,91,61,126,73,2,43,58,4,37,108,8,69,19,89,6,1,120,103,33,30,35,118,57,74,11,0,100,105,36,93,51,28,7,113,32,131,22,78,24,85,17,111,95,101,65,104,49,41,63,115,112,50,18,72,16,5,42,23,48,96,12,70,124
6,5
82,74,61,107,72,65,71,44,100,66,28,16,78,84,131,4,6,17,91,63,123,118,101,53,39,77,59,73,106,132,67,76,35,88,70,58,121,117,3,46,120,45,14,109,64,51,0,60,9,54,75,47,37,21,112,94,27,32,79,43,68,116,7,105,98,52,10,20,125,41,26,29,57,92,81,95,56,133,12,19,42,15,22,96,102,89,55,23,108,86,90,127,135,93,97,2,119,103,62,128,49,1,111,80,83,110,115,130,124,24,5,38,126,40,122,85,34,50,87,30,134,99,13,33,25,129,31,11,114,69,18,8,113,36,48,104
5,5
40,8,107,86,103,88,124,129,83,67,123,71,17,35,100,133,75,18,84,81,68,109,58,26,49,105,36,96,90,72,15,48,64,98,62,38,46,31,1,14,122,65,118,102,87,19,78,56,73,23,114,99,127,0,13,45,111,117,108,76,80,89,101,74,16,93,79,43,10,120,131,110,82,104,51,66,91,95,37,28,59,128,113,50,7,20,130,57,34,70,53,41,33,125,3,32,12,92,106,126,97,11,5,119,29,94,116,77,63,42,132,135,25,134,9,112,30,52,121,6,55,22,69,44,4,27,61,39,60,2,85,54,21,47,24,115
1,2
78,77,101,18,1,8,4,117,41,70,67,86,64,94,80,50,112,9,32,121,84,127,59,65,26,89,44,25,11,13,46,96,82,104,95,134,68,133,3,35,48,132,110,60,38,116,63,126,74,90,36,76,99,85,49,131,22,119,114,52,56,21,135,122,16,40,62,102,55,93,20,51,37,61,124,75,5,128,10,30,71,23,107,45,113,87,103,125,83,118,120,34,129,123,39,24,19,33,81,54,14,6,88,43,115,28,66,47,106,111,100,0,42,97,15,98,109,79,29,53,31,7,57,72,130,92,69,17,73,91,58,108,105,12,27,2
1,4
110,120,68,0,130,106,63,1,56,128,132,59,10,21,61,66,113,121,3,84,16,28,87,50,72,114,31,32,81,107,34,97,112,82,30,67,37,127,85,20,13,117,38,131,42,23,2,101,78,118,77,41,64,116,17,35,15,108,9,93,8,79,126,80,124,55,133,40,92,7,95,53,65,29,103,33,62,129,24,25,52,5,48,104,11,83,58,43,45,39,19,51,6,90,57,73,75,123,26,111,135,86,60,96,109,44,122,22,36,70,134,14,89,71,76,4,119,18,27,102,98,91,100,94,88,54,115,47,12,74,125,49,105,99,69,46
5,1
50,2,87,13,116,43,44,19,18,7,3,35,27,32,102,8,85,71,122,42,30,92,10,45,78,135,4,111,84,105,52,107,1,99,106,66,15,74,114,55,127,130,90,79,112,109,124,65,38,61,101,115,83,49,76,108,26,68,117,48,5,28,51,54,88,62,120,12,75,119,41,134,72,20,121,96,113,31,14,40,70,57,133,126,22,103,93,39,67,73,56,63,98,81,118,89,21,0,29,16,46,97,110,100,24,129,47,37,123,60,94,64,95,82,104,17,53,128,34,125,23,36,80,69,11,9,91,58,132,6,25,131,33,59,86,77
2,6
50,19,119,4,97,88,25,22,79,33,93,5,115,57,7,55,8,126,94,11,82,123,113,21,122,63,30,18,81,62,41,85,52,95,42,3,131,46,20,1,124,45,125,90,120,104,100,89,49,59,127,130,128,68,87,60,70,96,76,53,14,43,29,26,47,39,51,40,91,38,35,112,15,9,36,16,106,109,24,92,75,134,132,133,99,118,69,114,2,101,17,110,6,83,23,37,80,111,117,78,84,121,0,28,61,13,77,27,116,107,86,12,48,102,66,58,54,72,34,74,103,129,135,108,31,56,64,71,65,67,10,32,44,73,105,98
6,2
57,48,31,0,11,25,116,67,54,91,90,129,32,135,93,49,62,47,84,10,123,28,69,29,75,22,94,12,30,77,53,86,26,35,133,58,33,27,4,65,21,83,109,19,56,110,71,79,89,111,119,34,97,98,40,6,9,134,24,104,128,107,126,80,131,15,7,132,2,74,103,88,120,66,13,72,81,122,101,46,20,55,38,114,70,42,8,108,102,17,59,68,3,130,37,73,106,52,50,95,85,124,63,87,100,23,43,39,14,41,1,61,82,18,125,112,113,99,64,127,115,36,78,117,105,44,5,16,60,121,76,51,92,118,96,45
3,4
120,128,32,106,1,87,43,42,85,10,63,129,12,118,72,79,103,110,13,132,40,77,116,89,48,80,65,97,9,124,66,111,96,125,86,46,16,37,55,47,7,22,0,20,58,31,8,34,45,78,122,105,21,44,117,64,133,24,75,131,98,67,18,90,28,57,135,74,102,6,92,38,76,15,104,14,53,23,30,107,127,93,59,19,39,95,99,49,94,33,114,83,119,69,82,84,5,130,108,54,91,101,123,112,29,100,121,4,56,41,35,113,62,52,126,88,25,71,109,26,11,70,50,51,68,17,73,60,3,134,81,27,61,115,2,36
4,4
39,127,106,80,92,131,14,36,99,75,3,66,51,112,120,28,56,81,115,63,46,110,114,105,12,101,43,21,69,11,79,129,48,73,10,27,29,135,40,19,47,128,60,1,82,86,70,133,2,76,65,61,24,94,13,23,64,15,130,34,74,5,17,35,109,18,123,53,52,8,67,108,44,26,88,71,58,55,98,22,20,49,25,77,45,117,9,122,91,87,93,16,7,59,113,119,83,90,54,96,6,38,33,72,102,126,124,116,62,37,57,85,78,118,0,68,103,31,41,134,121,42,100,132,111,89,50,4,84,104,32,107,125,30,95,97
4,6
80,124,120,106,29,21,0,41,116,113,33,31,101,34,10,27,11,73,111,82,53,99,36,126,18,19,125,130,135,8,123,59,98,90,131,74,110,95,40,3,42,104,51,115,67,45,86,38,109,92,68,58,70,85,25,39,6,77,114,2,56,64,12,14,134,79,35,127,71,105,76,7,66,87,78,61,30,118,47,46,112,1,62,128,102,37,49,94,52,22,57,5,122,9,117,133,16,20,107,44,81,96,88,4,129,132,93,48,65,32,26,97,119,91,108,84,24,13,28,23,60,55,89,63,17,54,69,43,50,121,15,75,72,103,100,83
3,6
26,3,7,103,15,70,84,96,19,75,41,106,8,119,35,113,111,60,9,42,72,125,4,130,61,92,50,66,1,107,99,28,14,83,49,82,10,95,97,108,93,16,23,126,79,0,29,38,32,67,122,58,37,131,62,47,80,128,53,48,105,13,2,57,133,117,85,124,31,5,71,40,91,86,129,12,123,54,6,69,115,104,39,100,121,135,73,118,24,25,116,22,94,76,78,21,52,132,46,56,11,98,88,59,34,87,27,64,17,81,109,55,18,74,120,33,114,127,101,134,30,68,20,112,43,65,51,77,45,36,89,110,44,102,90,63
4,5
80,44,4,29,9,21,71,58,1,38,91,18,30,16,125,87,133,86,25,121,79,111,117,14,99,85,97,6,112,88,128,120,37,55,43,61,8,52,53,89,39,105,83,12,2,119,107,41,94,103,40,31,0,126,101,48,13,42,82,11,78,20,63,28,46,15,109,65,108,34,57,76,59,69,135,27,32,84,113,22,66,74,33,129,5,26,64,96,123,73,110,81,132,50,124,118,3,72,70,104,51,127,36,56,67,24,62,68,116,131,102,75,134,19,92,10,49,130,122,77,95,45,35,23,47,90,60,98,115,17,114,7,106,54,93,100
4,4
20,117,115,9,119,72,34,53,108,102,32,131,94,17,46,25,95,105,77,128,76,31,107,28,127,4,69,51,101,112,74,104,85,52,22,110,39,2,90,43,47,64,12,92,38,93,18,19,55,134,65,89,30,42,91,56,3,8,13,78,49,15,124,106,35,14,87,130,7,29,6,67,75,132,113,23,36,10,80,45,116,98,11,50,63,122,129,37,97,123,109,135,59,60,24,70,82,26,0,103,111,96,120,33,48,44,81,61,1,21,54,73,125,133,68,99,79,57,58,118,16,40,126,100,83,86,121,5,114,27,62,88,71,41,66,84
5,1
39,119,86,36,73,74,2,5,77,23,108,97,19,112,85,30,34,75,6,88,72,61,48,113,126,67,92,41,9,106,28,1,89,120,24,20,60,80,81,26,0,49,114,4,55,124,47,118,56,58,130,105,110,42,40,95,51,29,101,65,96,104,79,62,25,31,13,115,94,133,129,14,33,116,54,76,10,93,68,52,123,99,12,69,53,16,57,82,18,132,78,87,59,64,100,3,8,32,134,91,90,15,46,98,103,127,109,63,17,131,135,84,43,50,71,128,27,107,66,102,121,7,45,117,37,35,22,111,122,38,21,125,70,11,44,83
3,5
128,38,125,88,72,14,81,65,110,70,101,59,93,103,98,10,36,119,106,83,11,0,124,135,22,122,130,134,60,84,127,44,111,114,42,71,97,126,64,9,3,19,13,54,73,49,32,131,30,4,50,18,24,118,7,12,1,52,31,55,90,89,15,26,109,58,6,33,87,108,76,78,61,57,16,112,25,41,132,120,85,68,113,34,86,95,40,115,102,66,39,67,37,107,79,47,23,91,105,17,69,129,96,104,123,35,63,82,2,62,29,48,46,20,21,92,99,28,121,80,94,43,56,117,116,74,133,53,51,5,27,45,77,8,75,100
6,4
0,53,105,78,19,6,56,89,104,7,31,67,5,87,114,26,28,107,29,122,20,128,97,34,41,38,17,50,36,131,101,49,16,12,32,44,58,123,59,54,35,65,130,21,95,99,102,24,76,14,134,94,127,77,109,10,100,86,61,91,115,132,43,120,116,106,98,111,64,93,126,9,85,22,15,3,57,37,47,92,71,27,75,23,73,108,48,74,46,84,70,72,79,4,96,121,80,39,33,83,119,25,51,2,55,52,110,133,13,69,66,60,62,124,81,129,88,103,117,18,11,8,125,68,42,90,63,1,45,112,30,135,82,113,118,40
4,2
117,120,118,98,130,99,53,92,123,126,55,101,110,17,27,116,44,39,30,18,76,56,83,79,26,125,34,100,124,85,28,59,29,70,22,63,38,94,93,10,81,50,0,77,96,105,42,1,20,71,103,129,78,135,68,25,11,24,119,80,72,114,128,89,21,121,104,108,60,35,132,122,51,37,57,102,87,32,47,61,14,67,69,88,13,131,112,134,90,111,46,3,4,12,106,107,65,52,113,36,95,97,5,91,75,41,86,62,82,43,6,54,23,84,115,127,19,2,48,133,49,109,64,74,7,16,31,58,66,8,9,73,15,45,33,40
4,4
66,84,94,7,107,62,79,52,39,77,82,22,90,65,2,3,41,120,37,46,59,20,125,67,33,43,102,25,14,75,15,111,71,0,119,98,64,105,124,49,106,23,5,109,50,134,17,45,63,73,28,116,48,72,35,13,10,74,121,19,68,44,30,92,113,128,24,80,55,122,42,29,100,56,89,101,114,76,38,87,127,36,34,96,12,60,112,86,4,51,78,88,32,115,135,93,123,69,40,54,47,131,108,26,133,83,129,126,117,21,97,110,118,58,132,31,9,130,91,81,70,61,104,95,11,18,57,99,103,53,8,85,16,27,6,1
3,3
10,36,117,49,35,53,15,119,81,14,51,94,93,95,110,75,52,67,98,108,46,109,131,11,32,12,41,64,133,126,19,23,115,55,73,60,100,130,30,24,92,107,111,87,125,9,28,31,16,88,68,59,2,40,76,90,0,50,74,20,85,128,77,4,122,105,71,29,26,69,91,101,6,112,56,18,102,42,134,17,63,44,78,97,121,65,106,118,116,38,22,5,104,45,34,61,79,8,47,37,70,96,82,114,120,54,66,89,13,1,48,132,83,72,99,127,7,129,62,43,3,58,103,80,86,25,57,123,21,33,124,27,84,113,135,39
6,6
45,12,48,120,47,59,52,56,81,92,35,123,67,83,88,55,70,65,58,122,121,86,126,103,26,64,95,129,71,19,13,22,85,133,93,53,76,127,97,1,117,69,60,102,80,114,62,43,104,54,23,15,10,118,108,3,44,61,24,84,27,17,105,39,77,29,131,124,41,38,116,107,11,112,111,101,42,66,73,99,30,134,74,33,75,28,110,36,90,4,57,106,115,0,31,79,14,135,68,113,37,96,46,8,18,7,49,5,51,87,50,130,20,109,72,91,63,100,32,78,6,132,98,34,94,16,125,128,25,89,40,21,9,119,82,2
4,6
130,24,129,128,2,119,98,1,91,47,96,21,8,68,62,125,45,37,115,3,118,69,19,60,83,54,65,131,110,93,88,57,67,124,120,78,13,4,15,75,14,25,87,38,117,134,10,84,51,36,112,122,80,126,105,32,107,42,94,53,132,109,111,70,63,89,11,41,133,74,85,100,50,17,0,28,121,76,49,71,106,22,29,113,97,79,48,123,20,33,7,58,12,102,23,44,26,101,52,103,31,16,127,82,35,104,5,55,92,116,99,90,46,43,73,108,9,95,81,18,59,6,135,56,30,34,61,64,66,114,39,27,86,72,77,40
1,6
23,51,8,72,128,52,45,119,12,58,26,100,113,42,49,9,75,130,103,116,16,24,36,19,7,56,80,135,79,64,87,1,91,111,13,38,134,10,82,3,28,6,83,77,47,123,120,66,89,50,95,39,29,127,133,60,76,25,96,41,69,122,106,57,67,132,17,21,86,71,18,126,27,62,81,78,125,105,30,107,37,63,110,33,5,65,74,97,131,55,43,108,70,53,109,99,46,124,115,35,20,101,117,59,14,40,104,54,94,32,129,118,102,0,90,114,98,84,121,85,73,15,31,2,61,4,22,88,92,48,11,93,44,68,34,112
3,4
133,2,74,70,93,31,4,80,30,55,120,119,97,102,116,66,47,17,5,81,88,84,89,43,24,105,46,33,6,16,27,38,63,101,79,78,23,129,0,57,37,67,107,58,56,87,112,135,73,118,10,52,69,48,65,131,86,100,77,60,50,108,29,68,9,40,124,126,82,36,18,132,39,42,128,94,90,1,14,51,71,127,92,91,62,72,110,109,61,122,13,8,106,121,15,114,53,22,117,76,125,3,49,95,19,113,28,7,44,85,34,64,20,130,98,75,115,99,54,41,11,123,104,21,96,12,26,32,45,134,83,103,35,25,59,111
5,3
73,15,115,64,117,61,127,56,53,7,74,83,70,31,48,4,38,129,19,111,25,81,99,123,51,106,116,124,67,17,125,30,42,113,121,5,98,72,66,18,80,93,102,97,24,6,28,29,132,13,126,88,23,76,96,75,105,35,108,39,133,82,85,33,91,22,34,101,134,77,36,112,92,12,120,50,2,11,3,21,79,10,40,62,114,45,41,49,37,63,94,89,44,103,78,104,1,90,60,87,71,118,27,110,26,131,57,130,14,8,135,43,59,86,54,68,52,20,9,58,46,65,107,122,100,95,84,16,69,55,119,47,0,109,32,128
5,3
73,132,50,24,89,82,3,84,117,57,126,37,38,111,27,9,8,105,53,6,93,90,74,64,67,21,120,55,63,99,83,113,88,80,43,92,121,71,72,77,41,7,58,20,40,118,25,79,2,125,103,42,129,1,115,106,60,124,128,10,108,0,39,81,75,127,85,109,101,52,94,130,47,69,11,49,112,45,98,4,31,78,87,17,76,114,116,122,110,29,13,23,133,95,97,30,33,5,104,51,91,131,119,26,96,36,28,123,54,15,102,56,48,22,14,135,86,134,16,19,66,12,59,65,46,70,107,44,18,35,61,34,68,62,32,100
4,1
32,57,96,113,61,90,119,30,19,102,25,79,63,109,47,64,124,85,126,135,91,23,41,104,35,52,130,87,72,101,15,78,9,115,42,28,117,46,89,45,81,17,122,40,10,2,121,116,133,114,99,60,54,29,77,20,131,83,13,108,53,100,98,51,37,70,134,39,65,8,103,18,14,95,55,94,123,5,7,84,6,71,86,69,34,26,48,59,82,125,80,22,110,27,111,1,4,68,75,127,118,88,36,74,132,49,38,33,112,56,16,44,97,76,120,62,106,66,67,3,73,43,93,31,128,0,50,24,92,21,11,129,58,12,107,105
1,3
59,92,12,80,134,67,91,54,58,82,64,100,1,102,51,71,50,4,81,94,40,30,106,78,90,83,8,20,74,29,11,34,135,79,23,17,52,2,0,31,111,62,109,127,110,14,57,24,10,44,45,9,22,112,114,61,27,16,68,125,104,126,70,98,48,121,19,123,76,28,120,116,119,26,131,41,3,18,122,65,35,6,43,113,86,103,69,124,7,38,32,88,118,95,108,53,60,33,13,47,99,66,129,46,5,37,97,21,15,93,128,132,101,85,77,84,115,117,87,55,56,25,96,42,75,133,107,49,72,36,63,73,89,130,105,39
5,5
65,123,114,6,76,41,33,23,44,67,64,51,28,35,0,69,52,103,75,9,18,98,77,66,1,91,86,85,101,56,104,112,38,84,92,26,78,100,34,120,111,79,61,81,97,128,25,95,16,54,113,22,102,39,63,121,31,32,72,108,37,124,12,21,19,29,106,116,118,15,27,24,5,119,11,82,94,127,130,73,3,8,135,125,13,68,20,83,70,53,93,2,131,10,90,88,4,134,117,109,59,46,42,122,58,87,17,14,36,50,80,55,126,62,30,43,129,96,132,49,133,89,60,99,74,48,105,110,7,71,40,115,57,45,107,47
5,1
41,15,60,6,23,75,123,0,47,43,45,83,3,127,111,20,8,5,10,104,82,122,44,63,38,9,80,74,12,98,26,97,102,126,119,30,84,53,22,116,52,51,124,105,28,2,81,34,57,109,113,50,94,76,89,88,131,135,130,29,96,66,40,24,11,106,33,68,14,16,128,56,90,100,61,21,17,114,1,78,85,91,48,62,120,36,19,39,13,132,32,72,112,79,133,7,86,46,25,27,59,93,42,70,4,103,67,118,134,71,65,129,55,77,37,110,115,99,101,73,92,107,87,95,49,64,117,108,58,18,54,125,31,121,69,35
1,5
127,65,102,39,2,20,22,95,3,106,18,115,93,125,8,84,92,12,57,21,31,105,90,48,16,42,10,15,112,101,133,104,111,83,66,134,116,53,74,37,117,79,109,130,75,32,24,108,86,23,35,9,94,119,62,30,26,89,91,97,123,56,61,40,100,36,44,33,82,131,52,120,72,28,98,107,50,99,43,118,4,45,38,6,69,70,17,132,7,13,128,87,85,96,25,63,124,81,64,78,55,68,114,54,46,67,121,113,51,59,73,41,88,77,11,80,71,1,49,135,58,103,5,60,76,34,122,126,129,19,0,14,29,27,110,47
3,1
128,76,17,69,53,29,135,64,33,112,70,72,123,54,115,38,95,60,43,65,94,102,44,13,108,41,58,129,105,84,35,82,2,52,22,119,39,96,12,20,11,16,63,77,4,120,74,26,121,132,71,118,87,15,101,32,86,90,133,31,8,56,107,7,67,130,125,61,89,99,124,83,109,51,28,91,110,97,127,47,21,117,40,78,30,50,14,57,131,134,36,126,85,111,75,34,6,104,42,93,62,9,49,103,1,19,46,0,66,113,73,92,25,5,10,98,27,114,81,68,23,48,55,106,79,100,18,116,122,24,88,37,3,45,59,80
5,6
28,57,132,59,113,115,98,67,108,66,91,74,110,60,51,103,78,5,47,85,61,88,75,120,72,12,100,122,26,77,101,71,32,65,129,22,125,79,90,123,6,48,58,114,92,43,118,130,53,131,124,87,34,9,37,42,38,127,69,31,4,44,40,19,107,0,29,35,15,41,16,23,119,97,20,104,94,89,30,128,93,83,106,86,27,134,117,73,70,45,109,24,3,95,56,1,25,133,76,17,33,135,82,68,112,49,10,80,116,52,111,50,96,84,126,121,11,13,46,55,18,62,81,2,36,99,64,8,21,105,102,39,63,54,7,14
6,5
132,46,96,79,12,82,50,27,60,38,36,33,65,124,95,31,11,97,16,77,100,54,112,80,126,53,44,8,21,91,37,74,67,92,59,135,39,122,117,84,58,123,17,20,130,51,52,131,106,116,102,24,114,76,71,19,47,87,48,134,55,72,86,127,23,111,2,14,30,45,49,120,56,43,85,10,94,3,109,40,128,25,103,115,73,41,125,104,121,57,1,89,101,42,7,108,70,15,68,75,22,107,0,90,99,28,118,35,64,133,83,63,9,98,66,18,88,61,78,81,113,32,62,5,119,34,4,13,93,129,26,110,6,105,69,29
4,5
82,76,72,85,94,53,62,31,87,105,11,47,102,57,28,133,17,83,90,19,122,128,37,93,110,71,99,7,50,1,135,58,96,46,65,52,109,33,35,115,116,103,104,21,84,73,56,44,123,51,100,107,13,79,24,40,101,45,120,106,15,130,78,43,118,86,5,91,97,131,16,70,59,75,77,64,108,63,134,111,121,39,26,60,30,18,113,12,114,112,9,6,66,42,14,4,129,80,117,54,20,23,98,95,81,74,69,61,0,48,32,41,68,10,38,36,22,125,49,27,124,8,2,3,25,29,34,67,132,127,92,89,126,55,119,88
3,6
74,77,27,76,69,64,67,7,43,89,93,88,58,22,21,100,108,113,91,112,28,78,37,133,12,31,65,44,118,56,4,33,92,84,131,117,62,68,106,73,23,38,45,34,42,116,46,3,41,57,30,40,126,82,110,132,107,2,63,97,70,14,66,32,125,17,102,36,72,120,50,26,96,35,127,0,130,104,109,87,114,90,51,123,129,5,128,71,86,29,11,85,18,25,20,121,8,135,15,47,19,1,95,49,6,119,101,53,60,80,105,10,48,122,98,16,94,81,9,99,83,79,54,103,111,24,124,75,61,52,13,39,115,55,134,59
5,3
124,130,40,78,108,114,5,23,113,44,72,132,62,126,117,85,28,84,65,24,50,92,68,109,19,86,81,51,36,74,71,75,14,82,45,42,118,111,35,43,38,11,55,32,48,67,135,22,87,30,12,107,34,47,90,129,97,29,101,116,100,6,121,13,0,103,2,96,79,133,33,93,4,39,125,7,3,26,59,99,95,112,1,94,123,134,98,64,76,56,88,127,60,91,120,20,61,8,21,52,70,105,37,83,102,131,104,110,73,80,53,63,69,31,106,122,46,128,66,119,58,57,49,10,15,54,115,25,17,89,9,16,77,27,18,41
3,6
135,17,62,87,9,105,90,48,0,104,33,31,41,80,13,7,111,108,44,96,16,79,130,6,127,78,67,19,3,27,30,71,37,101,23,28,20,122,70,94,54,60,64,42,32,114,81,100,75,14,55,22,50,98,43,68,93,53,110,89,131,1,103,91,39,106,97,134,57,59,35,10,61,115,86,76,5,85,51,72,29,18,21,124,82,125,109,107,69,65,12,45,112,88,40,46,128,74,116,102,63,92,77,73,117,8,47,133,25,99,132,26,49,118,119,11,121,123,36,56,52,129,113,15,58,4,126,95,24,38,2,66,84,120,83,34
4,3
134,85,28,51,9,50,104,113,42,4,22,7,127,60,92,98,89,61,80,0,67,23,102,10,128,100,70,46,118,31,40,24,75,39,101,135,65,21,112,37,115,43,44,126,58,16,121,111,81,35,103,38,25,27,84,99,122,64,77,66,73,95,87,86,130,116,26,14,36,88,69,120,124,12,106,59,45,15,11,110,108,107,83,63,48,123,34,49,131,54,1,8,62,132,109,53,76,94,114,125,129,18,91,82,47,90,93,20,57,79,32,33,19,52,105,17,13,133,29,41,72,6,5,119,55,74,3,71,97,78,56,117,68,30,2,96
5,3
101,54,130,49,93,132,52,135,23,48,31,113,36,19,34,66,12,14,2,112,102,75,70,131,108,0,9,77,114,35,63,111,32,40,89,33,90,41,78,88,26,38,84,133,58,86,97,117,51,13,121,45,83,122,69,4,56,55,110,94,73,53,8,22,129,11,116,115,98,42,28,92,47,100,25,123,91,30,68,18,17,118,105,95,50,79,72,43,119,80,127,3,24,134,16,96,7,20,39,85,5,87,107,67,76,125,27,1,44,103,64,37,62,29,65,60,128,106,109,99,71,124,104,15,21,82,57,126,74,59,81,120,6,46,10,61
4,2
27,109,2,119,105,126,78,103,131,38,56,25,95,1,10,34,71,41,24,29,125,127,49,59,120,11,88,124,86,130,18,99,129,4,113,115,53,107,72,93,26,31,0,47,87,92,43,85,70,79,28,111,22,116,55,74,36,110,62,132,3,84,12,15,17,122,135,108,98,35,80,102,100,96,48,33,9,23,77,42,68,65,61,19,14,118,89,67,45,114,44,94,73,112,75,66,5,121,52,46,128,76,106,54,58,63,39,37,20,69,30,97,133,16,64,8,40,123,83,134,32,13,81,50,21,51,117,6,91,7,57,104,82,90,101,60
2,3
74,23,65,114,36,115,6,106,0,83,80,62,73,9,127,14,34,64,86,27,130,25,113,99,91,60,2,40,54,95,120,92,52,78,33,22,122,24,89,128,90,16,20,105,81,69,98,56,94,97,131,132,39,38,104,55,44,53,50,112,108,12,134,129,43,85,10,61,46,48,124,76,13,84,19,116,70,29,107,32,101,109,68,3,110,100,58,7,93,8,88,47,18,35,72,102,42,31,71,5,133,87,96,121,57,51,17,28,82,30,1,125,4,45,15,79,135,123,21,77,75,66,67,59,26,63,118,11,119,37,126,103,41,111,49,117
5,3
135,0,118,19,60,9,71,51,111,50,14,101,119,69,109,63,91,55,22,92,130,113,85,76,10,126,94,80,25,62,128,33,97,114,8,131,100,93,21,16,38,78,1,6,56,77,54,129,45,58,133,4,88,67,59,24,36,31,81,104,102,52,57,90,15,28,13,70,11,98,2,83,48,75,12,5,82,68,29,115,23,110,96,27,87,42,35,116,43,95,74,7,53,106,123,65,134,61,37,79,32,17,72,49,20,121,26,64,117,125,46,18,108,132,66,44,34,124,120,39,89,112,86,73,41,84,103,99,105,30,127,122,3,40,47,107
6,2
93,38,70,92,71,78,116,89,82,134,37,125,123,64,106,122,131,84,101,49,11,60,96,35,119,129,132,118,104,27,44,16,40,77,42,133,90,108,24,56,5,20,9,12,97,48,80,91,99,109,67,59,30,13,120,52,114,100,127,1,23,107,73,63,86,69,135,19,58,83,79,113,3,65,41,0,124,121,28,72,36,6,39,68,46,115,105,7,66,33,111,45,85,25,76,43,88,130,18,14,117,26,75,61,2,51,32,110,8,21,103,74,128,34,22,4,126,29,81,94,54,10,98,53,15,95,17,62,31,50,102,112,47,57,55,87
3,6
19,49,44,30,64,50,33,25,98,7,24,42,12,129,63,61,60,88,121,28,66,118,45,122,75,65,133,26,126,5,76,73,99,18,104,34,57,67,8,47,113,80,92,51,97,109,17,110,78,105,119,103,58,91,123,46,131,6,14,68,37,11,89,32,115,124,83,36,72,43,27,132,93,135,82,38,106,21,127,120,1,117,10,130,23,101,74,0,112,102,54,134,94,87,125,100,111,95,86,41,2,85,96,55,13,29,9,90,16,40,77,128,69,62,53,81,3,70,15,84,52,39,31,59,79,114,20,56,4,35,22,107,48,116,108,71
3,5
70,104,45,37,33,113,117,133,61,50,1,43,4,14,59,126,27,5,73,51,123,63,77,110,132,102,66,105,121,34,18,48,11,111,75,30,42,44,119,60,26,88,135,95,108,86,67,96,91,6,79,130,120,52,29,10,107,101,40,99,19,13,38,22,83,36,90,116,128,69,85,20,7,55,127,89,32,87,54,71,100,57,97,64,131,68,134,74,65,92,15,115,12,81,84,28,109,23,0,82,93,80,47,49,25,58,76,124,21,53,17,31,112,118,2,129,46,114,103,125,8,98,16,35,3,56,106,62,122,94,72,24,78,39,41,9
3,3
19,55,75,85,72,67,34,69,84,44,57,36,123,26,90,16,15,100,20,133,128,126,132,125,31,42,117,2,52,48,135,27,0,4,28,30,107,77,7,98,116,86,53,10,103,121,129,91,114,50,3,66,47,102,40,62,122,60,101,83,112,22,45,94,13,88,109,63,82,134,21,23,5,64,124,51,71,97,92,81,70,110,73,115,49,104,89,96,11,35,6,78,18,120,131,118,68,9,87,119,99,80,95,24,46,38,79,12,93,105,59,61,43,56,32,58,14,29,33,130,74,8,65,1,106,76,127,54,41,17,113,39,25,37,111,108
1,2
90,42,2,48,123,86,134,58,13,54,119,114,129,87,101,18,45,12,118,9,64,107,36,106,22,128,113,60,8,97,23,31,37,124,110,108,122,53,102,49,132,70,28,74,27,131,11,4,121,89,62,81,32,91,1,72,46,56,39,135,30,83,73,20,14,115,105,61,68,112,15,43,5,116,17,67,52,75,98,7,92,29,50,120,0,125,88,51,47,79,109,44,93,103,95,85,104,84,63,10,38,100,99,33,21,26,40,96,55,127,66,117,16,19,59,24,34,82,130,133,80,71,78,41,94,57,126,6,25,3,35,111,76,65,69,77
6,3
47,64,97,135,39,18,27,65,49,110,50,3,131,86,43,133,80,70,63,92,128,16,116,108,84,75,52,59,48,87,121,126,111,119,83,58,17,10,51,60,56,122,41,68,55,93,103,12,99,1,38,57,22,2,8,130,107,30,104,13,54,134,96,94,95,127,101,35,79,89,115,33,53,14,6,5,91,78,73,90,15,7,11,114,98,32,44,105,28,118,72,69,9,45,46,20,26,81,112,0,42,74,37,109,19,67,24,77,120,4,40,61,106,71,82,62,66,100,76,85,123,21,117,88,23,113,132,31,129,29,25,36,124,34,102,125
3,4
24,43,16,62,25,4,98,8,83,130,132,96,37,86,11,50,53,123,66,131,0,73,77,42,39,48,26,133,52,97,134,36,20,115,128,125,111,109,29,112,61,105,67,23,91,45,54,79,10,74,18,103,27,57,28,101,46,108,126,71,40,120,78,30,38,80,113,122,89,59,121,72,100,44,3,69,5,85,107,106,15,70,35,14,127,93,64,117,87,110,13,55,2,22,104,12,6,82,51,7,17,114,1,41,47,124,68,65,90,119,75,31,99,81,9,63,92,95,118,76,135,56,49,60,34,116,84,58,19,102,33,88,32,21,129,94
2,4
45,100,43,101,39,132,84,31,62,12,93,24,131,117,130,48,0,25,69,73,59,110,129,49,15,54,13,65,96,75,29,11,79,107,20,103,19,109,21,108,80,40,123,135,106,26,64,74,57,10,50,90,70,112,27,81,119,34,134,86,121,14,28,44,53,72,120,104,6,88,118,68,89,7,116,98,58,36,33,82,38,56,63,113,5,37,60,30,9,61,127,4,128,47,99,114,105,2,115,133,46,18,126,125,55,3,97,67,83,8,94,78,122,85,76,87,32,35,17,51,71,92,111,16,102,91,1,22,42,95,66,77,23,52,41,124
4,3
1,71,61,85,37,66,106,7,24,132,120,86,47,135,5,16,12,90,115,79,33,29,117,58,118,43,99,10,133,35,51,13,116,130,107,48,75,38,3,45,22,56,77,126,91,27,15,94,54,11,14,74,108,19,64,70,65,127,78,76,100,20,62,84,67,26,110,6,9,8,68,52,63,88,98,83,109,101,46,25,44,31,123,23,105,114,113,80,40,4,32,18,97,41,42,121,131,128,102,87,28,53,129,104,125,0,39,89,30,103,96,92,69,73,50,57,55,36,93,49,111,60,59,122,81,34,134,21,119,112,2,124,82,72,17,95
3,1
