113,83,0,27,118,51,12,134,95,55,81,75,112,102,79,47,123,35,116,17,99,122,3,22,7,73,72,52,92,62,54,94,25,18,108,98,101,93,127,124,129,23,34,61,91,135,65,60,15,46,100,6,2,45,8,131,36,9,57,21,67,82,49,97,110,58,78,39,85,105,117,42,130,59,30,13,19,20,14,77,28,89,76,63,10,26,125,43,5,11,114,68,69,16,106,120,41,71,132,66,80,50,24,1,115,88,107,44,32,87,56,121,31,104,86,33,128,126,4,96,74,119,109,111,70,64,90,29,38,40,133,84,37,48,53,103
3,1
4,45,31,133,63,37,86,41,33,29,44,21,16,111,108,69,18,74,79,54,67,32,93,115,88,12,11,61,9,101,99,96,51,89,36,72,70,103,109,91,1,81,23,38,56,97,75,122,49,39,77,19,124,5,22,107,121,131,84,48,123,100,28,106,102,47,129,13,73,85,6,78,105,53,126,76,25,65,30,60,110,135,3,20,95,57,114,8,46,82,27,14,52,43,68,55,83,87,117,90,80,7,42,71,2,64,0,10,120,34,118,62,50,35,116,17,24,40,26,132,128,58,98,112,92,127,66,59,130,104,134,15,113,119,125,94
6,5
71,8,6,43,33,79,109,36,122,90,81,66,5,131,121,130,10,41,77,68,21,58,53,16,86,127,38,49,9,11,100,4,123,44,89,23,112,50,126,55,132,45,80,84,85,12,42,29,67,135,106,63,15,31,27,87,59,74,96,40,72,88,120,91,128,76,98,65,97,30,3,24,52,62,46,0,115,54,48,113,111,83,39,64,17,108,14,117,70,51,104,110,133,7,118,103,47,129,73,134,60,95,19,2,25,56,18,78,99,101,69,94,92,1,13,28,22,57,93,125,37,32,82,75,105,124,116,102,35,26,107,20,34,61,114,119
2,1
13,67,134,20,87,57,117,32,43,120,36,55,103,72,129,98,118,34,96,86,84,82,26,95,40,81,29,11,27,70,116,51,48,128,111,41,19,4,69,123,60,114,49,100,28,74,127,66,23,38,14,56,47,16,90,35,58,124,126,101,109,106,54,5,63,88,125,24,119,113,42,61,31,45,17,52,104,131,80,53,79,10,93,0,78,105,30,112,50,8,18,12,68,83,2,102,6,44,107,21,85,15,121,132,37,115,97,9,122,46,99,65,59,71,3,110,39,92,135,25,77,73,89,108,94,7,64,91,130,1,62,75,33,76,22,133
5,2
83,36,79,135,61,123,120,44,20,96,85,87,58,127,17,130,99,129,115,77,73,37,64,109,118,50,34,59,128,18,39,25,70,9,72,81,112,107,55,57,69,104,47,98,92,29,42,26,46,27,30,60,2,82,75,114,40,68,103,131,117,124,41,101,21,121,93,108,15,67,38,84,111,53,106,102,51,116,19,62,7,134,8,13,133,11,49,91,63,94,113,97,125,74,14,1,3,132,32,5,119,95,65,24,56,76,0,48,52,16,54,4,78,28,22,31,80,110,12,122,90,71,100,10,43,45,86,6,66,88,35,89,105,23,33,126
3,4
96,104,34,90,127,97,45,56,28,50,25,106,129,7,12,9,110,83,81,134,98,105,109,11,99,70,4,107,24,123,122,125,133,92,130,75,41,135,36,100,21,42,49,30,16,68,46,33,27,3,114,44,69,72,74,85,58,118,95,71,19,86,26,18,52,47,40,62,57,17,39,31,124,13,111,80,8,43,1,87,82,117,29,23,115,32,131,113,54,5,51,77,22,78,93,88,94,65,37,20,61,67,14,15,76,64,108,102,103,126,89,101,38,60,55,112,63,84,35,59,2,53,119,116,120,0,6,128,73,66,48,10,79,91,132,121
3,4
56,58,26,24,135,46,127,28,21,123,76,9,38,57,133,100,1,78,80,82,106,6,131,13,95,14,79,43,0,39,75,101,113,32,83,89,117,44,126,71,91,119,112,63,62,17,102,118,110,20,36,125,33,27,81,94,70,3,19,121,87,72,42,4,74,88,84,11,59,48,8,105,73,22,29,61,60,37,41,86,85,124,2,51,47,129,30,66,68,15,64,54,130,65,49,96,93,128,45,67,25,109,7,12,111,116,50,132,77,103,122,134,69,115,98,114,10,104,108,52,40,99,92,23,120,5,107,55,35,34,31,97,53,16,18,90
2,2
121,77,36,73,133,54,110,79,19,76,38,102,112,128,58,132,106,135,122,0,67,97,27,41,91,18,4,61,1,40,124,44,101,63,117,12,113,74,25,69,82,84,66,125,118,62,129,65,56,81,30,33,46,116,100,109,59,107,32,43,87,89,28,42,23,108,96,22,120,68,55,53,13,134,64,49,92,94,83,111,5,17,85,51,71,8,48,21,86,47,31,26,131,39,123,50,75,115,105,24,2,9,20,119,95,7,10,52,80,127,126,34,104,93,88,78,45,29,11,70,16,37,60,57,15,14,90,72,103,99,6,114,130,35,98,3
2,3
130,117,84,75,88,97,69,68,89,109,90,85,78,106,9,56,31,74,110,62,119,64,5,126,121,28,105,46,52,4,80,26,25,60,116,48,118,58,59,77,15,107,128,3,43,8,55,65,34,113,70,79,27,41,98,71,0,102,112,101,57,51,67,133,131,111,23,54,42,66,21,38,94,95,7,100,123,6,87,83,17,44,1,47,32,37,49,11,16,61,24,39,33,63,14,29,134,96,120,125,45,108,91,114,50,135,72,76,2,104,127,92,12,18,35,10,99,124,103,129,115,86,132,36,22,93,20,82,40,19,81,53,73,122,13,30
2,6
125,17,3,4,16,73,14,130,5,98,105,28,89,35,88,121,57,75,108,97,44,127,93,76,45,20,134,60,82,47,65,62,13,107,53,39,117,18,104,120,94,101,31,37,12,43,72,91,33,24,23,109,123,10,100,110,19,54,30,124,15,40,42,9,79,133,95,52,71,27,7,2,118,67,70,1,32,74,50,77,80,6,59,86,26,96,69,132,21,51,87,29,22,81,85,92,61,48,116,112,0,11,66,128,49,129,135,56,55,63,83,84,34,131,106,103,25,64,8,36,126,90,119,111,68,99,46,38,122,115,114,41,58,113,78,102
3,4
75,6,69,29,86,135,26,117,5,57,79,62,46,82,48,40,77,104,128,10,2,53,94,103,16,105,110,93,66,72,73,118,84,36,67,89,1,70,24,134,59,8,65,129,64,124,125,19,30,108,20,18,74,61,80,28,35,119,43,113,55,83,87,68,112,13,31,56,91,132,99,7,102,21,131,25,97,78,22,111,81,85,38,133,34,60,4,95,90,63,44,23,32,58,92,116,127,45,27,101,98,76,52,126,17,3,114,9,106,130,122,11,14,12,0,96,123,15,47,42,51,115,100,33,49,120,41,121,71,88,109,37,54,39,50,107
5,6
109,50,24,13,62,17,134,114,31,60,21,126,100,108,54,98,67,33,23,71,53,133,72,119,128,1,65,8,120,118,124,81,92,32,129,6,90,131,74,56,43,3,25,47,41,14,94,88,125,80,75,57,112,9,7,102,121,117,49,96,107,116,99,26,30,110,37,42,76,105,12,82,127,15,106,0,46,64,55,91,27,73,104,40,36,135,68,19,20,87,59,34,130,10,35,69,122,52,51,38,48,101,77,2,61,115,85,58,45,95,123,86,39,22,132,4,44,70,78,16,11,103,97,63,18,5,83,113,89,66,28,93,79,29,111,84
4,6
82,54,102,87,59,86,123,31,7,55,133,74,53,70,36,17,38,41,125,135,76,18,57,43,35,79,15,24,99,122,10,92,65,115,26,37,121,60,25,117,62,61,21,130,114,98,124,126,129,33,80,47,56,2,27,71,39,112,85,100,42,20,64,63,45,131,77,29,111,19,73,96,95,49,103,83,72,23,113,81,110,34,4,16,90,116,22,66,58,128,50,108,120,97,84,3,119,93,94,9,5,105,89,78,91,8,132,68,107,51,127,48,69,106,104,67,109,52,46,0,88,118,101,11,12,1,32,134,14,30,13,28,44,40,75,6
3,2
11,68,49,99,117,57,122,81,56,48,28,118,126,45,124,69,121,54,71,30,84,33,4,77,130,16,132,51,89,96,41,58,42,127,107,2,101,10,80,9,100,123,109,114,22,115,90,108,21,40,131,20,86,70,34,50,110,46,44,87,55,72,98,73,116,67,35,135,0,6,76,106,82,65,36,105,60,14,94,74,120,95,125,88,3,23,18,25,78,111,43,38,113,97,83,32,104,52,64,133,29,13,59,12,62,37,47,66,7,112,17,1,61,5,15,31,53,134,129,8,93,39,79,26,63,128,102,103,85,91,92,119,75,19,24,27
6,2
59,78,56,115,103,72,133,90,5,125,109,116,99,47,31,130,22,20,74,110,3,46,111,104,117,45,14,35,34,77,113,83,55,107,7,32,69,64,134,92,105,79,68,10,131,13,127,8,70,86,62,122,39,18,71,30,43,28,96,124,106,123,57,37,118,98,23,6,40,50,84,65,54,121,19,91,95,97,44,38,67,94,15,51,126,17,24,63,48,53,80,102,49,0,135,58,87,42,9,1,82,85,88,93,100,81,25,112,29,33,128,16,26,4,66,129,27,36,132,120,119,21,12,76,101,2,73,41,60,114,75,61,52,11,89,108
6,4
125,73,49,128,30,11,97,40,1,121,3,33,22,47,14,102,10,69,122,29,132,101,54,75,2,55,93,76,79,62,110,24,35,113,86,74,84,131,34,26,90,112,65,57,44,8,60,46,38,107,108,28,82,87,68,88,20,12,71,123,124,52,19,105,129,119,59,111,27,114,77,45,39,41,94,17,5,63,126,48,80,103,116,78,115,135,18,120,21,9,118,99,134,106,6,100,36,43,70,95,127,31,91,83,117,13,16,23,4,0,61,32,72,98,109,67,81,50,53,64,56,96,58,66,51,37,25,130,89,92,15,85,7,42,104,133
3,4
32,110,66,63,56,61,100,58,14,86,114,71,25,2,85,20,69,48,93,101,92,55,10,82,59,37,27,34,4,46,122,133,90,79,134,80,57,41,111,91,3,132,47,76,64,23,72,67,26,19,116,6,73,119,97,68,112,74,88,103,118,115,11,121,102,45,53,36,124,87,108,113,107,21,22,5,75,39,52,31,78,105,15,126,94,29,120,89,104,128,43,60,51,17,54,123,16,117,77,13,9,84,40,127,49,129,125,62,65,0,130,8,131,38,24,135,95,44,7,33,106,70,50,42,30,18,35,99,96,12,81,28,98,1,83,109
3,2
53,18,7,22,16,130,115,119,21,37,77,25,131,110,82,96,98,128,97,112,72,103,62,17,105,126,64,10,9,86,118,74,104,132,39,45,78,122,26,123,109,54,44,125,111,47,113,100,71,31,83,66,124,46,60,70,90,40,51,34,84,63,27,20,108,8,67,38,15,134,28,59,94,2,120,117,92,11,43,102,1,69,24,33,106,75,116,5,23,0,85,13,32,42,80,14,65,76,30,127,107,68,12,55,57,129,73,4,93,89,81,52,135,95,101,41,133,36,99,50,35,91,61,56,121,29,114,48,58,6,87,3,79,88,19,49
5,4
6,49,41,5,132,61,115,88,23,85,20,69,45,7,74,128,43,108,90,70,63,14,56,135,27,116,80,34,130,68,35,33,119,18,72,107,50,37,122,96,102,59,46,71,57,73,76,65,9,19,25,84,2,99,93,22,131,15,48,129,91,105,125,12,36,82,47,97,79,118,94,3,121,120,126,0,28,112,60,54,53,17,127,77,1,44,8,11,98,123,40,62,26,16,87,32,55,95,124,117,67,51,133,110,21,86,13,111,92,78,31,89,39,103,38,134,66,75,81,114,113,100,64,10,29,4,104,106,30,42,101,52,24,58,83,109
5,5
30,60,82,78,19,7,66,124,108,52,71,80,116,0,119,12,106,63,41,37,16,134,20,100,86,130,65,27,22,103,89,14,44,94,25,84,122,117,59,70,113,15,17,81,121,129,53,62,29,34,45,6,4,40,64,24,18,42,47,83,85,98,104,31,99,50,57,9,112,13,114,123,23,35,21,55,48,126,38,73,109,76,128,3,97,72,11,39,101,102,96,79,111,115,67,87,1,75,26,54,8,90,28,68,5,56,46,51,43,127,36,74,91,32,61,105,131,110,125,88,49,107,135,95,93,58,10,133,69,92,120,132,77,2,118,33
1,6
96,3,65,45,91,56,59,103,80,113,98,100,18,20,129,12,130,104,114,28,0,72,132,23,119,1,27,71,106,89,21,68,107,31,105,74,2,17,126,83,42,70,36,50,16,60,14,94,8,88,67,26,6,47,124,7,135,5,112,37,22,54,116,41,10,64,127,79,63,95,57,58,84,46,29,66,39,128,11,40,92,69,81,32,15,121,101,86,51,33,13,34,75,82,24,62,131,9,87,118,35,49,93,109,97,73,99,120,52,53,110,43,123,108,115,111,44,25,134,78,48,122,85,55,90,125,4,30,77,76,117,61,102,133,38,19
4,6
3,65,102,21,11,57,101,78,98,22,81,116,26,73,5,38,111,12,122,99,123,88,90,27,39,93,0,96,133,121,117,67,112,91,126,51,75,76,129,20,40,29,60,87,80,120,10,46,107,18,86,42,79,66,114,100,6,35,37,128,110,113,48,104,17,115,19,89,16,118,54,131,62,59,13,95,85,74,2,69,9,61,1,82,49,58,63,108,8,30,43,106,23,68,15,34,134,77,24,50,130,72,83,94,36,31,14,45,52,53,41,25,105,92,44,7,103,56,135,55,84,109,127,119,4,124,71,32,132,97,64,33,28,47,125,70
4,1
36,45,113,130,47,132,21,43,16,97,65,38,128,101,12,66,114,108,111,23,109,4,75,73,78,33,127,96,24,29,79,126,31,42,124,63,94,81,22,100,115,103,3,107,116,90,57,77,18,10,129,68,40,102,88,131,37,85,14,134,19,28,93,13,117,91,6,118,89,92,9,61,119,121,41,35,110,8,125,25,106,72,98,44,53,48,0,76,62,95,120,46,133,70,7,82,67,84,87,39,56,64,50,15,55,60,52,86,49,20,135,32,51,123,71,105,54,112,17,80,30,74,122,58,104,1,59,99,69,26,11,5,2,34,83,27
3,2
40,80,39,19,85,44,91,127,49,112,6,105,12,17,5,14,38,60,107,23,82,125,98,64,63,29,18,99,28,133,109,115,135,42,53,45,120,104,73,84,128,122,126,50,119,56,55,100,75,88,102,8,134,48,58,54,51,130,35,110,121,34,2,108,7,3,68,113,10,21,46,57,81,69,94,25,36,67,90,52,106,131,47,83,31,43,61,79,30,16,24,117,96,22,74,37,76,114,92,118,97,129,132,41,4,66,15,11,65,59,0,72,26,87,111,116,93,123,20,89,103,9,86,124,32,101,70,78,13,71,77,27,95,1,33,62
3,2
25,127,105,131,10,44,111,39,42,98,55,130,50,107,17,46,104,69,24,32,120,20,75,38,37,61,77,135,6,87,85,125,106,97,29,93,52,36,100,71,123,78,119,92,2,108,126,66,1,117,16,82,35,47,115,21,121,90,63,74,95,43,27,57,0,5,114,72,102,65,18,124,86,116,4,91,56,51,64,48,34,67,53,49,3,103,73,41,30,99,22,132,129,88,84,11,122,113,54,83,79,40,76,26,33,89,58,81,59,23,94,12,112,96,19,62,28,109,7,68,118,101,133,45,14,9,31,128,110,13,134,70,15,80,60,8
4,1
10,104,124,84,101,16,44,85,72,90,89,24,56,37,77,14,30,119,74,86,38,33,58,81,66,45,41,82,35,13,55,115,42,0,46,4,3,109,17,52,26,57,120,1,69,100,54,128,108,59,25,97,20,103,36,64,99,116,73,53,98,107,32,5,62,21,118,7,87,12,127,22,40,117,29,63,111,68,113,75,43,47,31,49,96,65,110,60,39,27,11,51,19,131,114,28,133,79,2,70,18,134,48,83,135,106,126,125,67,102,121,15,80,130,23,76,88,122,34,61,92,129,78,105,94,6,112,8,132,93,91,50,95,9,71,123
5,5
45,46,87,56,66,24,68,40,96,67,23,72,91,31,132,80,108,93,63,125,126,114,28,113,90,97,36,10,133,95,127,73,101,11,16,27,124,34,3,59,39,30,29,62,79,118,85,41,84,92,130,2,110,58,135,15,54,109,7,81,116,98,49,9,18,13,65,48,86,19,77,53,106,12,69,119,4,103,70,5,105,14,0,100,88,26,71,17,120,112,123,8,122,43,75,47,131,42,94,64,44,117,121,21,20,6,33,50,52,102,55,89,129,111,61,78,35,104,37,99,57,51,32,76,83,25,107,60,134,22,74,128,115,38,1,82
2,6
87,12,17,41,45,47,42,113,89,29,81,34,14,65,79,25,77,115,23,93,110,123,125,39,55,116,97,5,10,63,54,107,128,60,70,48,58,56,135,18,82,100,35,76,64,53,3,49,6,13,105,36,7,101,20,131,21,83,98,15,117,27,30,1,11,88,52,24,16,111,99,66,71,19,96,91,67,120,121,73,103,122,51,72,31,50,109,8,106,59,132,80,78,74,130,94,28,37,62,33,57,102,85,95,86,75,38,68,61,108,127,84,118,40,104,46,2,90,0,112,129,124,134,114,32,133,119,69,43,26,92,4,126,44,22,9
2,6
27,33,95,125,65,17,20,129,43,3,130,12,84,54,25,24,14,63,94,0,46,76,124,31,92,44,98,114,10,115,32,119,135,90,123,23,127,42,99,36,58,121,1,105,134,69,118,5,116,39,106,15,41,80,131,96,48,21,107,55,61,38,51,82,100,29,126,68,71,112,35,45,86,22,110,18,104,72,8,109,79,56,2,70,73,93,19,117,52,102,64,62,49,37,122,4,34,67,30,60,88,128,85,108,103,91,59,50,89,74,120,78,132,9,53,26,66,83,111,81,101,6,113,16,97,77,7,47,87,13,75,57,28,40,11,133
6,2
48,37,56,51,34,102,117,123,78,74,47,12,63,126,27,35,128,36,72,14,127,2,76,42,111,30,46,106,87,13,68,97,71,23,57,77,93,19,88,32,33,17,109,6,132,55,73,94,131,69,59,8,107,95,92,0,86,113,80,121,18,45,90,79,61,58,20,135,75,52,11,70,89,49,120,38,67,25,82,130,22,60,29,3,98,112,122,64,133,116,91,110,81,41,108,105,54,7,15,85,129,103,21,114,31,104,115,96,83,10,24,4,28,99,9,118,39,66,44,1,134,5,62,43,119,65,125,84,101,50,53,16,100,124,40,26
5,6
31,71,118,10,93,13,18,63,22,57,49,6,15,82,134,67,119,4,87,100,38,17,106,34,44,46,27,33,42,80,86,47,105,9,61,16,65,114,83,23,19,102,69,3,122,95,75,121,30,133,21,130,90,127,35,1,0,78,96,111,68,94,14,29,104,59,77,20,39,88,12,126,2,131,24,84,66,45,28,107,120,36,56,108,70,50,99,101,128,58,41,8,76,11,52,110,125,25,89,117,124,129,73,53,98,97,60,115,85,55,51,91,40,48,123,37,103,113,109,92,135,43,7,81,26,62,79,64,5,132,72,74,112,116,32,54
5,1
54,113,9,134,43,25,51,73,49,45,125,67,3,21,23,105,53,20,129,69,0,41,128,38,93,52,68,116,132,58,55,107,97,130,114,42,121,66,108,47,14,11,96,46,60,32,35,39,122,1,103,100,10,127,63,86,118,59,91,133,83,70,101,12,126,16,98,115,88,30,90,28,13,123,31,75,8,65,131,77,22,112,95,4,36,17,110,104,71,109,79,120,2,89,29,106,26,18,57,117,44,135,85,99,94,119,33,34,84,72,80,102,61,24,40,64,50,5,56,111,74,7,15,87,124,81,82,78,92,62,76,37,6,19,48,27
3,2
131,14,105,15,118,45,52,134,88,40,135,48,80,102,76,124,65,28,6,92,18,26,73,130,12,132,126,57,127,81,50,11,67,17,10,66,103,87,16,113,129,90,55,51,3,83,44,0,49,109,25,41,39,77,99,110,114,37,101,42,19,24,116,22,64,61,94,108,107,74,106,69,33,43,8,119,58,46,98,70,96,23,56,53,27,91,36,2,122,38,86,128,20,117,123,115,35,4,31,60,21,63,47,120,32,125,100,71,111,78,13,34,95,84,72,104,121,29,7,59,89,30,75,112,54,79,5,97,133,9,1,85,82,93,62,68
6,3
43,86,22,34,84,33,27,90,7,55,10,62,128,23,48,46,124,116,123,60,6,44,114,131,39,19,106,24,49,18,64,70,88,113,91,63,5,80,16,36,105,42,132,28,72,17,69,31,45,108,37,102,73,29,117,56,111,98,79,96,57,1,99,66,83,11,32,38,4,71,54,21,41,58,3,13,12,104,67,8,50,89,133,76,78,127,107,68,77,93,87,52,100,65,121,97,30,51,122,110,119,75,129,25,0,2,20,85,15,125,92,81,115,82,40,9,74,109,126,134,47,26,61,95,112,14,94,130,118,101,103,53,135,120,35,59
6,1
73,7,36,93,124,110,19,75,128,38,17,119,113,8,81,35,84,37,112,59,129,1,82,12,46,89,115,62,108,57,88,94,49,99,20,85,71,63,50,18,41,21,28,122,107,74,55,9,116,60,120,47,126,22,5,11,111,58,2,92,109,53,52,131,123,133,77,39,25,106,68,98,135,42,101,72,26,31,30,66,27,54,95,4,125,48,118,103,65,86,43,121,10,117,102,100,14,132,90,97,56,29,40,44,96,32,3,51,34,83,33,45,70,13,127,130,104,15,67,91,79,16,105,64,134,76,6,0,69,80,24,114,61,87,23,78
4,3
73,17,59,77,54,84,121,39,38,4,1,76,80,11,82,69,102,78,30,63,95,35,42,61,62,106,64,101,132,24,7,8,96,131,52,81,66,114,34,68,126,10,44,89,74,13,107,115,129,75,58,56,83,116,130,98,118,67,32,65,45,79,103,97,122,27,88,127,2,57,5,112,85,46,104,125,128,37,86,133,113,20,70,19,6,92,135,26,99,48,18,110,3,71,53,22,50,12,25,31,43,55,124,40,23,72,15,14,33,105,93,47,90,49,41,28,108,36,91,94,21,51,123,111,0,120,29,134,117,100,87,16,9,60,119,109
4,1
46,29,79,48,83,123,57,119,94,110,5,4,91,109,71,31,15,42,130,105,33,124,16,64,18,95,76,88,74,131,58,10,121,11,3,99,65,30,45,67,32,129,7,103,8,128,43,126,56,1,27,80,52,112,113,9,135,44,86,96,85,111,117,77,62,63,82,55,107,68,75,120,127,14,66,35,24,92,81,98,100,97,6,23,93,90,134,26,54,78,37,51,60,13,25,125,17,21,0,106,40,87,89,19,69,84,2,59,101,73,72,132,41,118,49,50,28,133,36,104,115,39,34,61,102,20,108,122,47,38,12,70,116,22,53,114
1,5
103,34,55,2,31,121,123,26,73,106,58,40,122,97,125,102,44,104,39,130,20,47,11,10,81,4,111,115,89,80,96,41,92,118,75,28,100,53,71,86,83,72,113,37,114,67,16,36,9,19,7,127,38,24,15,78,85,117,29,98,18,56,35,108,12,60,3,95,33,49,133,43,128,87,110,23,77,1,54,109,64,50,66,68,45,22,84,62,91,6,5,124,79,69,25,46,52,30,61,13,42,21,107,101,126,59,112,32,14,70,76,134,94,120,90,99,48,51,57,135,119,116,131,105,132,129,8,17,0,93,27,82,65,63,74,88
2,4
67,16,39,110,76,40,129,18,111,12,120,31,38,41,69,94,80,103,124,99,135,82,68,65,10,22,52,30,123,14,112,51,91,93,35,70,1,134,79,119,8,50,53,85,81,44,34,122,131,62,0,63,20,105,133,127,73,43,130,113,5,45,47,21,114,108,109,116,25,78,102,117,121,98,74,87,84,49,95,118,4,59,26,7,33,28,9,71,104,86,23,58,24,115,96,37,27,101,17,11,54,106,66,132,92,36,89,48,61,3,13,46,77,88,72,19,60,100,125,75,15,55,90,126,42,29,83,107,64,2,56,128,6,32,57,97
5,4
114,89,79,110,127,39,52,6,36,41,76,99,96,9,15,34,37,115,106,20,86,85,70,40,117,111,119,126,61,84,8,1,116,129,2,10,17,130,22,97,83,62,49,35,64,75,134,16,31,19,28,125,42,60,47,21,66,43,4,3,56,88,27,123,92,112,77,128,135,69,44,65,68,5,12,18,13,74,100,120,102,93,131,26,38,11,71,113,121,94,67,90,72,118,25,32,55,108,46,107,51,104,122,81,30,80,132,0,63,53,33,103,24,78,7,98,91,87,101,73,133,23,48,45,58,50,59,14,109,124,54,29,82,95,105,57
2,3
131,71,84,92,52,124,83,104,82,94,127,0,10,130,85,21,128,23,109,129,53,62,112,93,90,115,26,123,30,120,77,31,41,1,118,97,6,79,27,133,5,39,66,106,119,46,13,125,111,22,24,126,2,107,86,4,121,95,96,11,122,75,116,34,135,35,37,50,81,47,7,68,69,108,88,60,80,114,15,25,16,20,44,98,42,9,55,63,103,8,89,51,40,14,99,38,74,17,58,56,132,54,45,28,67,64,100,91,72,36,65,105,19,49,101,73,70,110,117,102,59,57,18,12,32,3,33,48,29,76,78,61,87,113,43,134
4,4
109,16,88,59,66,70,97,72,3,83,80,86,79,90,0,44,54,115,120,63,85,133,2,26,12,42,124,113,122,91,98,104,57,100,69,75,36,71,20,76,107,29,135,73,125,64,46,84,121,117,23,92,131,35,14,62,37,15,38,118,94,67,110,49,95,18,10,108,89,102,32,19,6,21,47,82,51,127,132,17,56,77,58,87,43,50,61,24,106,40,8,126,128,41,103,74,34,134,129,53,99,55,5,48,4,39,81,65,130,33,22,52,114,30,45,96,1,105,93,13,111,119,25,31,116,28,112,7,60,9,123,27,78,11,68,101
6,5
59,103,75,2,39,56,112,104,121,132,11,13,131,100,9,45,105,134,119,125,86,110,21,135,114,130,98,80,60,72,113,99,73,101,3,55,49,122,8,78,97,120,77,126,117,38,87,129,96,34,123,116,69,67,17,81,111,93,65,118,27,109,36,0,7,40,128,16,47,89,29,127,85,79,76,52,70,61,115,42,71,62,18,94,14,20,83,41,91,43,28,32,33,57,133,44,106,84,26,4,53,51,37,107,46,23,50,30,82,108,19,63,24,68,102,124,22,12,25,74,88,6,48,90,15,95,31,64,66,5,10,54,1,35,92,58
3,2
97,46,120,115,17,28,31,50,58,49,61,59,18,109,123,15,21,85,122,119,78,36,68,35,30,27,124,8,37,91,118,25,7,106,39,99,74,62,76,52,14,102,4,86,129,11,79,128,114,24,10,81,38,3,44,101,9,66,107,41,130,60,40,96,131,67,54,84,47,0,77,89,127,95,33,110,6,133,69,126,19,64,83,5,104,132,80,121,117,98,111,105,2,88,23,100,57,53,94,32,134,1,34,73,55,45,56,22,70,112,13,90,103,65,63,125,113,116,26,29,12,92,43,51,48,72,135,87,93,20,71,82,42,75,108,16
4,1
79,78,114,37,73,0,64,109,40,104,99,39,55,13,112,76,86,131,42,111,82,43,8,96,30,102,119,95,74,25,63,62,51,32,113,130,1,26,124,84,23,10,65,59,117,115,16,21,46,24,133,77,3,69,132,38,66,110,35,90,94,81,47,20,60,93,68,75,29,128,17,28,57,11,49,107,89,48,52,129,53,31,87,120,121,106,54,92,9,45,98,72,80,5,88,6,15,27,103,101,34,83,97,19,56,108,14,2,44,134,33,126,61,7,118,22,12,85,91,58,116,127,18,67,125,36,135,122,123,70,71,4,105,41,100,50
6,6
113,130,66,22,82,20,7,62,6,71,109,72,21,117,53,124,50,30,77,97,127,129,79,131,27,60,118,90,44,99,40,69,110,92,63,58,119,11,46,64,59,55,10,98,120,107,19,106,91,5,18,122,83,111,135,116,108,14,123,51,80,8,54,95,35,73,121,126,2,104,28,103,112,70,125,36,43,4,115,37,32,96,13,48,102,0,68,65,132,78,56,128,101,133,17,76,85,9,105,75,1,39,45,29,15,25,23,88,74,47,89,81,94,86,3,134,93,52,16,49,33,100,41,42,24,57,67,12,61,114,26,31,84,87,34,38
3,6
103,8,17,35,110,41,48,92,94,2,42,65,3,73,96,49,9,119,28,97,113,51,52,82,102,85,37,123,122,130,47,70,131,74,31,18,63,45,90,114,50,39,44,76,0,68,117,108,118,129,125,62,24,5,79,87,80,109,135,43,128,53,89,100,93,61,20,32,56,124,4,33,77,34,12,29,19,59,88,127,67,105,66,10,6,116,86,99,81,84,134,38,40,46,58,132,115,22,26,126,72,21,104,60,64,57,7,13,121,78,1,75,23,16,30,112,27,107,11,83,133,71,98,14,55,25,101,36,106,120,15,69,95,54,91,111
2,1
39,46,123,55,113,83,77,40,41,135,19,3,17,31,44,71,10,100,109,49,56,108,87,43,79,81,48,2,62,64,95,74,96,106,16,28,86,111,13,116,110,32,4,105,22,9,38,119,54,128,26,21,69,57,36,90,58,45,122,99,118,72,102,24,107,78,6,33,73,85,132,88,112,61,29,11,0,126,27,68,133,37,104,20,89,130,76,25,65,121,52,8,82,70,120,7,53,23,114,51,67,124,91,14,134,5,34,59,84,93,18,129,63,115,101,50,125,42,131,127,1,103,12,98,117,66,15,75,30,80,47,35,97,60,94,92
1,3
24,40,97,85,20,83,54,60,99,110,70,76,87,45,12,123,77,22,6,42,8,43,125,25,46,73,80,112,38,72,115,118,106,132,63,5,86,65,39,35,133,120,79,30,23,14,81,15,47,89,119,66,96,11,0,128,59,21,58,44,108,116,7,36,92,19,102,61,114,32,127,75,98,71,121,107,88,104,69,109,41,1,68,82,16,74,2,95,29,26,62,49,31,4,122,131,57,52,134,111,90,94,113,27,64,17,84,3,18,13,124,51,28,105,91,117,53,10,34,37,101,130,33,126,67,135,129,56,55,93,9,48,100,103,50,78
3,2
13,87,36,75,70,19,91,96,0,86,4,40,25,95,5,11,125,23,20,120,48,12,72,105,128,99,16,121,122,88,123,65,109,10,33,67,73,28,22,32,7,9,38,111,62,83,82,43,101,3,8,117,51,53,133,60,57,30,81,54,68,71,92,66,78,107,34,21,31,69,114,61,29,39,113,119,76,130,102,79,132,100,35,74,18,124,89,134,46,126,1,129,80,17,116,106,115,77,56,93,27,131,45,94,24,64,6,55,50,15,97,85,90,98,118,2,37,59,58,127,103,14,112,135,108,49,63,47,42,44,52,41,84,26,104,110
3,4
6,126,29,109,9,24,72,34,83,87,88,48,86,67,56,61,132,23,57,105,131,118,64,7,38,19,100,21,85,124,121,116,28,117,92,13,110,125,115,134,4,79,51,2,37,84,33,96,45,46,66,104,97,114,62,103,49,101,0,54,17,32,39,40,58,112,95,3,52,60,82,120,11,44,30,31,10,53,94,65,42,129,93,47,70,107,35,76,59,128,41,78,98,75,130,73,99,20,27,74,108,15,119,25,5,69,91,14,122,50,8,90,22,133,113,26,1,123,81,89,43,63,111,77,55,18,71,16,68,106,12,80,127,36,135,102
3,1
19,112,125,16,26,50,132,23,4,29,40,111,126,93,20,76,6,131,65,57,96,63,49,60,95,28,69,42,86,34,55,79,22,2,135,3,27,62,105,9,24,41,120,58,114,91,54,53,71,5,48,100,36,64,32,118,110,84,122,116,10,130,1,133,45,109,108,46,89,8,0,31,15,7,97,74,35,128,38,13,103,117,87,124,73,75,21,51,129,104,121,85,43,81,47,68,17,88,134,11,101,59,94,90,61,12,72,92,70,119,25,52,77,127,39,37,83,102,44,56,115,33,66,106,67,30,98,14,113,82,80,78,107,18,99,123
6,2
56,99,57,26,107,75,115,83,63,109,72,43,100,71,48,30,20,21,90,117,68,4,61,85,65,69,133,5,129,102,88,49,35,54,53,79,1,10,7,92,66,77,123,52,104,73,41,94,82,105,121,60,45,64,108,116,113,15,38,31,131,120,103,34,27,18,46,9,29,24,70,125,112,93,8,122,50,130,111,11,14,76,110,67,128,134,6,3,89,74,96,86,55,40,78,32,42,36,0,17,135,2,12,126,39,80,124,44,127,19,132,13,47,58,16,59,95,87,25,119,114,23,101,91,33,28,118,37,22,97,106,84,81,98,62,51
2,1
95,129,37,100,115,54,64,57,30,65,91,85,97,24,123,126,71,19,92,101,78,110,62,93,3,69,89,81,58,29,12,88,25,104,40,96,51,125,74,94,35,73,119,2,120,133,127,76,31,112,27,32,121,98,59,70,106,77,103,111,134,43,60,108,72,5,45,99,56,118,4,63,10,39,105,21,38,16,0,17,87,42,132,83,22,61,52,135,34,128,47,82,55,114,107,113,49,68,13,44,15,75,6,122,46,14,130,131,67,117,53,8,66,26,109,33,84,79,18,48,28,23,1,7,86,102,116,124,9,11,41,20,50,90,36,80
2,3
56,16,44,109,118,18,54,33,3,88,62,52,81,108,25,131,2,75,39,111,8,19,116,84,43,102,90,72,70,7,37,80,73,85,48,133,76,121,77,29,63,17,35,30,49,0,41,59,127,101,129,104,128,92,134,112,74,96,114,26,94,53,120,40,86,100,4,64,13,65,32,71,103,106,61,22,83,110,47,119,42,55,115,28,23,27,107,78,31,58,10,124,91,6,57,69,95,11,97,36,50,5,24,46,122,68,125,113,105,126,132,21,15,1,60,123,67,99,93,89,82,117,38,20,135,45,9,12,34,14,66,98,51,87,130,79
3,3
25,125,35,68,58,36,33,53,94,83,1,111,40,79,20,73,56,55,117,31,34,120,41,59,30,15,131,10,119,132,32,4,91,14,106,65,128,5,21,38,0,77,108,57,102,96,52,60,54,19,28,16,85,24,133,82,100,75,47,95,124,64,99,78,88,113,23,90,129,12,86,127,84,76,72,7,118,8,103,26,39,48,2,121,13,27,71,114,130,115,67,37,61,50,22,135,87,3,49,6,17,104,134,122,101,69,46,44,80,81,74,42,45,29,63,66,62,109,92,9,93,51,97,70,126,43,112,123,105,18,89,110,11,116,98,107
6,6
0,27,110,7,102,129,115,91,35,41,30,133,54,114,59,50,19,60,118,123,53,3,28,26,51,20,127,113,24,70,56,68,134,119,2,32,43,5,11,49,105,103,83,1,57,130,92,66,58,100,10,74,132,86,98,44,14,46,73,84,122,39,93,124,111,55,97,6,21,16,47,29,22,78,106,96,15,88,99,48,116,89,131,126,72,65,117,109,120,71,87,40,95,38,135,64,25,9,37,85,81,121,104,90,63,62,108,112,80,94,79,31,33,23,61,13,36,12,67,75,101,125,128,42,45,18,69,76,82,34,4,52,77,8,17,107
5,3
53,128,94,78,88,13,105,70,11,49,21,116,81,18,34,29,50,113,54,123,74,1,111,65,93,22,62,20,73,3,126,92,129,19,45,104,33,82,84,6,69,44,97,134,40,125,30,27,67,124,5,115,135,51,133,80,36,16,14,95,110,57,58,103,64,91,107,87,25,23,96,75,15,131,83,109,32,90,102,46,101,37,127,43,99,112,41,121,118,0,132,63,117,31,114,10,26,77,122,56,9,86,28,100,76,89,24,52,66,47,108,55,72,12,2,120,79,39,130,7,98,59,71,61,48,106,60,119,38,85,8,4,68,17,42,35
6,1
102,85,7,58,15,1,48,122,32,51,52,23,112,81,2,76,98,26,116,92,90,25,43,105,41,50,38,33,54,17,129,53,117,62,46,107,95,87,70,64,123,56,71,132,18,5,134,126,60,133,124,82,42,49,89,28,113,29,108,67,97,3,121,115,9,13,12,36,40,128,0,100,88,94,20,111,14,130,99,79,63,72,16,73,57,69,30,104,45,19,37,39,131,4,59,68,91,44,109,22,74,127,10,21,47,6,65,96,118,75,80,11,24,77,78,61,27,120,125,35,34,93,114,84,106,83,110,66,55,119,135,101,8,31,103,86
6,3
81,52,70,67,51,101,114,108,72,50,65,106,128,10,127,57,93,118,125,98,29,22,111,14,47,77,16,18,37,104,103,123,131,74,41,43,34,23,58,27,40,99,1,33,105,83,85,92,75,48,121,31,107,82,100,68,124,2,91,19,46,69,120,97,134,133,110,21,32,116,42,11,132,38,129,95,24,0,78,89,12,44,17,59,26,96,4,86,20,60,71,87,6,119,64,55,117,30,53,36,73,90,39,63,15,113,56,9,109,130,54,3,28,115,35,8,102,135,79,84,80,62,61,25,49,13,66,5,45,112,126,122,88,7,76,94
2,2
6,54,22,96,65,99,71,47,124,44,107,98,117,104,127,17,91,45,57,79,77,112,122,132,73,69,53,29,75,48,64,95,120,33,105,25,115,40,81,16,97,103,133,87,56,68,24,90,72,32,35,13,74,58,84,114,51,31,66,80,82,23,0,34,28,109,5,70,92,26,102,135,14,85,9,20,52,60,106,113,12,67,10,134,130,42,116,121,18,36,94,19,7,125,128,30,43,126,62,86,101,100,55,76,41,61,118,49,37,27,3,63,78,89,15,111,38,59,108,123,50,1,110,39,129,46,88,119,8,4,83,131,2,21,11,93
3,5
108,100,80,10,116,11,131,88,104,58,9,1,122,46,48,40,109,71,17,110,6,78,12,95,135,0,120,32,112,3,126,69,93,26,73,132,76,31,125,4,2,43,67,128,25,63,85,114,22,39,45,94,97,65,66,49,107,87,35,61,29,115,20,53,79,99,82,119,130,105,121,124,50,129,15,60,91,30,8,54,117,51,127,23,70,84,59,36,111,134,106,42,5,44,28,27,81,19,57,72,47,56,86,89,90,16,38,74,77,133,92,75,62,13,33,7,103,52,24,83,55,123,14,41,18,37,98,34,113,102,118,101,96,21,68,64
3,4
135,15,133,64,0,48,6,11,2,128,94,112,46,84,87,9,29,47,12,5,56,99,70,59,120,79,98,57,97,96,78,115,101,60,43,107,122,109,52,71,22,55,80,16,108,21,39,103,95,10,7,65,132,4,45,126,72,54,61,125,91,83,41,117,33,134,30,100,34,13,88,114,28,119,49,38,18,27,25,106,82,3,92,1,85,50,66,129,131,68,35,130,26,116,62,77,105,67,8,123,24,76,69,73,93,118,86,110,17,81,14,51,74,90,19,63,31,89,58,111,37,113,124,32,121,20,23,127,75,53,36,40,102,42,104,44
3,6
11,103,34,73,89,133,91,64,130,8,45,57,72,105,51,56,126,48,66,10,122,50,97,104,39,18,22,132,9,116,90,79,54,70,19,43,40,75,35,121,80,93,58,32,112,71,4,20,33,2,134,27,110,13,74,69,96,17,60,16,6,7,12,46,100,114,0,23,37,42,101,102,3,82,44,94,125,98,111,109,131,68,81,77,25,53,76,62,31,47,38,92,41,14,129,135,123,117,107,30,83,15,36,21,115,99,124,119,88,85,65,55,59,63,108,49,106,24,29,95,28,84,127,86,78,1,120,87,26,118,113,5,67,61,128,52
1,3
62,64,95,108,60,18,103,110,14,66,32,15,127,5,26,45,89,31,4,113,17,84,61,24,105,106,74,79,125,42,104,107,112,11,58,63,132,81,100,12,47,130,9,135,30,0,8,77,46,133,119,22,78,75,33,122,29,48,118,99,6,1,80,123,3,41,23,16,43,67,52,57,98,19,49,21,88,35,39,44,101,72,54,128,70,7,53,10,91,34,20,83,93,68,59,50,94,92,69,115,131,27,102,13,96,87,82,109,40,134,76,73,37,124,129,65,28,25,126,111,86,85,120,116,55,36,97,38,90,56,71,121,117,51,2,114
4,4
106,134,37,54,34,92,2,90,110,56,44,68,123,86,33,95,63,38,112,104,62,28,83,58,121,45,48,42,24,133,135,114,113,82,126,75,3,13,26,4,12,87,20,128,23,80,7,17,89,10,8,71,47,118,107,96,36,43,120,40,59,69,111,108,98,91,93,0,57,32,117,6,81,21,31,132,130,29,22,67,46,131,53,52,109,60,15,97,85,127,65,100,35,73,99,74,84,88,77,11,122,124,125,94,105,51,66,5,41,1,61,78,39,103,102,16,116,19,76,72,50,129,25,18,55,14,30,79,9,64,115,101,27,49,119,70
6,1
8,70,34,103,16,27,57,95,123,87,14,38,56,92,45,99,36,9,2,76,46,129,115,0,91,13,127,86,41,116,4,125,18,110,1,134,118,12,5,69,17,26,55,120,67,54,25,31,11,128,114,49,63,82,59,88,52,131,62,40,80,126,23,119,28,90,15,101,94,117,130,89,65,78,51,122,19,109,98,75,85,74,37,24,106,77,71,132,30,133,93,112,33,39,79,84,10,60,124,44,43,53,68,107,20,83,7,42,96,22,105,29,47,100,104,113,6,3,32,73,81,58,72,102,111,135,50,61,21,48,121,35,97,108,66,64
1,5
21,41,32,108,19,129,98,92,132,29,50,131,103,16,120,73,99,10,83,61,34,6,81,90,28,2,53,20,24,121,112,30,11,111,82,134,118,93,86,54,65,84,77,18,91,64,52,48,62,87,78,124,38,22,25,4,37,0,116,113,7,46,35,110,26,57,39,135,17,119,130,94,47,75,133,59,15,33,1,12,71,9,126,27,106,74,58,67,127,105,128,23,40,100,104,88,72,115,79,101,96,42,122,68,14,63,45,56,85,43,3,102,31,49,76,69,125,8,44,117,70,114,55,66,107,109,95,51,60,89,80,123,5,97,13,36
2,3
42,61,55,112,118,23,37,133,129,34,71,6,91,66,44,50,30,82,29,116,89,123,85,79,92,15,19,135,62,41,58,21,108,80,24,60,106,131,84,77,59,113,111,96,51,128,76,45,47,53,16,48,2,4,5,67,39,95,114,46,43,90,124,22,100,132,115,99,17,127,97,122,73,130,107,68,102,38,13,105,54,104,10,12,28,40,101,72,25,9,86,70,52,69,14,126,109,36,75,103,1,49,26,81,11,94,7,18,31,35,78,88,56,20,93,64,32,65,121,8,0,57,117,120,33,83,63,87,74,119,134,98,110,27,3,125
6,6
102,116,119,86,27,51,49,71,108,13,123,132,5,2,25,79,47,40,99,122,130,126,34,61,85,0,1,131,57,118,56,55,125,60,29,80,70,89,103,44,15,33,133,8,46,42,22,3,109,124,105,31,68,11,7,19,84,129,72,92,16,83,9,98,69,20,10,113,45,76,63,53,90,77,114,23,26,101,65,82,96,106,107,17,37,12,36,39,120,66,78,32,6,30,62,134,117,75,112,28,93,73,91,100,43,58,121,21,74,97,64,18,50,110,54,87,127,38,14,52,115,4,135,35,94,41,111,59,67,24,128,81,88,104,48,95
3,5
125,80,40,59,19,133,74,37,132,11,114,92,9,29,121,1,61,93,89,31,65,122,45,64,81,67,83,99,57,75,131,51,115,111,79,71,26,32,20,62,109,110,85,120,108,127,90,86,17,49,54,96,13,126,28,128,88,47,18,66,52,103,84,94,135,4,56,42,12,117,76,118,48,39,102,25,3,119,116,53,30,82,112,78,106,8,60,27,63,24,113,34,129,0,87,73,7,22,43,10,97,107,69,72,5,55,130,91,58,46,33,95,134,38,2,16,15,77,70,104,68,44,98,36,41,21,124,14,23,123,105,35,100,50,6,101
6,2
82,96,57,35,130,31,93,98,134,67,42,116,108,106,11,102,122,0,117,61,53,78,63,39,110,85,99,65,62,22,23,126,68,50,29,125,44,19,120,109,56,21,54,84,18,90,103,77,13,1,6,7,24,114,3,9,40,32,45,58,133,52,4,89,26,34,105,59,76,66,87,71,51,131,47,48,79,12,97,73,17,2,94,127,124,60,30,113,70,86,28,14,121,15,64,95,118,129,92,107,104,135,37,91,41,55,36,111,49,25,69,10,46,88,33,27,74,83,115,123,8,112,75,81,5,80,43,119,72,100,132,101,20,128,38,16
3,2
45,101,64,10,85,133,22,23,35,95,43,58,132,122,13,29,104,1,47,125,2,25,19,28,93,3,4,99,75,74,49,106,119,126,129,67,78,77,32,87,109,80,59,123,52,50,73,31,37,105,135,39,127,62,118,71,108,42,92,44,0,8,26,24,81,51,90,79,97,72,116,120,83,66,128,12,86,38,16,110,117,112,107,65,69,46,17,56,57,15,48,96,14,11,6,91,21,84,5,60,27,53,55,103,130,113,18,36,61,98,54,68,94,76,40,30,100,9,82,7,41,70,121,88,33,131,102,114,134,111,115,89,34,20,124,63
2,3
23,64,92,8,0,104,40,111,112,35,60,120,36,79,45,71,1,90,29,44,12,124,22,70,5,55,131,118,33,20,51,96,135,34,115,101,89,50,103,17,133,109,85,128,84,82,87,93,134,95,78,49,83,102,126,81,32,127,62,7,58,6,110,54,47,74,66,107,91,122,48,24,13,9,125,108,11,14,28,4,39,86,15,26,105,106,43,3,88,68,113,41,114,56,98,80,121,67,75,130,63,52,37,76,77,129,65,10,42,59,97,100,27,117,73,2,16,69,99,61,53,30,25,19,18,31,94,116,21,72,132,57,119,38,123,46
2,1
100,92,63,39,1,28,10,9,35,85,66,0,122,7,125,115,83,94,107,135,15,132,61,82,109,105,11,52,19,76,130,51,34,101,2,27,16,77,57,68,24,104,133,89,58,5,17,129,111,110,97,117,69,8,55,32,67,48,123,42,73,102,91,79,84,33,43,36,50,131,20,127,96,80,56,113,13,86,116,29,126,49,114,71,31,72,112,99,60,40,25,26,134,128,6,54,119,22,21,88,124,75,44,45,70,14,81,23,38,53,37,93,78,98,106,59,46,30,65,120,108,95,12,3,90,74,64,18,121,41,4,47,62,118,87,103
6,3
15,110,89,46,130,65,102,92,96,62,120,33,86,69,32,95,28,8,2,133,64,34,30,121,104,97,39,131,70,91,107,111,132,74,9,124,115,50,59,22,1,19,108,118,17,20,85,79,87,84,16,40,100,41,12,114,7,42,18,13,49,101,38,23,58,47,3,125,90,35,119,113,36,99,27,134,126,52,53,129,122,37,45,81,105,31,29,51,57,93,4,80,135,73,6,63,76,10,21,75,66,77,109,88,98,94,123,82,83,54,43,25,103,55,68,106,127,78,128,116,67,61,60,117,26,14,72,71,24,112,44,56,11,5,48,0
2,5
18,86,42,128,68,78,76,57,124,135,31,126,134,100,104,91,25,131,119,103,37,66,14,5,54,107,21,4,113,60,132,70,112,1,106,30,62,50,118,116,121,2,90,99,33,74,41,88,92,35,55,34,80,6,123,77,47,17,84,110,51,79,67,72,52,20,49,19,39,96,12,133,114,27,129,16,40,8,7,93,44,111,61,15,28,58,43,127,102,98,32,53,46,59,101,69,108,11,85,13,23,115,36,75,24,63,120,117,83,10,22,3,26,95,105,38,122,56,48,89,81,0,45,82,64,9,109,130,73,125,97,65,71,29,87,94
3,4
121,56,79,87,104,117,85,92,116,94,107,95,98,37,61,57,106,102,110,41,50,59,15,60,7,72,4,91,86,55,6,22,112,29,89,51,17,126,21,74,115,24,108,19,70,128,77,78,25,16,69,81,105,65,1,31,20,11,44,96,111,80,12,26,127,23,2,114,75,134,14,45,113,3,43,47,66,101,109,33,76,62,36,120,67,118,39,84,119,30,48,99,42,18,49,35,90,130,9,40,28,38,64,54,131,129,5,132,93,133,123,27,10,58,13,88,135,71,8,46,83,53,82,125,97,103,0,73,52,100,34,124,32,122,63,68
5,5
123,106,115,2,103,114,9,53,45,50,42,71,48,49,92,29,56,124,102,23,58,69,87,109,74,37,22,8,3,95,66,46,26,101,96,35,13,72,61,90,25,88,120,14,1,116,105,38,97,104,121,112,93,78,54,80,83,82,119,4,7,5,10,60,129,108,17,0,52,20,107,128,118,98,51,85,68,18,16,57,21,19,24,70,63,30,91,73,41,77,34,113,67,126,62,39,125,111,27,94,65,15,100,99,117,84,47,31,79,133,86,6,134,75,44,89,76,135,130,36,122,64,55,132,131,11,110,43,28,127,32,59,33,81,12,40
1,2
6,13,45,94,16,61,78,99,23,67,19,59,88,70,41,115,1,14,7,46,82,12,26,108,33,75,123,114,51,4,93,89,47,116,3,62,10,73,79,43,128,91,103,124,60,5,81,84,90,57,40,86,68,39,58,132,29,109,95,54,102,85,30,22,101,65,9,2,50,71,100,8,21,117,52,76,113,119,25,63,36,0,49,37,53,122,66,28,20,11,111,64,35,24,80,48,74,112,27,121,98,130,97,56,83,44,34,107,118,32,104,77,15,38,110,134,92,18,129,72,42,31,106,96,135,131,126,133,69,120,125,17,55,127,87,105
6,4
43,108,40,102,58,94,111,49,118,67,79,62,120,131,98,38,100,60,41,47,127,13,63,107,35,128,119,34,8,55,51,85,54,129,95,93,113,99,64,48,82,27,123,89,22,26,46,96,15,84,69,109,121,115,39,4,117,66,112,33,75,5,86,42,97,125,81,76,11,37,83,24,122,10,3,50,110,90,73,78,57,32,2,92,17,12,21,71,14,70,56,106,29,103,68,52,114,7,126,23,16,132,44,104,116,80,36,87,105,61,9,6,65,135,74,77,0,1,53,30,91,124,31,101,88,59,25,18,19,72,20,133,45,130,28,134
3,3
83,121,73,5,90,22,135,67,70,68,35,95,39,33,23,104,21,34,111,40,14,56,82,66,11,93,117,12,109,41,114,126,124,28,77,101,133,132,36,113,37,74,79,84,4,49,112,123,85,55,44,8,80,71,6,15,65,29,72,76,26,9,131,61,51,16,32,59,27,130,45,96,7,1,48,107,91,62,125,64,17,50,46,94,47,38,31,105,30,57,24,18,42,100,10,69,75,78,87,0,99,19,116,20,98,89,2,13,63,134,128,103,58,52,54,86,3,115,122,118,108,102,97,106,25,127,81,129,88,53,119,43,110,92,120,60
4,1
27,76,56,55,126,69,113,134,47,111,58,103,3,71,86,130,26,41,131,92,91,31,87,73,33,35,128,42,18,135,53,23,80,64,81,75,15,123,39,109,54,25,21,110,67,85,52,83,38,61,57,0,14,70,43,118,20,40,107,66,82,1,2,95,96,7,8,90,36,9,101,29,97,115,11,124,119,45,120,121,127,32,49,17,129,30,37,77,60,65,93,94,24,133,117,100,44,46,62,116,114,99,6,28,78,10,16,5,105,48,19,108,63,104,13,112,122,59,34,132,106,74,4,89,98,88,50,125,51,12,68,102,79,22,72,84
1,1
105,30,110,5,22,64,38,83,131,114,56,96,69,128,48,130,120,135,103,109,129,91,68,106,125,26,72,40,31,127,19,57,46,86,0,132,44,41,95,65,119,52,126,55,80,123,89,11,25,42,2,98,133,104,75,97,67,82,12,124,90,47,8,99,36,84,9,107,4,33,81,60,51,15,1,93,35,66,14,74,92,87,45,39,6,73,28,24,49,63,77,118,3,20,122,13,94,21,111,62,16,78,58,27,23,53,37,18,85,61,71,112,43,32,116,50,134,115,100,108,113,101,59,121,54,10,70,88,76,117,17,29,7,79,34,102
1,4
18,5,103,6,45,11,117,39,113,127,84,24,15,109,111,26,16,106,50,30,41,35,0,131,9,97,135,72,31,66,119,10,12,49,74,59,63,90,95,62,67,116,54,128,13,48,76,3,19,55,130,51,44,99,1,83,70,53,60,133,73,14,28,23,118,85,40,69,25,89,56,124,33,42,129,121,2,107,82,112,77,43,105,87,98,100,75,61,78,37,20,38,7,108,104,110,71,96,8,65,57,80,81,58,134,4,91,79,123,92,52,17,120,94,64,114,93,125,115,46,36,29,34,32,22,101,102,21,68,86,47,132,122,27,126,88
2,4
102,92,89,44,123,124,113,114,77,34,15,73,49,130,111,107,112,105,55,76,1,37,42,83,133,134,78,26,10,118,65,60,101,132,38,40,96,43,16,53,115,46,11,32,72,63,70,57,109,91,79,120,45,80,31,27,84,69,94,29,67,121,54,129,23,56,25,59,12,2,110,95,127,81,126,131,19,108,33,39,104,13,64,86,8,52,28,122,99,125,21,35,100,0,75,98,18,20,6,51,17,116,128,14,61,5,41,9,66,88,87,30,106,36,3,74,22,62,4,68,48,135,71,47,50,103,119,7,82,117,24,85,97,93,90,58
3,3
32,126,19,110,98,108,85,9,96,90,26,13,33,84,109,125,62,116,49,64,73,118,31,72,89,18,131,132,128,91,27,3,35,130,107,53,78,92,133,47,2,20,127,7,120,23,75,30,122,28,95,88,99,101,17,105,79,97,100,74,1,103,124,39,34,5,121,66,111,71,57,114,6,65,87,93,29,0,14,25,83,48,129,46,38,11,117,76,61,43,86,12,123,59,55,52,45,37,42,51,8,10,94,68,106,119,15,63,67,16,58,69,115,56,44,21,134,82,112,24,60,135,80,77,36,81,50,22,113,4,41,54,70,40,102,104
4,3
99,64,129,38,84,20,25,86,114,81,107,89,85,46,88,29,87,93,56,130,125,37,128,74,27,39,124,73,108,97,53,76,21,113,19,42,30,12,62,121,122,15,67,72,23,135,109,115,13,47,55,60,92,95,7,50,106,131,98,102,127,6,70,5,11,66,9,14,112,80,59,8,61,54,65,103,132,34,18,101,1,105,24,118,31,100,10,3,57,111,82,51,77,35,116,43,91,110,123,33,96,58,134,119,32,90,68,75,79,48,36,133,104,22,26,2,94,52,83,45,117,63,28,49,69,120,126,41,44,71,17,4,0,40,78,16
5,3
9,61,55,113,90,38,114,2,49,14,77,35,58,99,106,53,34,18,66,39,50,15,47,115,130,82,69,65,127,79,93,42,30,119,54,122,31,8,126,97,48,40,110,52,20,108,60,70,91,0,95,85,112,134,63,59,98,36,41,29,120,19,125,4,103,102,33,28,105,3,56,43,25,16,129,23,75,7,133,24,13,51,1,83,123,45,101,124,128,107,12,132,111,57,11,86,62,104,88,26,109,67,78,46,6,10,87,117,94,32,68,89,72,131,118,71,27,73,76,135,81,44,22,21,121,74,96,100,64,37,92,5,80,84,17,116
4,6
70,53,48,42,126,86,103,78,60,77,114,56,13,6,45,74,131,47,104,2,117,115,12,43,65,44,97,19,30,100,20,9,90,99,89,73,118,66,102,55,35,122,111,95,84,120,27,128,108,91,59,28,79,83,64,107,124,58,46,7,127,32,21,110,18,0,50,3,31,96,133,40,123,135,85,1,25,87,121,129,93,101,76,23,8,69,33,10,113,62,39,116,92,37,63,130,94,61,11,5,49,38,15,134,112,68,29,16,57,109,75,4,119,17,51,132,125,72,26,41,14,88,82,36,54,105,71,80,22,106,98,52,34,24,67,81
1,5
81,132,86,124,39,43,35,116,48,106,129,104,4,25,0,66,123,29,88,92,40,61,83,102,79,13,49,74,52,97,128,93,37,117,65,5,75,111,115,68,91,90,76,18,62,24,38,17,133,82,51,89,112,36,56,72,130,6,41,125,9,46,7,27,59,26,120,77,96,34,54,131,71,22,109,1,70,87,108,95,21,42,14,58,126,103,134,64,10,53,110,45,15,105,33,101,63,2,80,44,8,23,73,3,67,12,119,114,11,100,31,50,127,20,107,30,135,16,69,85,47,118,19,99,32,122,78,113,60,57,98,55,121,28,84,94
4,6
55,62,128,42,58,89,130,92,45,51,91,120,25,88,15,73,29,95,132,14,97,76,104,46,107,37,47,96,115,59,126,36,16,18,41,72,20,90,124,26,133,63,39,61,10,119,116,21,0,64,8,93,52,112,1,57,134,103,48,31,99,105,85,50,27,32,65,68,3,54,114,7,5,117,17,123,24,86,125,38,75,74,28,83,9,111,66,77,33,53,70,78,135,71,11,98,131,34,56,101,44,108,69,23,19,43,4,110,40,94,67,81,109,118,84,60,6,82,2,30,100,87,113,22,121,12,49,129,127,13,106,79,35,102,122,80
4,4
43,129,9,65,39,67,122,128,54,13,37,33,16,118,66,51,88,90,124,49,82,5,92,119,52,1,116,85,107,7,83,77,59,60,94,11,80,135,38,98,84,56,120,71,0,86,78,103,14,31,20,125,55,70,28,87,126,18,134,113,104,36,10,17,117,127,45,73,114,76,34,133,64,102,22,4,63,41,81,32,3,6,47,8,112,105,35,97,123,40,57,44,96,75,58,93,15,121,27,100,108,26,115,91,23,12,89,62,25,2,61,48,74,19,29,130,101,132,30,95,109,24,72,99,53,21,79,42,106,131,46,68,69,111,110,50
3,3
107,90,117,102,119,15,55,10,29,11,100,74,110,39,27,12,87,118,13,60,40,46,77,20,70,52,18,54,38,36,81,109,95,7,33,25,103,23,44,65,85,86,8,4,3,67,124,123,96,132,35,50,116,34,131,112,14,2,128,115,101,91,83,76,130,75,16,108,114,62,98,125,24,31,93,21,73,6,57,28,56,41,37,82,111,68,79,121,32,51,1,5,78,129,133,66,122,63,127,84,99,49,17,47,94,19,26,53,69,135,43,64,120,105,59,89,72,61,88,58,9,45,106,42,22,92,126,48,71,30,104,97,134,113,80,0
3,4
100,12,69,91,37,104,47,38,95,11,14,36,130,118,83,49,107,70,34,23,87,99,56,105,18,54,60,77,132,119,55,84,123,74,135,89,125,63,66,33,114,13,72,42,111,15,108,102,46,35,96,90,122,97,129,61,10,126,94,110,51,5,86,8,134,59,62,117,79,88,106,32,50,93,133,0,127,24,103,124,64,80,21,85,30,27,113,9,4,22,31,29,131,120,57,68,43,78,81,6,67,44,17,26,7,1,19,112,101,115,116,109,73,71,75,41,45,48,40,65,76,28,3,25,52,121,2,20,92,16,98,53,39,58,82,128
3,3
62,73,63,42,15,65,18,83,26,88,95,77,36,74,58,29,71,106,55,20,8,11,109,131,127,101,10,35,104,82,96,125,64,117,126,47,21,103,105,69,32,80,39,14,49,108,56,48,89,76,41,75,87,46,79,54,7,133,114,40,78,59,28,19,57,66,122,61,9,2,34,44,5,72,4,92,84,30,6,24,113,116,94,17,16,100,13,51,97,130,132,22,1,91,129,98,119,121,43,12,67,23,68,53,90,3,33,110,86,37,124,93,38,115,111,50,27,60,25,70,107,120,81,0,45,31,112,123,99,134,128,102,135,118,52,85
6,2
127,2,132,12,46,4,112,44,64,102,63,117,73,72,0,125,66,19,67,1,75,71,94,62,114,124,97,78,17,118,59,42,130,133,26,98,74,49,31,65,15,33,113,52,39,23,57,81,41,53,24,99,68,13,104,85,89,110,40,34,79,88,128,91,131,43,51,126,48,84,55,60,134,69,119,28,10,58,29,86,14,32,111,30,103,20,6,54,82,92,21,11,47,101,109,116,5,45,135,87,16,93,80,7,25,36,70,115,50,96,129,108,123,38,107,8,9,121,106,90,122,95,61,37,22,18,83,76,56,120,3,77,105,100,27,35
6,5
76,104,54,79,68,30,26,108,21,43,70,83,81,32,44,5,38,130,131,67,55,78,64,50,106,3,4,86,1,71,13,91,105,61,20,17,22,57,41,80,97,89,2,121,66,90,16,74,9,25,37,29,87,35,96,34,112,125,111,6,124,19,123,28,18,8,53,118,7,31,133,14,42,10,46,101,56,33,85,115,99,134,51,75,122,94,36,98,82,0,65,52,119,12,62,84,58,129,72,103,23,114,110,135,60,126,15,63,11,24,39,100,49,73,127,128,116,77,113,95,132,92,40,69,45,59,27,120,47,93,107,48,102,88,117,109
2,6
127,8,99,133,129,73,17,108,134,2,16,59,105,55,48,22,47,98,36,80,110,10,33,44,94,114,102,7,76,11,69,66,71,60,106,58,3,83,93,130,38,34,117,62,125,87,85,82,32,72,96,18,65,35,53,109,74,79,12,104,100,4,54,26,135,25,95,91,68,123,128,27,101,84,81,64,131,57,61,24,113,52,20,115,49,77,86,19,28,124,29,13,51,46,119,111,78,15,21,126,1,112,41,42,0,63,118,90,56,121,132,116,23,30,31,67,39,89,97,92,43,88,40,14,75,70,122,107,5,45,50,9,120,103,6,37
5,5
45,60,49,3,127,62,57,117,44,15,46,35,52,78,100,124,98,32,4,25,99,70,72,92,131,111,71,105,94,59,115,93,18,119,81,67,107,129,2,106,24,130,80,13,34,41,86,14,53,79,58,11,28,22,135,120,88,73,10,89,19,74,16,85,43,26,21,40,109,7,42,63,66,122,101,125,112,5,54,95,56,103,102,48,97,1,51,9,69,29,55,132,38,68,128,121,77,6,23,82,50,37,64,31,33,39,123,30,36,75,87,83,91,90,108,17,114,96,84,134,113,76,126,47,20,118,110,104,0,133,61,27,8,65,12,116
6,1
