3,99,29,27,46,31,23,68,112,86,97,55,57,95,129,101,8,52,73,116,63,4,90,61,40,127,102,134,92,79,115,89,78,35,93,43,106,103,82,105,51,94,58,72,76,36,133,53,13,7,119,107,37,50,135,125,67,128,111,110,123,124,10,96,60,69,1,70,131,122,132,121,38,11,120,32,25,48,16,6,75,15,130,81,113,21,59,42,54,66,0,77,45,64,14,56,100,33,19,24,20,80,47,88,71,26,108,49,91,41,18,74,118,2,44,34,5,126,39,83,62,65,17,114,109,104,28,9,98,85,84,12,22,117,87,30
6,2
53,24,91,71,111,51,128,113,48,92,34,39,45,94,33,68,42,119,57,125,11,102,105,61,20,133,70,72,74,107,85,22,135,132,73,103,89,46,93,83,63,122,1,98,41,9,17,78,50,8,44,5,47,2,118,58,28,16,121,59,26,112,6,84,37,81,131,130,104,65,96,117,76,19,21,108,109,36,40,77,62,129,7,55,114,49,38,56,32,12,23,86,82,25,134,29,95,31,80,127,101,120,54,97,43,66,116,15,100,75,115,90,88,14,0,110,60,79,64,52,87,18,27,10,30,124,35,126,99,4,3,123,106,67,13,69
6,1
28,99,18,65,102,49,130,53,24,40,76,8,26,47,90,61,95,85,3,78,116,57,83,94,52,11,64,100,9,36,48,104,98,82,50,66,81,58,77,97,101,96,123,37,109,17,25,34,60,72,87,129,62,89,32,124,71,35,91,107,108,126,44,84,7,63,120,41,128,122,70,114,79,31,15,16,75,59,125,68,14,127,106,55,0,43,131,105,12,51,39,103,27,135,10,86,111,2,56,20,46,19,6,132,33,30,73,45,113,133,115,23,38,112,74,22,88,13,134,119,5,121,54,42,67,69,4,29,118,117,21,92,80,93,1,110
4,6
94,34,19,120,52,61,91,88,3,97,63,121,33,54,49,108,127,90,16,14,71,68,95,1,64,134,133,98,51,12,131,9,106,25,135,2,42,6,83,87,4,43,77,22,58,101,15,18,85,67,119,36,13,65,66,41,35,102,62,129,123,73,40,132,28,44,105,100,74,115,59,112,24,128,80,114,57,107,30,10,86,103,110,84,20,7,76,31,21,17,37,125,11,89,116,0,38,124,70,26,72,118,109,47,130,45,79,99,32,111,56,104,96,82,113,92,27,48,60,5,93,126,46,78,8,81,23,55,122,69,29,75,53,117,39,50
4,2
82,50,5,45,132,130,55,108,27,67,133,29,76,90,71,20,59,78,10,112,75,95,6,84,125,12,79,135,66,43,54,93,87,22,111,13,24,124,114,18,63,60,77,113,116,1,36,73,2,56,121,65,91,15,102,104,117,83,100,128,53,72,58,46,68,3,33,4,134,122,28,96,14,118,119,49,25,30,99,110,89,92,107,39,42,21,35,57,11,17,0,16,47,61,88,62,127,32,97,80,69,115,105,103,129,41,51,64,123,74,7,85,94,52,120,37,40,98,126,86,19,23,109,38,31,8,34,44,26,106,81,131,9,48,70,101
6,6
75,73,116,12,49,16,34,10,22,36,127,124,95,103,42,133,129,79,81,35,134,53,86,45,74,18,96,93,119,77,87,98,94,48,76,113,135,82,0,71,46,83,27,106,104,70,23,32,100,66,72,38,21,30,57,61,25,67,101,117,120,131,14,1,11,118,65,63,52,19,85,109,64,58,40,5,6,68,130,110,122,24,97,92,54,89,60,51,91,17,20,102,69,43,28,80,37,9,26,44,41,78,126,125,31,115,56,132,105,108,111,128,55,99,47,107,121,62,15,8,13,123,112,90,59,29,33,84,50,88,2,4,114,3,39,7
3,1
30,10,49,12,35,118,102,57,62,11,21,121,130,65,39,87,89,126,8,28,131,116,16,107,24,99,9,104,115,58,25,60,134,74,63,100,68,53,69,119,135,132,101,33,95,42,122,26,5,46,79,133,77,36,51,56,88,14,94,17,78,91,2,82,55,59,90,110,7,120,18,72,86,96,109,6,23,114,38,20,27,48,47,66,125,40,108,73,67,92,97,4,29,70,129,61,127,84,13,0,71,124,1,117,37,44,111,45,103,3,81,52,50,19,93,34,22,85,31,128,64,54,76,80,106,98,83,113,123,105,43,112,15,75,41,32
6,1
15,98,69,24,134,10,36,61,39,131,76,29,42,54,122,65,133,57,79,121,17,38,95,0,25,3,48,135,50,64,115,51,19,106,44,132,77,130,53,34,67,68,116,80,87,6,83,59,100,32,58,60,71,26,4,114,113,97,107,117,102,9,12,41,49,13,2,45,30,108,85,120,109,40,16,96,27,105,86,21,111,124,56,14,8,99,35,103,31,118,7,33,90,101,92,129,62,46,74,94,82,125,37,88,63,23,110,123,52,93,112,89,126,18,1,91,22,66,119,84,81,78,75,55,5,11,104,70,72,20,73,47,127,128,28,43
4,4
44,113,12,50,131,92,1,34,80,75,126,94,82,67,86,72,125,88,123,31,42,107,74,103,5,100,3,4,106,51,17,68,10,69,117,61,116,130,127,16,58,28,110,77,121,25,14,133,120,7,83,115,2,114,8,118,122,135,62,43,56,32,26,128,93,13,47,111,91,63,22,52,134,40,9,81,108,19,105,99,78,33,54,85,87,37,98,65,23,102,53,112,41,30,48,73,129,119,79,46,101,84,66,39,15,124,55,38,20,90,71,45,0,104,97,11,76,36,59,60,57,29,24,49,64,6,95,35,96,109,21,70,132,27,18,89
2,6
20,35,61,17,70,31,56,105,14,47,65,120,18,94,75,8,76,69,132,25,0,88,4,134,33,37,121,42,107,26,12,51,122,1,123,83,32,110,2,46,99,29,103,82,77,74,21,87,133,73,19,27,131,7,127,63,92,24,97,113,48,104,5,28,58,119,111,89,114,116,85,50,15,118,67,34,60,11,23,109,40,124,57,101,90,30,10,98,106,80,16,45,125,117,44,102,84,115,41,81,108,71,126,62,95,78,6,66,130,72,43,129,39,135,64,91,3,38,36,59,53,54,79,9,49,68,93,13,112,100,22,128,55,96,52,86
2,2
40,23,83,53,112,57,62,6,31,125,118,134,2,58,14,63,8,15,124,12,108,29,126,81,128,9,100,32,133,33,43,71,28,70,49,37,17,34,72,74,104,42,1,76,92,85,97,106,84,69,65,122,73,36,39,45,46,105,110,20,120,91,101,115,16,109,75,4,79,121,5,64,113,89,99,132,131,59,107,96,93,94,18,52,127,41,111,135,66,130,0,3,44,116,38,68,51,55,27,88,95,26,13,10,61,78,87,60,48,102,103,119,47,56,30,114,90,25,50,80,98,54,82,123,117,11,21,19,7,129,24,22,67,77,86,35
5,5
130,84,97,111,45,39,0,119,32,86,79,67,113,80,125,22,23,2,94,37,100,75,116,46,73,25,132,120,88,54,70,121,122,21,117,53,104,33,18,47,26,105,69,89,1,36,65,16,6,64,133,38,42,76,98,112,31,134,135,29,13,107,35,55,44,126,93,83,17,128,11,124,131,82,115,127,59,78,5,96,49,99,91,9,52,14,58,87,30,102,4,101,68,41,103,66,72,77,92,40,12,24,109,108,48,15,81,19,57,10,123,95,62,43,20,61,129,28,85,50,74,27,7,34,51,118,3,114,71,56,63,60,106,90,110,8
5,1
33,75,2,91,37,34,110,78,12,40,36,86,82,114,59,77,123,3,131,100,43,1,53,98,96,16,71,6,85,107,4,128,125,90,129,58,54,10,134,124,94,68,30,108,118,50,0,47,9,55,61,69,112,52,76,88,25,21,104,66,99,130,106,111,31,115,38,5,60,17,64,101,26,56,46,14,19,93,29,92,135,103,119,95,45,15,113,20,41,105,48,24,18,13,117,23,67,122,79,109,39,63,132,102,35,44,127,49,11,42,28,80,97,65,83,81,73,27,74,62,57,32,51,22,120,89,87,133,8,121,126,116,70,7,72,84
3,4
78,5,34,110,134,37,119,84,29,25,121,54,49,59,17,125,48,41,118,27,55,133,128,88,91,126,70,92,8,97,106,81,95,20,82,94,76,122,50,69,85,87,67,68,83,15,58,115,44,103,1,102,35,40,64,132,30,53,21,120,79,38,109,10,11,101,131,0,71,63,9,89,14,51,99,135,124,98,123,72,52,6,73,80,60,57,42,114,75,47,4,105,61,130,65,86,12,3,22,28,127,93,45,2,74,108,104,112,43,113,23,26,33,56,13,24,32,96,77,116,66,129,46,39,31,90,111,19,62,36,117,107,7,18,100,16
4,5
133,40,116,110,77,18,111,67,24,95,106,6,81,102,39,119,97,114,38,62,69,73,84,57,47,78,104,42,124,48,41,36,115,5,60,132,85,50,135,53,1,98,99,66,0,134,63,27,58,91,90,7,109,121,74,92,94,32,83,15,127,70,93,46,128,12,120,105,44,13,3,25,76,79,89,17,123,20,71,29,126,87,30,61,4,26,68,125,64,129,16,56,55,49,82,59,11,14,43,103,72,31,112,8,45,86,35,130,100,75,65,23,122,101,22,37,34,107,21,118,19,33,51,117,131,88,96,10,80,9,113,2,28,54,52,108
1,2
8,36,83,77,16,22,121,89,94,75,127,0,78,105,101,123,125,7,109,3,71,128,98,108,79,91,18,76,122,124,92,39,31,43,95,84,118,107,104,56,74,114,48,34,4,66,102,67,132,106,26,28,35,73,52,45,93,2,49,37,53,90,85,47,88,58,14,42,62,61,113,69,97,100,112,27,38,129,80,21,6,120,130,59,103,116,117,111,133,9,65,23,96,134,99,110,33,11,87,13,64,46,10,81,41,25,86,20,57,51,55,44,50,115,15,119,54,32,70,30,126,82,135,5,40,1,17,68,63,24,72,29,12,19,131,60
1,3
113,46,134,79,54,15,124,110,40,77,56,90,117,35,16,62,23,114,37,116,94,67,82,51,19,9,72,118,130,50,111,18,105,10,6,3,43,8,64,91,73,92,63,122,107,41,34,104,60,126,127,68,38,65,17,129,30,115,33,28,71,52,84,44,83,97,61,20,5,95,2,87,26,74,106,70,45,0,101,112,13,53,121,96,7,11,80,102,133,57,108,88,14,27,78,21,103,59,48,119,69,89,76,123,39,55,1,31,86,25,58,4,125,100,49,99,22,131,42,120,109,85,135,75,12,128,24,32,36,66,81,98,132,29,47,93
2,1
51,28,12,81,112,88,94,115,45,3,17,108,32,54,11,50,34,22,96,118,61,130,65,36,123,40,110,49,106,35,114,0,111,19,101,107,90,134,78,10,44,74,69,103,52,48,56,39,31,135,132,82,128,7,46,105,133,23,91,38,113,125,27,121,33,93,24,57,42,97,99,25,1,43,21,18,41,14,71,62,129,86,8,72,85,13,5,124,77,26,63,102,70,76,79,9,83,119,47,16,66,116,73,29,30,126,53,6,109,87,67,95,58,84,100,68,104,4,15,92,64,80,60,59,2,98,117,131,55,127,89,37,75,20,120,122
6,1
95,60,85,82,125,1,90,130,99,46,63,132,54,120,2,94,51,72,124,52,26,105,49,59,88,13,109,118,41,123,33,96,12,10,73,6,92,121,83,67,133,135,93,19,34,106,11,114,112,25,74,39,69,45,42,17,117,30,70,7,4,43,126,97,37,16,27,55,50,102,84,48,122,61,127,113,71,65,8,108,53,0,20,104,44,64,79,15,40,3,24,80,76,36,23,31,38,98,57,103,91,29,68,78,18,66,119,111,5,128,107,110,32,9,100,22,47,75,86,14,56,77,28,87,58,89,131,116,134,35,129,21,101,62,81,115
3,5
111,42,60,123,54,105,1,78,24,97,89,22,64,67,116,65,86,99,71,73,119,9,87,112,82,2,88,34,95,51,41,110,30,14,49,21,69,23,46,90,33,66,36,101,45,20,126,59,128,19,39,62,3,56,7,93,135,15,4,50,132,131,12,107,57,96,118,48,104,74,124,121,29,113,16,11,32,109,17,91,6,100,38,8,27,125,134,68,25,122,81,94,76,13,106,117,61,130,83,52,72,79,120,47,115,0,103,102,37,10,58,5,108,28,77,98,43,53,63,31,80,129,114,75,55,26,85,133,18,127,35,70,92,44,40,84
6,2
19,68,128,65,124,47,96,56,79,133,104,72,85,110,55,6,31,77,71,73,35,109,9,67,27,135,45,39,18,90,131,44,60,126,22,130,127,42,116,74,25,17,23,5,15,36,24,30,132,125,43,46,62,113,1,123,40,7,82,89,114,8,105,13,93,76,91,98,12,100,117,52,106,97,112,37,48,0,83,119,99,70,28,21,81,16,61,94,66,102,2,115,10,26,101,86,88,57,103,63,34,78,120,4,75,49,14,58,118,134,50,51,29,54,129,108,41,32,107,95,20,3,64,11,111,121,80,33,38,59,122,84,53,87,69,92
1,5
132,79,47,17,18,102,13,32,90,45,40,95,15,28,56,96,71,129,44,39,99,3,94,63,128,123,29,37,133,110,12,24,107,59,134,131,81,49,65,33,87,4,2,6,121,76,97,7,38,88,60,111,122,35,98,0,8,85,91,42,86,57,116,58,89,124,10,46,53,54,120,72,100,14,113,112,21,55,23,117,74,30,48,114,66,68,52,25,69,115,82,127,119,64,22,73,130,67,19,1,109,51,77,78,41,50,20,75,92,84,118,105,104,126,125,36,101,62,70,135,103,106,83,5,26,61,31,11,34,108,80,43,27,16,93,9
2,6
25,87,3,38,111,64,46,29,125,86,52,44,66,96,33,26,124,34,118,101,83,48,73,67,71,129,100,21,90,20,50,92,72,45,93,68,127,4,57,131,56,94,27,88,133,54,61,5,7,95,51,47,65,0,10,91,2,102,106,24,108,17,78,75,84,62,63,9,117,12,99,58,82,104,132,98,39,134,42,19,1,113,80,35,103,115,14,119,49,6,110,123,135,120,55,105,31,76,16,70,97,128,79,43,53,32,69,121,30,60,8,41,23,77,37,89,116,36,59,22,40,85,109,107,112,81,74,130,11,122,126,13,15,114,28,18
6,6
29,59,101,110,129,91,105,8,75,63,11,66,7,27,87,120,51,80,71,89,31,122,13,47,48,82,55,72,1,5,52,62,9,103,116,127,34,84,46,57,70,119,83,10,26,65,111,0,39,96,68,118,35,77,64,60,121,14,53,33,30,92,128,102,117,42,126,115,38,125,20,94,90,19,6,32,78,133,135,106,112,109,25,41,40,114,58,95,44,79,99,43,98,134,61,104,74,113,4,50,22,18,21,88,17,73,36,28,2,86,130,81,107,12,85,132,131,108,67,100,37,97,54,76,123,15,24,93,49,56,69,45,23,124,3,16
6,1
96,65,40,35,22,37,110,76,30,131,67,15,52,33,49,50,90,61,107,28,62,63,36,0,99,98,116,77,54,66,104,58,53,128,21,118,80,20,78,73,69,112,25,64,3,81,130,29,39,92,97,2,59,121,18,89,115,9,72,47,93,8,114,117,75,87,26,31,123,60,111,42,74,83,44,85,103,57,95,102,125,41,12,119,101,79,16,1,38,134,71,100,27,6,86,45,5,10,19,135,105,133,70,82,56,55,51,113,4,108,7,34,132,129,13,94,23,126,32,84,48,68,11,106,122,109,43,24,120,46,124,127,14,88,91,17
5,5
32,127,95,1,69,132,113,14,120,56,58,119,36,96,49,88,130,51,7,77,63,25,57,85,104,97,83,60,29,8,99,52,0,122,70,124,135,2,86,21,34,15,92,78,116,101,24,112,30,46,3,102,35,94,53,55,37,19,47,64,100,43,91,50,9,67,79,115,76,31,17,45,129,134,117,82,65,26,12,54,126,128,10,6,42,109,16,11,105,48,18,106,27,107,123,110,81,40,28,13,74,90,39,131,66,68,5,93,59,38,87,80,121,114,44,75,125,41,111,84,72,20,33,133,108,4,89,98,23,73,22,71,62,103,118,61
6,4
2,77,83,128,71,37,48,21,47,102,26,44,120,52,42,75,80,133,89,31,69,8,68,103,124,20,17,135,15,50,56,45,84,59,11,28,63,118,113,87,79,116,97,57,67,13,60,49,10,115,85,72,130,95,39,125,16,73,18,70,19,36,110,93,96,51,74,38,92,98,54,112,32,14,3,78,33,114,101,111,5,109,9,0,23,34,46,129,7,107,81,40,104,25,27,4,126,29,91,108,35,123,65,76,61,127,12,66,30,86,43,62,99,134,24,106,58,105,132,100,55,121,94,64,119,90,41,88,53,1,117,22,122,131,82,6
1,3
92,94,76,131,101,80,52,105,46,6,102,119,27,128,58,66,67,74,72,91,134,69,35,112,125,1,129,130,13,111,32,24,114,2,70,64,26,120,43,41,51,104,45,16,90,115,86,77,63,93,34,23,116,133,11,89,19,123,21,30,36,50,84,57,68,108,127,65,73,85,31,110,17,12,98,118,22,106,33,44,96,15,18,20,95,14,126,75,107,87,113,97,4,56,59,121,79,88,60,3,8,42,78,49,124,29,71,100,54,25,5,62,83,7,82,117,10,28,109,0,9,61,47,122,135,53,39,81,55,37,38,48,132,103,99,40
3,3
110,99,50,134,123,67,43,78,124,52,49,31,77,1,5,71,12,65,86,97,113,62,61,80,9,30,92,33,27,36,73,21,64,26,59,63,47,60,37,46,6,68,121,127,22,44,93,41,32,79,57,101,107,10,39,11,108,76,15,129,104,83,48,34,70,19,66,24,2,25,16,131,128,105,89,20,100,111,122,125,115,69,8,112,0,133,13,55,72,103,28,38,135,7,87,56,91,75,4,3,117,58,53,118,114,109,35,54,23,106,130,116,17,119,45,18,120,95,51,42,84,81,29,40,88,14,126,96,98,82,94,90,85,74,102,132
5,4
104,58,20,57,115,49,61,33,64,92,105,19,53,10,102,75,7,80,1,112,97,120,25,37,96,41,46,11,126,125,63,3,116,65,93,26,106,91,23,56,69,95,67,17,131,83,72,74,30,128,108,121,14,114,84,101,130,70,132,127,71,18,51,31,135,109,134,123,45,4,86,87,81,99,52,39,88,110,8,54,89,117,24,122,36,29,73,107,129,5,38,42,34,113,50,94,103,28,111,76,27,133,68,118,100,43,59,15,47,60,90,13,9,35,16,2,85,77,124,44,12,78,79,0,21,62,40,66,6,82,48,32,98,119,55,22
4,2
50,26,119,83,63,30,46,103,55,115,65,61,107,14,74,37,87,35,93,127,100,15,22,102,86,58,98,120,13,122,69,44,131,20,111,71,114,38,126,23,92,121,24,73,40,19,80,68,1,75,64,53,85,125,6,36,99,130,135,9,54,76,77,34,41,5,84,39,128,129,108,95,90,25,105,66,70,32,118,27,116,48,56,97,0,47,10,11,81,7,123,94,8,124,59,110,133,62,52,79,57,78,67,29,101,109,42,132,21,104,113,28,18,112,89,49,72,33,106,17,16,12,43,2,134,45,3,51,31,96,60,4,91,117,82,88
4,2
73,116,99,6,129,102,123,8,80,22,55,28,27,33,50,13,32,23,78,5,112,103,65,12,134,14,26,109,94,75,16,62,133,9,114,81,121,52,110,64,46,118,49,89,106,131,45,84,85,15,51,96,48,98,101,79,4,67,3,53,130,119,29,7,88,69,77,68,105,35,20,43,91,135,120,38,104,63,39,71,47,72,34,90,100,30,111,58,132,1,57,92,56,127,93,42,11,108,36,18,24,41,37,70,125,128,74,0,61,122,126,76,97,87,54,59,107,10,124,21,2,17,86,83,19,115,117,113,31,66,60,44,82,25,95,40
1,2
59,67,63,84,75,85,31,27,57,120,49,74,48,56,72,131,90,47,100,73,124,58,70,121,107,28,104,87,12,122,93,126,30,102,117,134,51,6,99,21,88,7,5,42,23,18,16,105,135,64,33,130,26,39,53,37,68,77,91,35,97,41,127,115,60,4,19,43,34,116,20,9,14,108,71,29,2,133,98,118,61,80,92,24,103,76,132,17,125,109,55,129,111,10,50,3,128,8,110,38,96,83,82,81,1,94,66,123,45,119,78,95,13,0,113,54,101,106,11,86,40,52,112,79,65,15,25,46,114,62,36,89,44,69,22,32
4,1
106,92,135,120,26,108,27,19,10,4,86,49,83,128,84,133,96,12,23,64,109,126,5,62,8,93,80,45,74,87,6,130,107,20,59,66,129,58,100,13,118,85,81,25,50,24,90,31,73,67,61,75,1,14,76,79,97,114,65,89,68,112,122,95,21,3,132,63,16,51,121,48,60,28,125,36,110,124,56,43,2,77,47,35,115,119,71,38,34,98,134,99,44,18,111,131,88,46,117,15,123,17,113,29,69,32,40,22,37,54,42,101,57,39,91,9,7,105,102,52,82,41,55,70,33,127,94,72,0,104,103,116,11,30,53,78
4,1
80,123,42,54,107,98,48,46,57,8,113,99,71,20,50,76,111,114,67,58,97,4,72,126,44,69,31,3,83,110,86,21,6,115,73,32,41,28,52,0,122,34,120,9,29,134,79,63,22,40,78,91,18,59,19,70,96,109,30,128,24,38,47,95,25,89,132,82,53,81,33,35,62,131,84,17,101,13,92,61,85,56,112,105,121,23,135,7,133,37,43,117,119,2,45,74,124,26,118,88,64,5,66,102,27,49,65,75,125,15,16,90,14,104,77,93,108,94,68,129,11,103,10,100,55,87,51,130,1,39,106,116,127,12,36,60
2,6
128,102,118,63,98,55,69,135,17,97,0,94,37,14,48,133,41,111,51,12,23,73,86,105,13,91,71,58,2,64,10,126,113,99,131,42,124,72,66,77,78,22,93,96,19,4,89,50,67,32,11,123,130,62,88,53,47,35,28,109,129,29,27,3,122,120,43,125,100,57,90,68,60,24,52,103,65,119,80,127,115,26,33,70,61,87,59,84,20,110,45,46,21,106,1,75,6,44,56,49,81,16,7,112,30,40,5,121,31,104,34,114,92,108,36,83,38,79,76,82,8,95,117,74,85,101,132,107,134,116,18,39,9,54,15,25
1,1
23,81,121,88,15,37,83,62,48,70,55,57,61,14,110,131,22,74,100,60,16,133,125,13,93,109,114,30,17,134,10,26,112,85,84,5,80,92,113,129,42,96,107,66,49,18,122,67,8,95,25,127,124,72,56,135,3,46,33,77,73,71,101,29,91,89,69,98,34,38,50,108,47,9,79,40,58,103,41,2,82,87,19,104,126,21,106,111,4,6,45,116,68,35,130,32,115,24,63,0,119,52,31,59,86,75,27,64,117,51,128,39,123,76,20,99,53,78,1,54,94,65,105,43,90,28,12,97,44,118,132,7,36,120,102,11
3,2
95,25,102,70,21,5,38,71,134,18,40,127,80,84,20,4,49,73,34,24,56,43,119,32,129,125,47,123,35,50,133,100,89,104,1,19,132,99,33,105,42,108,93,2,130,15,85,124,17,30,78,120,58,106,91,92,94,36,28,46,3,107,103,72,118,0,12,45,87,52,61,135,97,128,81,117,82,115,77,79,22,11,39,53,8,110,96,37,29,114,112,122,57,64,101,44,74,9,41,23,131,126,66,69,83,31,88,109,67,10,6,7,54,63,90,98,68,75,113,65,51,59,60,116,111,14,26,121,16,76,13,86,55,62,27,48
4,1
114,102,83,22,37,76,112,57,123,77,127,27,51,21,91,75,78,122,25,116,90,6,18,130,53,44,106,104,10,16,2,63,93,38,67,31,92,120,99,35,13,74,94,46,24,29,5,86,43,80,17,89,113,82,125,100,81,111,12,11,42,54,59,88,73,48,132,20,14,4,40,65,33,119,26,45,131,108,49,23,105,85,72,87,69,98,110,115,8,34,60,3,52,71,56,97,64,66,61,19,39,134,107,15,121,47,126,101,41,68,129,109,117,96,9,135,30,58,55,128,70,50,133,0,103,118,1,84,28,7,124,62,36,95,79,32
1,2
37,85,125,60,68,61,67,0,35,12,129,103,48,92,31,96,111,45,8,19,93,1,27,51,119,36,135,77,101,52,42,54,106,88,13,20,121,127,131,107,16,75,133,44,43,55,95,120,3,33,98,84,5,46,113,58,66,22,38,10,74,28,134,26,70,114,50,72,110,30,116,15,90,56,86,47,14,130,123,17,112,29,63,83,6,82,104,94,122,97,124,65,126,109,80,79,76,53,81,118,59,7,41,105,69,87,32,62,11,128,34,39,23,117,115,91,73,100,18,64,57,21,24,4,132,9,40,89,99,49,108,71,78,102,2,25
1,1
98,58,2,83,86,59,90,40,10,18,23,126,31,13,38,111,129,66,87,15,122,77,108,33,109,63,115,12,4,103,26,67,28,45,107,51,25,74,94,56,7,20,57,42,97,113,39,89,106,64,132,124,85,135,88,50,92,128,44,91,49,93,78,54,43,14,72,65,55,60,95,41,5,112,117,29,24,76,46,69,120,114,68,27,0,134,6,17,70,81,9,131,36,48,102,37,61,16,119,21,123,75,47,35,127,3,19,30,125,52,32,133,62,11,1,100,130,121,79,104,118,82,96,84,80,110,8,34,116,99,71,53,101,73,22,105
5,5
54,58,47,40,55,102,86,103,117,116,113,3,131,21,9,12,104,51,93,42,10,28,108,121,18,95,132,90,123,92,125,49,48,63,46,53,66,13,16,122,19,85,45,84,35,27,81,22,126,74,82,76,134,99,118,56,25,41,129,33,109,32,44,83,11,6,68,114,62,17,59,5,94,106,120,119,31,2,38,50,100,107,135,26,77,60,78,79,89,112,127,39,36,23,71,98,69,130,29,124,72,1,111,70,73,61,64,52,24,133,128,43,110,30,8,97,7,88,96,75,80,37,105,34,101,0,91,57,15,20,67,115,65,14,4,87
5,1
29,12,126,108,75,64,36,134,131,70,10,15,56,38,118,30,58,76,59,85,135,74,92,116,119,39,89,31,80,5,104,109,77,101,2,51,68,9,21,90,47,63,48,83,121,127,125,40,22,128,113,133,82,41,71,129,114,115,7,8,35,54,4,23,28,57,50,122,69,98,44,32,106,107,0,20,6,123,18,88,72,52,46,62,97,120,42,17,103,24,124,1,45,53,61,110,55,81,16,34,66,86,95,25,93,78,73,27,26,99,60,91,117,79,37,49,100,87,43,112,130,111,102,132,3,11,19,96,65,14,33,94,84,105,67,13
3,6
112,27,35,19,21,78,3,68,71,67,94,83,89,121,115,33,20,81,123,114,53,84,73,75,25,64,102,59,132,87,45,34,15,100,60,120,130,103,116,101,129,110,5,109,118,17,26,74,51,24,66,95,131,1,8,106,72,42,82,58,9,88,52,127,117,31,126,44,79,90,2,111,96,86,80,76,50,99,38,65,30,105,40,77,48,16,41,12,63,57,14,29,119,49,122,0,97,128,37,54,98,39,47,107,13,62,32,124,10,91,23,113,135,28,125,61,133,92,7,18,22,104,93,134,36,4,43,55,6,69,11,56,46,70,108,85
5,4
60,10,94,128,21,124,77,62,52,34,17,36,56,42,35,80,97,9,118,55,29,91,73,109,20,104,11,12,26,0,110,89,1,76,125,88,105,100,66,53,99,24,122,46,135,106,30,45,49,13,38,131,69,134,108,83,116,95,82,84,3,47,4,107,63,25,113,33,15,54,70,117,123,98,78,90,115,92,75,57,93,119,31,121,130,50,48,40,7,58,16,32,86,22,39,14,65,132,102,19,96,114,126,64,112,81,5,8,87,27,6,44,37,51,111,41,2,72,133,61,74,129,43,28,23,67,120,59,71,85,101,103,68,79,127,18
1,2
64,103,38,24,110,73,111,108,85,7,129,68,8,94,41,40,127,74,106,57,37,10,1,17,70,97,122,56,49,67,133,100,32,116,20,12,76,81,9,5,86,72,47,123,23,105,21,55,19,135,26,92,132,63,66,62,95,71,102,25,109,80,14,117,118,104,78,15,126,46,125,50,48,134,51,131,22,87,36,45,6,113,98,11,43,18,69,29,33,35,4,79,91,61,128,96,54,30,120,114,124,3,82,101,93,16,13,42,28,65,90,119,58,2,53,107,60,59,83,115,121,52,27,77,34,99,39,130,44,112,75,88,84,31,0,89
5,5
103,92,34,27,67,78,6,97,52,24,46,51,85,40,43,38,83,17,41,18,123,14,20,12,106,54,96,76,15,125,69,13,88,82,119,132,42,39,71,86,133,33,118,36,57,94,114,2,127,108,8,100,48,77,10,62,25,110,7,84,128,11,79,45,129,112,58,113,35,0,89,65,64,73,30,9,124,44,19,126,105,87,134,60,29,116,3,115,91,93,49,109,28,90,1,121,32,4,50,68,56,111,70,61,31,55,22,130,26,95,53,59,5,135,117,75,107,102,120,131,101,99,72,122,104,81,66,47,98,37,80,21,74,63,23,16
3,4
118,108,96,6,80,99,59,20,68,52,61,123,113,102,132,17,25,95,15,66,73,111,47,22,60,57,28,0,23,31,49,14,39,53,85,69,65,30,88,56,40,135,122,109,90,29,8,41,5,13,64,72,129,131,100,58,92,127,104,103,46,33,105,4,43,2,133,125,128,54,106,37,117,12,110,126,1,36,98,115,71,78,45,87,119,51,32,27,114,67,86,81,101,10,84,89,77,94,19,3,107,112,50,134,7,79,124,83,34,130,75,97,70,35,55,74,44,62,121,63,24,26,16,120,82,116,91,11,38,93,18,76,48,9,42,21
3,6
124,69,42,72,129,29,87,0,53,63,67,55,59,119,32,110,49,23,125,85,20,73,7,18,46,135,131,36,78,14,17,56,6,28,126,21,97,93,88,65,64,109,41,74,113,108,75,48,99,132,35,33,37,45,115,82,100,127,80,52,24,134,133,103,123,130,43,96,111,89,44,90,68,76,60,105,83,121,122,26,22,34,86,106,4,118,8,114,70,58,98,71,10,31,1,77,81,95,27,117,15,128,19,104,5,102,50,38,112,40,84,47,9,101,51,25,79,66,94,92,39,13,91,54,62,57,30,120,3,61,16,11,107,2,12,116
2,5
74,87,105,52,1,131,29,21,68,98,22,13,133,88,35,111,82,5,102,54,134,124,118,73,28,58,67,36,125,97,86,15,128,44,27,53,94,69,96,95,40,109,55,100,127,101,80,17,32,26,122,25,132,9,77,38,117,89,3,104,135,50,123,121,60,20,115,42,81,30,70,107,106,4,79,43,75,76,41,39,85,103,51,91,31,65,37,59,11,99,45,33,119,126,14,66,18,24,112,2,63,6,114,49,48,72,110,71,56,92,16,129,61,10,46,108,120,113,12,62,34,19,47,57,8,130,64,78,93,83,84,7,90,0,23,116
3,2
61,123,24,62,99,106,127,105,76,57,68,101,114,4,70,9,0,115,92,15,81,55,65,18,67,63,23,126,110,47,56,74,12,88,53,39,116,90,80,83,122,118,69,79,40,87,59,2,71,38,96,86,31,85,125,60,3,1,13,21,5,130,103,104,98,46,10,131,120,48,97,132,16,35,29,51,27,28,25,34,113,44,58,102,64,77,121,89,107,84,14,52,37,20,111,19,6,30,128,22,119,7,42,91,135,94,41,54,134,75,11,100,32,117,66,129,73,43,33,108,93,109,133,95,8,124,78,45,112,50,72,17,49,26,82,36
5,2
92,134,112,17,44,6,24,131,103,2,12,126,30,59,4,100,16,14,20,32,107,106,11,54,110,95,50,8,26,15,53,114,111,88,102,43,60,49,69,58,5,67,25,18,76,29,79,0,1,90,124,123,97,36,3,82,128,77,132,7,109,115,104,113,70,64,27,125,127,84,40,129,41,130,74,96,13,63,121,71,105,66,75,108,45,39,9,23,101,61,56,19,93,72,42,86,87,85,10,51,28,81,118,34,135,120,33,38,62,57,52,91,22,89,21,99,35,73,78,98,31,83,65,117,47,133,55,94,80,122,37,46,68,116,119,48
3,3
86,32,57,56,115,5,62,10,6,88,64,53,22,127,107,25,41,84,76,113,34,73,28,14,3,120,0,9,99,126,27,133,36,54,21,65,24,2,130,92,59,49,123,19,124,121,75,43,82,116,70,132,89,30,109,71,33,96,101,94,68,50,80,91,58,77,131,37,16,111,72,117,4,90,23,103,45,12,134,29,74,39,114,17,26,69,122,102,81,105,8,100,20,11,95,104,97,40,1,135,42,98,93,60,129,66,83,79,15,63,51,67,78,61,31,48,85,46,110,13,106,47,55,125,52,87,44,38,112,35,119,18,7,108,128,118
6,1
45,79,33,107,106,54,59,61,22,92,75,114,44,102,15,7,125,89,131,62,27,53,26,110,76,113,130,119,21,83,124,91,78,116,86,122,108,69,12,29,84,32,58,0,96,35,112,2,9,126,117,104,132,11,105,127,82,65,10,133,68,81,73,93,118,129,39,100,31,67,13,98,88,66,38,48,115,74,3,57,6,72,46,40,30,80,103,42,85,20,70,94,51,109,5,134,43,24,121,50,28,14,19,56,4,63,128,47,1,23,123,71,135,18,17,49,87,41,99,120,55,111,64,77,16,101,34,90,95,60,36,25,97,52,8,37
5,5
76,127,101,43,36,129,33,90,94,54,81,61,78,104,109,118,4,39,68,121,48,131,34,52,88,42,100,41,15,110,112,128,91,74,123,103,19,117,31,45,133,122,32,6,57,7,2,79,16,14,124,23,65,80,125,73,84,29,10,59,56,67,26,60,64,55,95,8,30,18,21,53,24,12,119,82,70,11,89,115,85,27,72,13,120,111,22,75,134,17,87,3,97,107,51,66,116,63,92,62,96,5,44,1,83,105,130,108,25,102,113,58,135,0,126,20,132,93,35,49,71,28,98,106,9,69,46,77,37,40,99,50,47,38,86,114
3,1
76,10,104,100,132,3,120,18,2,46,99,73,111,128,12,42,29,4,78,43,16,114,135,33,110,102,118,80,20,1,23,77,27,40,123,134,94,85,61,113,125,133,28,22,49,45,11,57,91,30,83,53,107,82,37,8,122,63,69,64,65,60,87,124,130,108,51,106,81,36,75,96,129,47,74,97,31,93,58,68,14,25,116,19,7,52,105,38,131,115,6,24,119,9,0,39,126,56,71,21,109,67,59,70,112,5,13,79,101,89,72,86,35,15,98,54,90,55,92,88,66,127,34,41,32,48,44,17,84,95,26,121,103,62,117,50
3,3
18,93,72,55,109,124,48,37,12,67,22,13,8,74,78,15,3,101,9,132,89,16,129,79,88,11,128,75,87,106,117,65,108,76,23,26,62,81,32,133,68,46,42,104,44,59,35,58,20,52,86,28,113,134,97,115,5,66,41,126,4,29,53,33,125,71,107,95,122,36,63,17,21,83,69,43,82,96,50,47,100,70,94,114,40,84,54,49,77,1,7,51,25,73,0,119,102,116,57,34,27,118,19,111,103,120,10,130,123,98,85,60,92,121,24,105,64,2,45,14,38,61,80,112,6,39,90,91,110,131,31,135,99,127,30,56
5,2
56,58,92,55,106,82,105,26,134,46,120,31,119,24,128,115,91,41,40,135,16,109,65,5,17,124,76,2,127,60,36,3,61,59,22,1,35,84,102,86,117,28,68,39,30,49,50,9,113,51,10,57,97,89,11,133,13,80,14,20,52,32,87,110,21,74,114,122,23,38,79,83,95,37,19,12,103,45,81,47,69,33,77,132,43,94,73,129,75,100,88,25,72,15,71,48,0,64,90,108,29,131,98,85,130,4,104,126,67,99,8,70,93,63,125,18,118,116,101,78,121,62,42,112,96,7,34,107,27,54,44,66,123,53,111,6
4,5
108,86,40,94,60,99,47,54,20,24,125,119,51,128,118,62,64,78,120,89,92,44,104,35,127,25,126,113,116,80,28,73,114,46,66,121,6,18,91,76,70,68,33,52,49,71,2,55,81,132,115,111,30,117,37,100,26,79,7,34,41,32,22,58,72,88,124,3,95,38,53,134,5,130,106,103,123,102,36,90,83,1,84,96,97,107,23,98,63,77,87,122,57,101,45,43,4,59,112,50,0,61,16,75,82,131,13,105,9,19,85,129,12,67,21,29,74,8,48,109,110,11,135,15,69,17,65,133,42,31,56,93,27,14,10,39
5,3
44,2,134,60,18,27,19,59,132,13,57,85,38,16,113,64,1,81,88,119,43,125,22,121,127,79,0,74,103,42,94,35,51,86,36,87,15,6,120,65,109,29,37,130,101,133,58,118,3,124,48,62,26,114,12,95,92,78,31,30,63,71,70,39,52,33,135,25,72,8,104,122,40,126,105,106,45,54,102,73,17,14,5,21,112,47,128,10,80,69,116,68,123,111,34,53,67,117,83,28,7,108,56,96,98,23,41,93,49,115,77,82,46,129,61,4,97,24,89,84,20,131,9,107,50,91,76,100,75,66,110,99,32,55,90,11
2,1
69,34,91,23,92,26,82,57,52,102,76,97,42,71,120,54,83,64,63,80,103,125,41,37,5,108,61,114,130,65,9,129,35,117,134,33,118,95,58,75,15,27,0,86,2,72,121,20,36,81,55,68,77,109,60,44,101,78,88,94,62,1,4,100,89,21,106,31,28,56,66,70,122,127,50,22,79,13,14,8,49,24,43,87,126,112,12,7,67,3,30,104,10,51,29,99,32,46,19,48,128,6,90,135,111,123,45,16,133,53,73,107,39,25,110,18,98,85,131,84,113,11,59,119,47,105,38,115,40,116,93,17,74,124,132,96
5,3
95,23,34,48,101,74,77,64,111,31,132,120,20,106,118,14,3,11,62,119,126,6,49,61,43,45,40,41,82,94,84,13,86,42,134,109,55,135,53,100,68,79,114,72,129,97,63,98,76,122,70,54,85,1,16,22,80,89,112,27,50,58,107,73,25,127,99,57,131,103,29,33,8,59,38,116,9,71,46,123,93,24,78,67,35,110,18,4,105,60,32,2,125,5,7,51,12,37,56,117,96,28,91,44,10,0,19,87,81,130,65,128,104,15,108,66,90,88,113,47,52,39,21,124,92,133,17,75,26,83,102,115,30,69,121,36
4,5
66,133,126,82,43,59,116,36,109,12,51,28,29,73,77,22,92,20,76,78,115,103,110,80,88,131,134,25,84,49,96,4,101,68,95,10,21,39,34,112,33,128,42,127,35,87,32,129,86,99,18,91,48,57,107,52,120,65,58,53,114,15,16,40,94,23,83,19,106,11,5,50,17,98,81,111,102,13,75,6,119,2,9,0,61,26,69,121,90,7,89,104,45,44,8,79,54,113,60,118,30,38,108,1,125,72,3,122,56,55,62,46,100,64,71,105,24,27,70,41,130,37,67,14,74,93,135,85,31,123,97,117,63,124,132,47
4,2
97,113,125,94,50,130,75,27,0,54,72,34,2,133,20,135,93,106,95,16,23,118,68,122,88,18,109,30,128,53,107,22,44,5,36,12,21,132,117,76,6,37,123,115,62,98,116,39,31,45,134,99,19,48,24,129,108,15,13,35,114,78,86,104,85,82,10,77,112,40,120,56,66,124,74,81,25,67,91,52,100,11,127,43,9,55,38,101,84,4,61,96,73,102,121,103,79,58,3,51,64,87,63,1,110,29,119,90,46,17,89,8,26,33,60,7,105,47,131,71,41,28,42,126,80,83,70,14,32,65,57,69,92,59,111,49
3,4
133,57,36,84,77,122,74,78,49,105,76,20,114,50,125,130,69,13,34,1,64,31,44,115,0,27,111,134,32,14,56,123,100,99,104,25,124,26,116,92,83,68,5,67,102,129,15,132,103,73,8,18,87,2,95,110,97,54,39,45,62,24,30,90,60,51,47,119,66,22,35,82,93,7,80,28,98,81,107,126,86,113,96,10,72,3,79,128,23,46,63,70,131,71,120,11,117,101,61,12,4,58,38,135,43,17,53,48,42,33,29,85,55,75,127,108,37,21,91,16,121,89,106,88,118,9,41,19,59,52,94,65,112,6,40,109
3,5
33,20,3,79,39,117,5,95,49,67,44,51,96,116,17,31,104,100,59,15,66,127,105,61,57,68,40,4,27,134,53,8,7,107,24,110,13,84,50,25,21,47,73,82,126,38,102,70,112,76,83,122,41,133,92,113,93,36,109,60,42,23,123,34,106,55,130,124,89,80,101,125,0,74,1,72,56,6,12,94,87,64,111,10,69,86,9,63,16,48,19,128,22,115,91,45,98,28,121,14,120,132,58,2,65,37,62,97,99,77,75,129,52,90,131,29,11,78,88,81,18,30,114,119,32,135,85,108,26,54,46,71,43,35,103,118
6,2
90,64,119,74,1,88,111,27,110,61,104,24,46,112,14,98,133,2,20,30,94,40,103,114,100,60,101,89,82,3,18,123,62,0,11,35,50,93,9,77,109,34,106,83,56,17,25,91,117,79,69,128,86,113,102,51,49,32,108,37,70,120,52,129,96,87,19,8,127,71,78,45,43,73,54,80,59,121,132,99,116,115,48,41,72,65,5,33,15,55,7,38,68,126,28,53,42,29,105,4,21,135,26,10,131,39,85,75,63,6,118,22,95,124,31,67,13,84,58,12,16,125,57,97,76,47,23,134,130,107,81,92,122,36,66,44
1,5
135,117,108,28,41,30,82,49,15,119,115,13,113,11,53,110,1,80,55,126,4,47,127,37,27,68,86,10,76,67,61,33,39,0,109,42,130,114,24,79,96,74,21,90,36,91,19,102,6,40,77,12,93,101,31,111,99,14,65,72,128,73,48,34,103,132,43,25,16,81,2,7,104,122,3,9,62,129,50,83,75,23,85,8,38,120,59,58,18,17,60,116,118,89,121,54,57,105,131,45,46,69,64,71,44,95,98,94,29,133,100,88,78,107,66,32,52,56,97,134,124,84,5,70,35,63,112,22,26,125,20,106,92,87,123,51
6,6
44,73,46,111,105,131,95,18,83,21,51,39,82,130,135,13,109,19,98,32,54,81,100,107,124,76,23,29,75,89,121,53,35,129,33,0,116,90,85,97,28,30,125,9,88,134,15,72,113,79,2,58,133,119,128,14,40,94,26,57,110,3,43,114,67,65,68,126,87,64,12,92,49,74,103,63,132,50,37,1,66,59,93,78,7,108,77,27,122,62,48,16,5,70,123,71,52,17,69,36,127,31,99,91,55,106,104,38,101,34,10,118,8,20,11,24,22,115,84,42,47,4,25,41,61,60,102,117,56,120,86,96,45,80,112,6
4,6
34,80,54,109,94,12,97,72,93,67,105,64,126,53,38,113,114,63,128,108,58,10,48,116,95,43,57,77,81,36,69,133,9,115,22,49,16,89,74,123,3,102,130,76,60,40,47,20,6,75,51,111,84,52,46,39,134,117,29,59,119,24,99,21,66,73,106,92,13,83,0,132,88,124,28,65,2,17,101,35,37,11,129,33,30,120,68,86,4,55,78,71,41,79,42,118,91,96,131,8,25,87,56,5,135,61,121,110,98,44,122,19,85,32,112,45,104,23,125,103,18,100,90,27,31,82,14,26,70,1,127,107,7,50,62,15
1,6
101,123,12,8,39,9,34,24,116,111,62,92,88,28,5,82,112,76,104,30,81,102,125,68,65,41,32,93,44,80,3,14,1,127,42,105,119,74,17,23,18,91,60,72,135,115,100,128,103,120,46,51,29,27,67,75,55,113,90,83,129,130,87,25,99,106,66,2,118,4,70,61,43,124,6,59,108,26,54,97,94,38,11,20,86,96,117,131,114,63,22,31,21,69,85,110,52,79,47,64,109,16,56,132,36,50,13,19,0,49,71,10,37,15,53,107,45,98,89,73,40,122,7,58,126,95,121,33,77,35,78,133,57,84,134,48
2,5
91,32,73,6,59,25,82,14,7,70,26,110,45,100,102,78,0,19,38,128,28,121,39,116,42,44,37,85,84,118,56,27,79,99,98,103,123,65,107,5,62,112,24,76,127,67,87,20,30,71,108,29,81,52,96,105,15,135,69,50,33,53,113,8,104,75,1,57,109,46,111,77,95,72,43,89,94,36,35,83,49,23,11,47,86,125,13,133,120,34,101,119,93,106,61,2,68,12,54,88,17,63,134,58,21,41,122,64,124,40,126,9,48,131,90,31,66,92,114,132,129,10,130,4,97,60,80,55,74,16,22,115,18,51,3,117
3,4
33,54,81,30,99,47,51,21,107,128,25,71,80,40,45,10,83,29,13,105,75,62,20,74,120,93,66,18,131,43,35,44,1,19,123,85,72,125,26,8,12,55,79,121,110,76,39,63,108,127,101,6,90,64,113,86,122,46,61,38,53,69,15,31,9,91,119,11,0,88,2,22,115,48,4,52,124,16,68,67,135,60,41,28,100,77,97,109,104,132,37,89,70,92,32,112,3,34,129,96,27,56,7,65,134,98,87,78,24,118,111,117,59,23,114,95,17,14,82,116,102,103,94,84,58,130,106,49,36,42,73,50,126,5,133,57
6,2
88,34,109,117,21,105,77,84,0,123,69,9,128,78,58,55,90,82,133,8,15,65,20,135,59,4,86,72,104,31,13,48,106,33,54,47,24,19,113,130,16,66,70,5,36,79,51,132,119,76,41,2,80,112,97,42,95,43,22,100,129,122,64,1,134,118,74,63,116,115,38,60,62,26,6,125,18,32,96,114,87,49,10,108,91,89,81,126,120,12,30,39,85,61,102,3,103,67,75,40,107,35,14,53,57,110,11,121,46,27,68,44,73,127,37,131,50,23,25,111,101,28,17,45,99,7,98,124,94,29,92,93,56,52,71,83
4,6
107,4,82,33,43,10,40,131,58,75,31,108,115,13,0,119,77,71,87,22,26,64,116,66,25,67,112,124,73,102,78,46,105,23,109,39,44,63,65,14,3,60,53,1,90,122,125,61,20,114,84,55,5,52,76,80,69,126,27,6,93,34,94,70,133,127,29,11,83,113,72,96,92,132,32,118,30,135,8,129,68,37,57,19,50,121,15,9,51,21,100,41,54,91,104,24,35,17,117,98,12,120,16,97,62,103,106,130,89,128,134,85,56,7,42,95,59,101,111,74,110,47,45,99,79,86,48,123,36,38,28,2,49,81,18,88
5,3
71,110,20,86,16,68,33,130,135,48,58,121,62,128,27,113,66,47,118,96,57,23,0,123,31,111,42,106,99,63,77,74,22,6,102,129,117,21,82,56,4,119,105,12,104,70,11,124,18,103,60,9,29,88,53,19,39,49,44,91,108,78,43,2,85,40,50,37,131,69,84,127,94,54,98,17,114,122,93,126,26,132,32,14,52,101,13,59,3,120,10,134,125,24,8,25,38,7,46,92,41,36,100,116,109,97,81,79,73,5,61,95,107,30,115,65,90,1,55,83,51,133,75,45,89,112,76,67,80,35,72,15,34,64,87,28
1,1
13,132,1,131,79,80,72,18,60,92,31,87,84,90,112,104,66,33,43,30,86,83,3,17,129,51,14,74,119,93,52,77,95,134,38,91,117,44,127,61,76,39,0,82,34,50,8,29,94,62,57,2,12,11,24,6,124,9,55,67,10,36,64,35,48,59,111,21,25,54,109,114,73,121,120,116,100,23,128,130,103,27,108,19,41,123,99,85,113,89,16,105,45,75,106,71,118,110,107,70,47,63,135,102,53,125,42,101,40,20,122,98,115,133,5,81,56,15,58,32,37,88,28,4,78,69,68,96,7,46,65,126,97,22,49,26
3,5
37,106,75,40,116,43,52,115,135,80,118,127,101,69,66,11,23,61,82,68,49,6,86,132,53,16,78,8,130,38,30,59,28,84,88,10,45,7,50,64,9,72,125,110,46,55,5,22,89,60,71,17,90,91,94,31,109,96,34,134,83,48,73,33,20,95,120,128,76,100,107,25,41,102,70,57,99,81,67,85,19,77,39,108,18,97,111,15,13,27,36,12,74,103,131,32,126,26,123,65,117,133,51,124,0,129,54,3,24,87,35,92,47,119,1,122,98,121,14,21,114,58,42,104,93,79,105,2,63,29,56,4,44,62,112,113
4,1
86,29,39,109,113,97,99,104,51,37,87,115,44,84,23,45,62,38,28,33,130,79,133,65,31,125,42,121,74,9,48,10,108,58,13,71,63,128,60,21,34,75,22,124,53,25,89,116,4,0,131,129,107,73,78,61,57,117,70,66,111,5,54,18,123,122,90,106,103,55,82,26,126,110,112,50,12,68,120,35,134,92,1,96,43,102,91,59,40,46,64,2,93,19,11,49,83,3,32,47,118,17,80,85,16,81,27,56,36,20,6,127,7,101,77,132,88,41,119,67,72,69,114,76,105,8,98,52,100,135,15,94,24,14,95,30
5,1
5,6,126,80,71,2,113,51,115,46,111,15,104,12,134,109,25,31,34,63,8,64,65,76,74,20,124,47,114,83,77,112,68,59,33,40,95,78,96,130,22,101,42,129,69,7,102,119,117,26,56,127,13,43,23,125,14,98,135,107,100,28,73,75,103,18,57,58,11,62,4,120,32,66,122,118,106,49,36,110,85,86,99,128,61,105,108,17,70,97,84,19,16,39,123,35,91,45,1,50,3,54,93,133,90,44,131,10,37,29,0,38,48,121,72,41,82,88,132,79,87,52,94,55,67,9,27,92,89,81,24,30,21,53,60,116
3,4
19,112,92,79,1,59,121,131,98,109,80,16,36,81,23,11,38,61,94,123,127,56,66,90,15,2,7,119,71,24,89,116,21,76,8,54,5,130,30,31,128,126,28,117,99,135,25,100,29,97,68,115,64,22,18,101,42,110,113,32,83,13,105,75,104,88,124,51,48,87,118,122,43,65,0,55,77,3,125,52,60,40,96,27,91,133,14,85,69,70,93,17,102,111,120,106,86,63,129,37,74,46,4,45,62,34,108,20,33,58,84,72,78,39,49,12,53,26,67,57,47,35,114,44,6,50,41,132,82,134,9,103,107,73,10,95
4,6
81,67,111,45,42,92,15,130,118,40,4,129,82,128,50,65,44,80,89,37,59,88,116,123,76,73,7,29,1,57,53,85,6,51,99,133,19,10,124,121,31,108,113,55,115,98,131,135,69,52,100,21,34,18,79,96,27,120,127,56,2,58,24,48,13,41,91,132,125,0,104,38,72,103,126,49,39,107,93,33,101,94,22,16,36,109,14,75,110,90,25,106,61,46,9,11,54,83,32,43,63,47,134,105,87,60,26,20,8,117,5,71,102,74,95,122,84,3,68,70,30,28,35,112,12,119,86,62,97,77,23,17,114,64,78,66
1,2
121,88,125,87,21,0,66,35,98,3,94,119,43,108,20,36,48,115,32,91,14,39,96,105,132,86,13,19,58,99,27,129,102,25,22,18,4,80,46,33,57,97,118,24,56,45,60,52,104,117,84,67,79,113,50,107,111,133,114,40,54,68,1,15,64,73,30,37,38,8,23,74,109,47,65,2,7,110,100,17,95,59,93,89,10,77,83,135,122,101,82,5,44,116,123,11,63,103,112,106,49,6,12,92,31,26,29,76,127,128,124,90,85,41,42,81,70,51,53,34,69,71,131,55,9,28,72,126,120,62,16,61,130,75,134,78
3,2
133,118,50,59,20,38,21,44,93,79,23,71,49,76,87,131,37,74,48,103,18,116,22,34,3,83,113,132,45,7,32,66,126,91,75,65,29,77,12,53,102,54,127,24,134,64,106,68,42,90,41,128,108,86,9,105,52,51,6,2,25,27,57,70,123,55,82,11,4,61,122,109,46,89,28,96,13,81,26,120,5,129,95,60,33,40,121,88,43,97,56,114,1,36,124,85,30,92,15,100,115,98,63,16,0,125,117,72,17,78,19,111,104,119,135,8,80,62,112,35,110,84,58,99,47,94,67,39,10,130,31,69,73,14,101,107
3,5
88,53,68,46,130,31,54,122,65,13,103,72,84,28,63,80,90,44,39,8,91,96,97,113,38,112,64,36,22,107,48,33,18,0,86,79,119,5,75,135,21,60,71,66,30,35,85,1,131,117,76,20,42,10,123,121,50,24,6,32,57,78,59,98,37,125,23,43,108,105,56,11,15,83,128,12,45,126,55,27,94,67,101,7,14,29,111,9,92,4,51,134,77,120,70,104,81,99,133,16,87,69,74,82,132,100,102,127,26,95,62,3,49,129,106,89,34,93,110,58,2,47,25,19,118,40,124,61,17,52,73,114,115,109,41,116
2,3
127,130,131,84,88,120,114,63,62,22,12,70,5,21,20,54,37,129,42,123,26,98,9,87,1,93,46,34,14,16,0,2,90,31,105,23,65,134,77,66,107,33,3,29,75,8,47,56,102,36,68,10,49,97,24,104,73,64,85,74,39,95,76,100,60,6,61,51,110,101,44,96,128,19,41,124,122,38,32,35,48,99,113,94,109,82,79,125,108,27,121,69,58,28,55,43,72,30,25,119,52,78,53,92,15,132,57,17,118,13,11,116,111,7,89,67,115,4,40,117,106,18,71,112,83,80,126,59,45,135,86,133,50,81,91,103
1,4
128,81,130,50,1,53,100,119,25,58,26,103,101,28,115,99,15,32,16,12,73,93,71,14,95,113,110,117,76,68,83,18,78,43,31,2,75,35,85,51,104,122,61,3,11,120,60,79,4,94,92,70,72,134,30,20,91,67,116,124,10,52,96,69,56,0,131,126,22,36,82,98,29,129,135,65,57,112,90,40,55,41,63,62,8,27,87,45,7,127,114,34,118,133,47,74,80,48,132,44,5,39,64,89,105,108,107,6,54,46,125,102,97,123,49,21,109,33,59,86,66,24,111,13,42,121,37,106,38,17,77,9,19,88,84,23
1,4
50,80,135,41,43,127,75,6,74,88,55,61,54,12,30,116,19,93,130,87,91,4,111,103,92,117,10,95,118,128,105,48,36,42,131,76,33,96,49,3,68,86,7,29,16,18,59,22,101,129,115,34,63,119,71,124,8,64,122,27,53,20,121,31,132,13,2,37,67,32,100,72,0,46,97,89,79,1,108,35,133,17,52,106,26,99,84,113,102,81,85,28,70,44,9,69,45,125,90,25,56,62,5,21,40,120,112,134,24,110,83,104,57,126,98,51,60,114,15,14,65,73,38,11,66,58,109,82,123,78,47,23,94,39,77,107
1,2
33,81,19,118,71,113,34,35,73,76,16,122,47,14,2,123,95,105,43,36,24,32,8,119,68,94,96,83,125,99,79,46,100,80,91,86,126,72,22,51,60,85,17,57,15,133,4,29,112,131,84,9,5,106,45,66,108,67,78,102,50,26,101,134,52,129,92,58,61,30,104,77,107,37,97,116,127,38,114,90,93,98,110,88,75,12,40,56,135,132,87,23,25,70,120,111,121,74,49,115,117,7,1,82,39,10,63,109,54,41,89,42,53,65,21,59,130,48,44,69,55,11,3,18,28,6,64,103,0,128,62,20,124,27,31,13
3,4
30,102,135,39,89,121,23,72,133,79,96,123,108,125,73,27,32,40,33,118,85,68,18,55,17,61,41,2,105,78,63,113,11,116,83,109,98,43,46,99,25,80,7,59,129,53,111,38,67,22,76,84,3,19,107,112,35,115,66,57,122,74,45,88,13,14,4,12,0,77,42,93,95,52,100,44,37,65,5,47,34,48,117,50,10,64,6,90,127,36,20,16,8,86,56,128,31,92,101,91,110,62,1,119,28,106,130,60,131,29,9,124,71,54,21,75,82,24,134,126,26,49,51,70,69,97,103,81,94,120,15,132,87,58,104,114
3,1
37,8,94,96,132,92,112,120,55,18,135,30,69,133,100,77,41,116,108,89,85,43,10,124,129,12,47,75,0,131,38,16,115,22,13,60,14,67,87,127,105,71,102,11,1,65,103,121,130,61,39,72,21,7,68,70,62,15,48,4,63,78,74,34,81,3,42,126,106,50,95,31,91,114,23,97,90,2,119,79,66,45,27,25,134,52,111,49,98,29,9,59,24,32,101,109,33,6,99,73,82,57,76,110,46,83,35,118,19,86,36,125,40,20,113,53,54,5,26,64,117,28,84,44,93,123,56,51,107,128,88,17,80,104,122,58
2,1
118,107,41,34,133,127,91,21,10,19,65,35,28,12,74,106,83,58,18,9,125,134,88,126,49,17,31,47,3,27,5,108,104,48,30,94,1,105,116,80,79,52,40,45,69,0,13,55,75,76,4,72,66,121,53,50,16,84,82,97,102,86,36,11,2,37,23,132,29,26,33,20,73,92,67,78,46,22,112,89,63,81,51,77,122,61,99,43,70,85,54,100,93,42,109,7,110,98,111,90,87,119,96,124,71,38,101,123,129,68,117,8,56,32,15,120,59,57,135,60,62,115,24,128,131,44,103,95,113,14,6,114,64,25,39,130
5,3
3,36,59,94,51,2,80,101,117,126,128,46,96,111,64,106,79,34,135,16,7,22,65,23,105,122,43,92,20,113,95,53,123,121,13,56,17,87,38,93,63,70,129,73,77,119,47,12,45,60,25,10,102,120,29,32,104,31,82,134,0,133,48,99,8,67,124,9,37,81,74,57,18,71,11,27,50,54,107,44,55,132,28,1,72,24,97,14,33,30,78,108,127,40,5,115,103,76,112,130,66,90,116,100,110,62,85,109,52,84,35,42,125,75,89,4,83,118,39,58,21,86,49,69,98,91,114,19,6,131,68,88,15,26,61,41
5,3
70,4,38,30,107,129,14,31,53,73,12,47,1,69,39,26,134,21,22,92,36,63,126,27,128,65,34,71,41,79,51,102,131,106,122,93,10,76,90,120,135,86,77,121,89,101,3,130,50,8,111,75,7,32,25,57,83,96,15,80,40,52,49,54,100,105,78,112,5,84,74,116,37,23,13,87,17,81,114,125,44,88,62,56,123,19,85,99,9,132,110,115,11,55,18,108,24,2,64,0,91,72,29,46,42,59,109,61,67,33,45,35,94,6,133,97,113,82,103,66,124,127,68,119,28,60,117,98,20,48,104,118,95,43,58,16
4,3
127,80,134,16,32,116,132,55,56,0,66,2,36,62,15,74,94,82,131,83,111,50,122,19,48,112,133,91,85,18,119,76,71,38,98,30,102,65,41,54,89,72,7,93,1,34,126,3,46,17,121,24,107,4,42,20,51,47,73,110,58,130,96,114,27,44,84,14,40,125,78,104,97,75,118,49,100,29,101,123,92,69,67,129,31,113,64,35,11,9,23,28,39,21,43,70,60,52,105,12,128,63,53,115,117,103,26,45,81,25,5,124,77,88,8,79,87,13,59,37,120,61,108,22,109,106,90,6,57,135,95,99,68,86,33,10
5,4
69,25,116,72,124,71,125,53,36,77,10,78,104,64,128,100,6,94,114,92,50,67,74,70,126,21,135,82,101,19,105,122,112,85,97,9,118,130,38,40,98,26,23,49,55,18,5,30,119,129,91,89,24,75,22,47,14,81,61,123,16,59,1,95,41,46,121,79,42,96,54,109,17,35,120,132,2,43,80,56,113,48,0,13,90,73,127,111,52,63,20,51,106,33,58,99,39,3,60,88,93,31,34,44,45,4,115,110,107,28,62,65,32,103,131,66,102,27,68,11,12,108,29,84,15,117,76,8,57,83,86,87,134,37,133,7
5,6
135,30,33,130,105,37,114,68,59,106,83,58,69,34,5,86,78,29,1,92,35,3,117,95,16,115,82,120,87,60,91,129,127,8,74,108,101,9,54,51,121,64,132,19,49,99,48,98,31,134,123,107,118,14,126,112,56,32,55,96,61,128,104,110,97,102,125,122,26,90,70,21,39,124,43,28,66,52,88,84,24,45,40,22,100,89,42,27,10,41,4,6,93,13,119,71,50,113,18,76,25,47,53,111,20,133,85,80,11,12,79,36,7,72,38,65,15,81,0,2,103,62,116,63,75,109,77,67,131,23,94,73,46,17,44,57
3,3
94,63,132,69,114,131,3,41,127,11,82,123,23,67,65,126,24,32,103,98,2,125,92,76,35,104,1,26,112,118,57,45,13,95,111,70,30,72,79,43,34,83,108,18,120,116,135,40,89,113,129,28,15,51,48,6,27,62,109,21,68,73,37,81,22,9,54,88,50,91,38,75,105,29,55,90,59,84,87,121,93,7,86,52,115,66,17,53,8,44,102,100,97,133,12,78,47,36,19,46,128,74,33,96,85,42,5,124,0,101,58,99,110,117,4,122,80,60,61,130,20,71,134,106,77,49,25,39,56,10,119,16,64,31,14,107
5,2
53,54,6,132,7,76,72,131,14,61,66,70,8,29,134,82,42,23,102,20,87,33,38,113,114,56,74,84,57,83,130,13,128,39,55,68,48,121,86,124,104,25,2,50,37,18,103,96,0,11,44,80,19,58,49,3,90,60,24,100,115,126,71,31,51,88,78,125,123,16,122,106,108,17,93,116,46,43,5,22,64,85,21,107,94,45,99,65,63,35,67,97,109,92,95,62,112,105,75,59,9,98,12,77,89,28,26,69,118,41,101,47,110,133,4,91,40,129,79,117,73,120,27,34,36,52,81,127,30,135,119,32,15,111,10,1
2,1
120,54,114,82,91,107,26,109,105,43,86,24,2,133,45,40,66,123,85,33,35,134,71,101,131,19,102,117,87,127,106,111,97,96,39,29,126,20,56,59,10,34,64,57,16,50,62,84,100,12,4,98,121,42,21,0,113,52,104,78,14,5,25,1,94,75,17,99,63,69,93,129,13,61,32,125,18,89,22,119,27,132,11,3,55,72,116,79,23,9,135,130,112,51,118,30,77,128,53,74,70,88,68,47,37,67,46,92,76,31,95,58,15,36,90,80,6,122,83,38,115,28,44,7,49,110,73,8,60,65,103,81,108,48,41,124
1,1
