104,38,128,125,78,54,18,63,60,100,102,112,21,114,42,37,9,110,29,32,77,49,62,79,68,83,115,133,94,109,111,39,11,73,75,132,5,57,92,99,15,117,69,14,88,107,106,2,116,35,13,127,51,121,20,93,22,27,86,82,8,122,55,24,6,103,70,3,131,119,76,135,34,30,81,25,16,45,31,97,84,67,47,72,12,105,36,65,95,129,40,1,52,126,134,28,53,74,71,58,96,4,41,59,98,118,61,91,48,7,101,123,19,56,85,23,90,44,50,120,113,124,130,33,17,80,43,10,108,64,46,89,87,0,26,66
6,5
69,46,61,109,103,25,21,66,100,19,113,55,119,93,116,12,65,13,105,5,92,127,60,11,135,126,122,14,89,130,51,90,2,29,71,43,86,59,108,35,133,3,120,112,107,96,118,124,99,0,88,134,41,23,30,131,81,47,33,22,117,82,73,28,37,10,97,76,20,16,79,101,52,95,80,17,34,104,70,67,68,32,15,6,75,106,26,49,18,39,132,94,42,114,27,36,121,50,83,58,45,62,84,54,72,129,8,38,85,98,24,40,91,74,110,63,56,7,87,4,128,123,111,1,31,115,125,9,78,44,102,77,57,64,53,48
6,2
25,46,79,123,72,47,114,95,78,121,116,60,88,18,55,19,30,44,135,29,73,122,132,43,57,126,24,11,110,49,26,16,66,80,42,1,70,113,50,34,13,38,68,37,76,65,87,118,53,99,94,0,7,58,108,61,102,59,97,128,31,85,100,40,111,90,91,130,22,120,20,134,81,63,96,64,36,117,15,103,17,104,89,51,77,2,41,101,98,6,14,4,28,92,32,21,129,109,83,74,23,105,54,75,3,115,112,106,107,131,86,27,48,52,35,84,67,71,93,56,10,39,125,62,69,124,33,12,5,119,8,82,45,127,133,9
5,2
12,89,109,97,107,128,113,40,60,36,119,135,134,112,31,16,17,3,10,132,72,83,13,48,118,79,126,57,114,68,23,52,88,26,105,86,28,66,14,91,93,20,84,5,11,101,111,22,99,4,74,71,7,50,6,70,24,33,46,27,56,34,76,18,49,124,25,63,102,78,55,77,95,29,1,64,2,69,8,98,96,73,103,115,41,100,129,80,59,106,51,117,53,127,0,123,67,90,75,104,82,131,108,44,42,130,19,37,21,122,30,125,85,39,61,45,58,120,121,65,87,35,81,38,116,54,133,43,110,47,62,32,94,15,92,9
6,1
112,106,52,133,19,126,102,127,119,95,132,79,94,28,23,21,98,18,85,107,73,32,40,110,69,13,118,89,63,16,114,105,51,39,58,123,64,71,15,11,42,66,120,41,22,24,108,68,36,57,109,90,12,124,14,67,38,96,4,37,135,3,25,46,77,100,82,29,83,116,65,27,72,34,101,91,10,44,5,104,6,20,134,53,103,78,99,60,61,129,88,0,62,84,54,93,122,50,131,70,31,128,17,74,49,86,56,43,26,125,48,121,97,33,76,9,115,113,45,1,55,2,8,75,80,92,117,87,7,81,35,130,30,47,59,111
3,5
54,42,13,23,22,125,18,64,39,47,120,91,61,68,102,106,25,109,8,63,86,11,100,87,131,53,124,98,122,33,115,73,90,80,77,7,84,119,4,0,123,95,121,59,83,118,43,85,55,50,52,31,40,135,48,34,126,37,36,99,129,66,94,79,134,72,67,58,70,107,104,46,44,49,14,24,5,12,105,56,110,28,69,96,117,103,133,57,16,60,75,1,108,92,127,114,3,62,21,97,88,128,113,71,19,29,41,26,82,2,78,65,17,38,112,74,89,6,116,15,101,10,45,76,30,9,32,93,132,51,81,111,27,130,35,20
5,1
132,93,125,72,87,102,6,122,94,124,53,12,62,56,129,39,0,113,107,33,60,2,85,37,5,59,34,103,80,115,66,58,86,50,96,65,20,48,25,46,19,95,99,67,27,38,40,100,4,128,55,28,64,52,29,70,82,68,117,17,7,111,73,74,35,24,69,3,14,81,49,134,9,84,130,123,119,121,88,104,120,8,116,16,110,57,118,41,108,77,47,127,22,45,92,105,75,31,135,89,91,21,44,71,15,63,106,90,43,23,18,131,78,97,13,30,54,126,76,11,83,32,98,42,112,61,26,101,114,10,36,79,133,1,51,109
4,4
96,38,47,3,102,71,21,29,93,131,115,84,55,13,135,60,92,45,85,26,39,67,70,119,44,6,11,8,78,91,40,68,65,101,17,25,19,53,51,98,124,106,56,49,100,24,63,114,50,133,97,75,72,57,134,128,103,5,35,28,30,110,117,125,12,31,79,90,132,104,95,87,121,22,108,37,41,27,9,112,10,82,73,34,66,111,83,129,118,23,61,89,74,4,7,15,88,86,52,58,126,42,116,64,59,76,69,99,113,2,80,94,127,33,109,20,122,62,36,43,0,81,107,123,48,32,1,54,77,120,18,46,14,105,130,16
1,5
75,93,2,26,46,65,19,44,5,122,32,123,23,72,1,114,124,35,112,24,106,40,42,55,113,74,96,17,29,15,97,111,6,121,63,51,80,57,33,110,66,34,52,119,89,125,129,105,56,87,133,135,18,84,41,22,39,76,14,104,120,115,37,98,45,68,108,134,118,0,49,60,100,4,101,88,82,3,71,127,94,107,126,86,47,116,99,28,53,79,8,92,48,59,70,64,85,102,13,27,20,130,83,91,30,117,61,95,43,90,25,109,21,11,81,31,78,67,36,54,62,16,103,12,128,77,7,69,9,10,50,132,38,131,73,58
6,4
54,77,134,74,50,0,90,94,36,67,76,59,29,12,73,79,89,15,125,111,46,4,102,121,60,72,109,123,117,87,21,127,37,81,24,96,88,132,51,58,13,83,70,130,64,91,30,103,55,85,57,113,105,26,92,7,14,116,124,63,99,32,28,71,56,11,108,31,133,38,107,61,100,19,65,9,43,45,118,3,8,6,25,5,114,75,53,82,1,35,98,80,84,122,16,95,131,17,119,110,97,34,115,66,18,41,69,52,42,106,23,33,49,48,126,104,112,78,101,39,40,47,93,68,44,22,120,10,27,62,129,20,86,128,2,135
6,6
38,96,79,133,20,122,1,108,100,74,117,82,60,131,66,5,92,71,58,4,49,11,107,9,78,85,19,98,69,34,23,89,62,27,44,102,121,26,128,127,84,105,104,81,24,118,97,36,8,120,10,94,18,40,135,30,35,0,99,39,52,126,116,42,125,93,13,33,70,48,12,101,130,75,46,103,63,132,3,67,109,32,43,53,14,129,83,124,91,73,2,90,45,95,57,86,110,112,47,51,114,87,31,21,55,28,72,22,113,123,56,68,59,115,17,65,37,7,134,119,64,25,61,15,54,88,50,106,76,41,77,6,16,111,80,29
3,2
83,30,14,20,120,28,41,127,8,123,19,27,31,37,24,25,59,15,67,22,130,36,117,122,100,78,79,75,94,77,56,104,119,71,115,107,26,39,5,51,131,99,85,47,44,81,18,9,45,133,57,69,50,6,92,42,65,53,105,12,110,109,121,89,68,35,98,72,87,58,70,101,7,108,54,116,76,118,124,60,38,63,64,95,93,135,106,0,113,80,33,21,4,103,90,52,3,17,34,61,84,126,74,16,111,66,132,55,88,128,23,114,134,96,29,129,11,62,112,102,43,82,46,2,10,91,40,13,97,125,32,1,86,48,73,49
6,2
98,107,15,129,23,121,22,30,47,112,68,63,16,13,109,40,26,73,6,28,2,21,128,130,53,85,35,24,80,100,77,55,101,108,25,97,91,4,116,44,125,95,71,60,76,18,133,66,81,32,57,27,12,49,58,115,118,39,94,84,14,90,0,83,33,72,127,88,43,119,96,9,79,56,69,126,51,110,132,123,67,31,89,122,46,99,64,65,105,93,74,86,87,70,135,50,36,41,17,78,42,38,10,131,103,45,92,134,59,19,11,117,8,106,7,124,82,29,48,3,111,61,62,20,34,52,114,1,37,75,102,104,54,120,5,113
2,6
37,64,10,41,55,11,121,34,126,24,74,26,69,57,134,35,104,96,87,122,98,93,119,16,23,31,102,131,45,27,107,44,79,18,68,19,105,43,46,120,113,85,59,97,62,76,132,77,75,91,21,65,50,48,103,63,66,49,52,7,127,125,28,2,82,114,117,123,108,38,99,101,106,112,88,60,130,39,111,0,32,100,80,94,17,29,51,89,72,12,13,71,128,135,6,110,14,3,118,4,47,56,20,95,36,25,109,73,1,115,124,86,83,30,54,61,133,5,22,33,8,92,116,81,53,70,129,15,67,9,42,90,78,58,84,40
5,5
24,7,65,93,6,117,66,120,42,25,19,113,57,77,69,22,85,105,20,38,127,0,122,1,126,13,107,128,96,75,72,60,63,67,26,32,3,90,41,132,28,59,46,39,99,70,101,81,14,102,18,106,52,35,49,76,130,12,88,89,116,30,131,37,61,83,104,5,111,27,56,31,58,44,15,50,53,11,98,43,133,79,17,51,36,64,95,48,71,91,114,108,80,134,86,124,73,118,97,103,9,125,21,119,135,45,78,2,110,129,34,33,16,55,115,40,74,87,4,123,23,10,82,8,68,29,121,84,109,47,54,100,92,62,94,112
1,1
84,126,33,110,92,36,63,46,123,91,118,27,113,133,125,31,79,99,94,10,57,44,115,117,98,26,95,62,71,124,100,23,1,47,116,52,132,21,40,93,48,32,80,56,90,121,82,81,17,76,108,12,22,43,54,107,128,72,25,97,85,35,60,67,120,130,101,34,41,104,109,78,88,11,75,61,77,89,65,74,114,0,13,122,4,49,68,45,106,96,134,59,112,9,102,111,3,73,39,119,37,29,14,69,51,58,55,64,18,38,7,70,103,83,2,50,105,131,19,8,24,87,20,30,66,28,15,6,42,135,5,16,53,129,86,127
5,2
90,92,50,95,108,0,39,49,123,4,72,61,68,128,89,36,21,104,135,118,8,129,37,65,114,31,7,48,47,132,45,109,77,127,106,63,97,26,46,124,103,54,13,75,32,133,80,78,6,111,64,24,119,122,15,22,93,51,58,27,126,16,20,113,3,100,52,130,66,70,1,11,62,112,107,19,9,56,57,87,86,40,33,76,69,38,59,43,91,23,85,12,28,134,18,25,44,42,17,88,53,34,125,71,131,115,105,29,60,101,110,117,30,99,116,67,14,35,94,84,2,121,73,82,102,10,120,55,79,83,96,98,5,74,41,81
1,6
129,131,126,61,39,48,133,90,68,52,14,28,40,78,107,2,21,62,70,24,120,71,45,57,108,77,89,16,4,66,92,72,119,118,5,50,26,91,42,31,83,102,73,82,6,46,113,99,127,23,112,96,100,81,34,59,7,36,60,69,76,80,37,41,87,93,33,3,51,8,67,103,19,65,134,104,43,121,53,63,84,97,122,29,88,109,75,64,115,49,116,105,111,101,22,56,95,47,54,124,58,10,20,9,18,0,94,74,12,32,1,114,44,11,98,13,128,117,79,125,55,123,38,132,135,17,35,25,85,86,27,130,106,110,30,15
6,3
18,111,86,81,126,4,45,60,105,27,31,11,14,32,49,51,121,40,116,63,53,91,89,12,67,132,34,56,125,78,16,88,25,130,85,80,1,9,83,13,70,19,6,8,30,114,124,94,52,74,100,92,50,59,2,33,65,72,107,113,37,15,135,47,3,28,79,82,35,68,22,69,93,96,61,46,10,133,66,87,90,120,106,119,29,5,118,62,112,75,76,23,109,104,128,110,99,131,102,55,117,97,0,73,48,36,84,95,43,7,38,108,115,134,64,26,42,103,20,39,77,122,58,123,127,21,54,98,24,41,17,101,57,44,129,71
2,6
86,121,105,126,70,128,94,114,37,58,20,18,96,15,29,119,127,97,60,56,48,6,30,62,82,52,72,49,44,11,21,14,59,93,81,91,132,39,90,109,117,3,25,120,98,77,24,130,111,27,118,1,32,123,57,33,0,92,38,8,135,43,13,51,101,35,115,40,26,61,112,2,131,63,125,102,79,47,106,42,107,134,41,16,73,34,12,66,46,54,67,103,75,55,124,99,87,36,116,122,74,100,31,76,133,53,110,9,89,71,7,64,50,65,108,22,84,68,88,83,4,19,129,113,85,78,28,23,10,69,17,104,45,95,5,80
5,6
115,120,81,113,116,67,30,60,3,34,80,127,41,10,114,65,97,6,93,87,32,133,112,95,39,25,44,16,1,22,123,102,36,94,17,64,14,100,122,2,86,29,58,47,131,18,105,69,49,92,96,46,38,21,135,121,26,108,54,85,90,110,118,62,77,78,126,134,68,104,91,79,128,89,73,130,19,76,101,124,88,70,28,5,43,31,129,52,8,83,12,56,53,42,24,75,106,4,66,37,0,35,119,11,117,50,72,99,20,107,125,74,33,15,84,71,55,9,48,23,61,27,57,82,98,45,13,132,63,109,7,59,111,103,51,40
2,3
100,5,4,20,84,114,50,70,69,113,88,38,0,120,122,89,87,102,39,11,54,8,81,127,95,130,117,34,129,73,45,123,85,24,92,103,58,135,22,12,125,6,118,82,75,101,48,83,52,41,62,47,112,96,74,2,110,37,59,77,32,53,40,56,93,21,35,72,49,19,18,121,133,1,65,28,105,90,26,126,132,44,71,91,36,79,9,134,66,80,98,43,108,46,119,94,7,29,67,97,57,68,61,23,31,16,25,27,30,78,86,115,3,17,128,109,51,10,111,99,15,76,60,124,13,14,42,64,131,116,107,63,55,104,33,106
6,5
93,122,83,2,28,36,133,56,15,90,115,49,35,10,41,6,17,58,13,1,52,67,113,96,14,127,69,43,38,45,70,94,66,53,32,57,21,95,8,121,111,34,126,42,102,135,26,68,97,73,54,20,79,47,98,123,114,19,9,46,86,75,37,134,80,0,129,87,29,131,109,27,23,99,64,78,60,16,40,4,62,84,81,25,105,91,7,50,55,88,128,44,118,12,33,107,3,74,116,125,106,77,5,104,76,92,108,11,100,117,51,130,71,82,48,119,22,120,124,39,72,132,101,89,65,110,103,59,30,24,63,61,112,85,31,18
4,3
47,49,112,76,109,33,111,16,65,25,11,36,0,60,39,134,53,96,41,31,21,94,123,131,118,110,62,132,23,40,7,1,54,85,135,115,108,27,119,120,97,37,61,66,114,15,5,26,117,83,82,9,13,69,126,125,56,99,34,17,84,32,127,133,78,121,22,104,105,55,14,57,88,71,44,29,12,86,74,95,46,87,73,77,64,67,92,116,128,52,42,106,51,38,59,81,35,129,4,20,58,79,10,3,19,80,100,75,124,24,113,98,28,102,89,6,2,68,122,90,103,107,8,50,72,130,45,18,30,91,70,43,63,93,101,48
4,2
79,63,114,103,68,7,115,73,100,53,131,66,123,30,110,4,80,64,56,84,22,54,75,34,86,78,133,15,74,12,13,116,17,118,43,87,121,0,107,120,129,44,105,14,126,108,72,135,117,40,19,47,11,130,61,55,21,113,57,106,91,25,96,1,39,67,5,92,109,27,94,111,26,2,88,93,8,6,85,112,58,41,125,65,132,32,16,97,31,124,38,90,83,49,33,69,127,28,104,128,18,98,45,89,36,60,119,95,35,51,82,62,71,20,101,59,70,77,9,134,50,122,52,99,3,76,23,81,10,42,29,24,48,102,46,37
2,3
88,12,100,103,13,110,70,115,75,61,66,62,2,84,68,0,94,29,89,24,111,134,108,10,82,72,125,6,21,128,86,8,27,122,91,49,34,39,1,55,51,32,107,31,46,11,79,131,43,65,101,26,48,85,58,106,78,127,3,25,16,42,90,45,47,104,126,17,102,114,7,120,116,23,69,67,20,135,15,63,5,113,119,36,30,28,40,81,117,44,121,95,96,93,14,124,37,98,9,133,99,130,105,97,118,87,56,53,74,60,22,77,80,57,50,83,92,35,71,18,64,112,73,132,41,129,123,54,76,52,33,19,59,4,38,109
1,6
25,75,134,36,76,4,124,128,120,1,58,91,49,95,81,9,114,67,77,16,113,22,71,63,19,39,78,13,43,85,107,68,14,90,83,131,53,38,122,11,15,2,12,60,123,97,65,46,40,3,115,6,101,93,125,5,56,62,105,51,96,133,64,57,37,42,126,10,29,34,108,28,41,47,129,27,44,45,50,23,103,106,8,86,72,31,54,52,109,0,84,48,33,89,69,20,21,130,7,116,66,80,35,94,74,18,119,100,73,30,79,26,70,61,55,135,132,92,99,118,82,87,98,102,104,59,111,127,110,121,88,32,112,24,117,17
1,4
68,44,51,57,1,17,106,3,63,56,20,14,34,72,53,82,86,38,64,105,65,7,55,81,11,115,124,100,27,117,79,89,61,31,58,22,62,113,134,90,84,23,112,30,24,19,41,83,94,59,87,73,67,122,13,135,123,28,121,47,95,111,99,103,128,29,74,130,69,78,10,49,126,6,71,132,32,8,46,88,91,133,116,125,93,26,70,109,108,50,39,33,66,92,80,77,76,85,0,107,118,75,131,9,102,15,129,43,12,40,2,37,104,25,35,60,21,52,16,54,96,110,5,101,4,119,127,120,18,98,114,97,36,42,45,48
6,3
102,88,63,128,127,69,13,19,90,38,62,57,1,55,75,54,20,26,18,120,98,12,83,33,79,82,42,119,101,16,32,41,99,105,46,56,31,8,5,94,59,131,121,25,3,125,68,132,89,65,49,108,129,84,104,28,37,66,50,17,60,134,9,48,95,81,22,14,67,77,123,93,78,113,118,135,30,133,73,43,112,117,34,53,115,122,76,110,97,70,124,103,130,87,109,21,23,58,36,72,91,2,114,6,126,96,29,15,74,107,86,44,80,64,106,39,85,7,71,61,100,4,51,40,0,11,47,52,116,45,27,10,92,111,35,24
4,4
117,118,51,89,36,4,3,69,93,76,66,80,5,131,96,47,31,116,45,18,95,21,83,49,26,16,102,34,94,39,46,106,65,40,1,133,35,109,13,52,75,108,2,0,124,50,125,38,112,29,7,17,81,71,67,99,87,60,121,68,92,119,113,44,73,128,103,85,33,15,9,130,28,111,90,77,104,20,126,12,122,43,129,56,48,10,27,105,132,14,110,100,123,57,70,54,88,97,37,23,115,78,135,24,86,84,101,91,30,19,64,11,55,22,8,42,53,127,58,25,62,107,72,134,114,98,32,74,41,79,120,6,61,59,63,82
4,4
50,51,82,67,34,44,90,16,5,68,132,41,15,6,17,20,46,122,74,76,3,1,79,55,115,45,21,100,93,0,124,12,11,116,80,43,29,18,63,64,120,104,129,121,19,35,57,107,65,37,95,126,111,84,72,73,92,108,32,61,52,66,62,27,53,33,112,86,78,117,106,85,42,130,114,31,54,105,77,26,49,87,14,103,127,83,71,8,91,47,22,94,125,102,109,40,69,81,39,7,36,10,134,23,98,110,131,38,118,13,59,60,56,4,135,119,9,70,58,25,2,128,28,24,30,123,101,133,75,96,113,88,99,48,89,97
3,1
11,16,83,131,35,107,79,6,25,51,57,98,26,10,13,74,116,122,95,3,12,66,61,80,36,39,58,90,86,59,123,135,87,91,5,44,32,69,129,112,75,125,100,55,8,19,73,17,15,108,118,33,28,120,96,60,89,23,76,114,56,111,127,117,53,72,21,20,40,1,4,48,110,103,52,119,62,71,82,27,94,81,128,84,42,41,43,2,46,37,49,34,65,126,24,7,88,99,38,14,85,78,67,22,45,124,18,105,97,101,50,104,47,70,63,106,113,121,30,133,93,64,92,54,130,29,134,0,115,68,109,132,102,77,31,9
6,3
129,99,16,95,98,106,74,60,48,76,46,122,79,40,58,13,3,22,81,29,85,124,112,6,133,18,123,125,50,52,118,15,24,127,14,55,0,1,64,59,131,72,4,31,135,83,9,21,62,110,70,90,107,7,100,115,121,117,20,27,97,93,41,33,30,75,23,80,51,61,108,132,84,63,114,111,42,19,44,54,2,96,82,120,101,78,34,45,134,17,35,89,126,32,56,71,66,128,37,87,11,94,103,57,38,113,73,119,12,5,28,104,39,77,109,68,69,92,53,130,8,65,36,49,86,116,47,102,25,10,26,88,91,67,105,43
1,5
59,88,114,100,61,102,11,122,86,16,52,130,39,123,69,95,110,71,75,98,104,41,43,38,107,121,70,112,84,7,62,4,49,64,25,9,109,32,23,105,53,66,60,73,83,106,111,0,91,29,6,58,127,18,28,17,22,103,50,116,15,77,42,80,65,79,26,115,126,78,72,134,135,89,129,87,12,124,40,119,10,117,63,96,44,24,54,35,68,99,101,128,19,133,118,82,76,1,120,30,2,48,3,125,56,55,46,27,97,34,113,45,94,108,90,5,47,81,36,51,21,57,85,92,13,20,37,33,67,14,74,93,132,8,31,131
6,4
64,0,38,27,9,50,16,122,133,39,127,99,78,82,110,57,125,32,5,10,33,12,55,101,106,13,118,103,7,54,94,84,121,96,3,116,63,93,83,61,91,14,115,24,18,30,95,11,89,8,1,104,88,109,113,132,56,74,70,21,67,48,36,22,69,87,29,85,40,58,23,34,80,102,130,28,35,26,46,43,41,75,90,129,92,135,81,128,6,45,123,17,15,59,2,60,25,100,98,131,71,134,77,119,112,117,68,126,108,86,19,120,114,4,51,97,65,66,53,79,73,47,37,76,107,31,111,52,49,20,124,62,72,105,44,42
6,6
24,33,118,88,12,64,68,22,69,73,131,135,126,102,20,26,100,86,6,54,116,87,60,38,111,120,132,41,90,25,59,101,109,70,66,49,56,134,96,114,81,130,55,89,35,123,103,113,2,91,57,74,9,58,117,78,83,82,19,84,71,0,15,17,108,36,23,93,124,21,105,119,62,67,28,11,34,122,112,77,27,30,32,125,76,98,14,42,127,92,40,97,110,51,37,99,104,75,129,61,128,39,85,79,1,7,43,63,48,3,72,133,115,5,52,8,95,4,107,16,65,53,44,45,29,121,13,94,31,47,10,50,46,80,18,106
6,5
63,86,128,79,2,125,115,133,44,130,5,132,13,97,96,12,65,66,1,72,83,107,92,131,29,111,100,37,75,94,57,30,85,42,62,91,105,22,24,14,77,118,27,36,43,31,119,53,40,18,73,112,17,129,122,21,25,58,88,101,9,70,78,33,76,60,61,80,54,109,104,71,108,23,98,45,126,3,39,69,124,48,10,15,47,0,38,50,7,113,8,35,67,68,95,32,82,55,123,59,4,84,11,87,74,93,26,81,103,19,28,99,46,51,34,116,134,120,89,49,56,41,102,117,121,90,20,6,135,64,127,114,106,52,110,16
4,6
133,60,58,34,23,109,62,94,4,118,81,121,117,123,59,126,111,100,0,32,13,66,20,87,11,5,73,68,130,25,18,102,99,21,89,30,24,63,33,43,27,88,83,28,35,40,114,76,51,98,97,96,2,113,12,120,124,105,122,92,56,7,46,42,119,16,54,115,91,128,49,131,31,64,74,101,135,79,71,9,108,112,95,57,75,45,14,41,55,61,29,67,116,44,78,50,37,84,17,107,38,110,1,70,52,125,8,47,104,82,22,103,10,3,90,80,19,93,85,72,65,26,77,132,134,129,53,39,127,15,48,36,106,6,69,86
5,6
32,69,22,0,40,101,34,76,104,21,45,62,80,106,65,5,54,131,24,122,114,129,31,53,48,60,59,52,83,71,91,108,57,43,82,18,14,94,9,6,33,61,87,126,96,74,132,56,85,116,58,130,15,7,46,25,110,12,89,42,128,64,1,68,103,107,4,123,88,100,67,29,10,55,30,8,115,134,118,39,81,78,13,102,124,86,75,27,125,3,99,11,79,66,38,16,36,63,50,20,111,119,73,93,84,98,113,117,120,49,105,28,17,95,35,37,72,92,109,133,112,26,121,135,70,90,41,77,47,51,2,127,23,97,44,19
2,5
75,10,29,38,24,56,93,43,88,101,36,32,130,59,55,128,61,127,45,30,87,12,86,133,64,16,91,66,108,51,31,15,34,44,70,18,7,110,82,78,4,62,37,77,23,9,58,53,131,80,50,113,120,96,99,65,104,57,25,22,129,115,92,84,73,6,68,63,122,74,124,83,79,19,26,0,27,121,119,47,125,48,126,95,97,106,71,28,40,114,67,42,8,35,21,132,41,17,20,94,116,81,72,90,60,49,118,123,98,89,13,46,134,109,69,52,39,112,5,100,107,76,11,105,1,33,135,14,103,3,102,85,2,111,54,117
3,4
108,20,51,43,113,127,100,89,33,64,134,14,69,46,72,65,16,114,48,40,131,126,24,103,26,62,106,73,68,121,87,110,13,90,93,57,99,25,49,115,38,32,81,67,1,55,34,86,44,61,116,36,45,80,19,30,75,79,78,47,122,119,50,77,82,92,125,28,31,117,123,88,95,52,98,105,84,83,101,2,11,120,132,76,12,15,39,102,27,109,94,29,104,107,60,4,135,129,71,59,97,21,66,91,17,22,5,56,6,74,54,23,85,0,53,9,35,58,10,128,42,8,3,118,130,70,63,7,41,37,111,112,133,124,96,18
4,3
96,78,63,88,37,87,113,10,112,26,71,24,38,28,83,39,45,79,131,59,50,13,48,85,74,34,81,16,3,15,130,52,116,42,7,69,47,105,92,55,126,17,122,129,56,118,109,110,89,104,18,43,64,94,68,11,9,6,124,128,111,86,97,95,20,29,107,115,53,57,49,58,132,93,61,82,119,36,0,31,106,35,30,123,125,101,22,73,54,133,21,60,25,120,14,40,1,44,75,90,65,27,23,98,12,5,135,84,70,99,108,33,114,80,51,77,76,91,8,62,72,66,67,4,127,41,46,117,32,2,100,19,103,134,102,121
2,1
63,119,51,129,121,88,113,111,61,25,42,106,109,72,93,98,96,67,108,81,57,3,134,105,52,84,36,64,103,35,132,12,58,70,131,123,130,43,80,82,87,118,89,4,46,97,133,50,101,104,9,127,2,120,85,17,99,34,114,78,122,126,22,21,8,76,77,14,74,73,110,55,65,125,31,32,16,90,27,38,10,6,45,24,66,47,23,37,29,100,0,54,26,11,115,94,20,60,39,135,75,49,116,40,92,13,19,95,28,18,71,62,69,102,48,124,1,91,112,79,59,44,117,41,33,7,68,15,83,107,56,53,30,86,128,5
1,6
53,107,46,103,130,51,109,45,57,131,108,122,21,44,114,20,95,115,90,118,96,65,69,64,3,1,129,15,92,17,94,5,80,133,117,10,121,78,124,111,42,119,104,38,22,23,74,49,126,84,54,39,52,24,37,26,61,123,47,12,93,0,105,28,113,75,97,48,89,87,77,62,134,59,76,125,85,18,66,35,67,72,120,91,106,43,16,29,71,98,50,2,11,127,6,82,100,8,88,73,79,101,110,40,128,36,81,60,83,68,13,7,116,112,32,14,31,56,9,25,63,58,34,55,102,27,132,30,99,86,70,33,4,41,135,19
3,4
104,127,48,119,55,51,109,39,103,110,70,114,19,45,135,0,30,20,11,129,112,106,36,21,58,67,83,10,123,12,22,120,80,32,33,100,94,131,117,95,75,13,125,41,28,56,126,65,27,7,60,4,44,89,116,5,52,87,76,62,77,2,57,35,66,128,3,53,71,84,122,74,78,134,132,115,37,38,108,34,42,49,14,93,23,29,31,16,47,113,121,99,85,107,90,97,111,8,54,46,130,79,68,91,43,17,40,102,86,101,69,6,105,63,73,61,98,124,72,25,92,9,26,1,133,50,64,118,88,59,96,18,82,24,15,81
4,2
11,13,16,114,0,15,88,124,48,76,46,3,130,110,29,128,31,105,79,25,125,41,28,20,134,111,133,68,32,12,64,127,6,91,70,121,57,74,1,30,8,22,21,112,50,85,36,47,7,126,53,89,24,9,17,18,83,33,23,99,100,132,2,67,63,120,97,119,38,40,77,94,58,52,60,93,101,39,135,34,115,59,108,131,65,43,55,123,86,14,61,87,78,75,42,122,96,71,102,44,51,80,45,19,106,109,49,4,69,107,81,84,116,82,90,72,5,26,35,103,113,117,104,95,98,56,73,54,27,66,118,92,62,129,37,10
4,4
64,97,115,61,105,40,32,43,77,72,104,96,34,73,24,41,113,126,88,36,2,125,11,18,25,93,29,86,8,3,6,13,121,92,103,56,127,55,59,118,109,87,112,101,53,83,100,19,85,0,95,38,107,30,63,110,60,48,51,22,17,71,128,129,35,124,102,117,10,4,75,81,1,130,62,58,119,52,47,74,26,89,31,44,114,23,108,33,15,131,78,111,20,7,76,69,98,5,82,37,45,134,99,123,9,94,80,14,54,132,42,79,57,16,106,12,90,135,28,70,84,50,65,66,49,91,21,122,39,116,67,120,27,68,133,46
5,4
27,104,120,85,33,3,89,103,43,9,42,102,10,135,114,73,5,70,121,108,84,55,74,131,83,106,57,71,0,130,6,47,51,65,117,24,64,22,92,15,63,68,118,60,81,40,44,95,61,67,116,127,79,97,21,30,28,1,132,59,133,126,62,82,46,99,122,7,100,101,96,110,124,113,128,31,36,119,111,26,109,87,93,58,112,45,72,18,14,115,77,53,2,52,107,48,49,38,80,129,78,66,34,13,11,75,90,23,105,125,20,35,37,17,123,41,8,98,29,19,12,4,76,16,25,94,91,32,86,134,88,50,54,56,39,69
6,4
47,24,76,38,49,36,84,26,14,115,121,31,44,51,107,90,122,70,73,5,101,45,8,2,55,127,68,130,133,46,53,129,106,99,77,87,67,25,32,27,94,110,105,62,111,20,7,103,40,66,6,104,64,1,123,69,43,17,114,80,135,18,78,3,85,48,0,120,33,23,9,37,113,12,124,86,112,93,11,97,89,91,98,118,119,19,102,108,65,50,117,71,88,126,132,34,21,134,30,131,125,4,83,41,100,28,79,15,29,22,95,59,96,63,16,128,60,116,92,56,13,72,39,42,82,54,52,10,81,58,109,61,74,57,75,35
2,1
37,56,55,114,61,135,133,121,9,117,8,130,120,131,76,18,89,41,129,2,32,108,50,63,75,34,40,25,119,1,6,98,91,45,96,22,72,20,36,16,126,94,17,127,30,28,24,86,43,7,23,3,74,80,13,93,57,104,122,33,38,95,5,11,84,87,90,106,51,132,85,134,111,101,0,62,46,100,69,27,59,15,83,60,110,125,70,71,77,79,47,10,102,53,97,42,4,128,48,14,92,66,112,19,109,39,124,118,21,68,52,64,29,105,88,78,113,65,81,31,107,44,67,73,123,54,58,26,115,12,103,116,49,99,82,35
4,4
96,121,37,46,89,97,107,13,49,118,47,22,76,8,30,40,20,74,38,86,65,104,31,43,112,106,27,25,3,62,80,6,82,111,57,88,83,73,128,85,23,53,129,130,125,55,92,131,24,35,110,5,9,78,132,71,51,91,100,114,18,75,81,44,68,119,134,4,21,127,59,94,69,90,63,105,95,87,14,93,41,102,66,84,28,115,7,98,36,15,64,67,109,113,17,42,26,103,12,133,50,58,122,52,29,120,32,123,56,101,124,108,77,45,60,135,99,33,19,79,2,61,0,72,54,116,34,16,126,117,39,48,1,11,70,10
4,1
60,16,68,130,70,46,90,20,13,94,18,77,51,36,54,65,132,100,23,62,19,128,96,0,80,43,5,82,33,104,21,75,14,109,127,108,133,63,131,58,111,119,35,84,9,67,40,88,93,125,101,129,2,59,11,134,73,72,3,48,122,66,118,28,44,103,10,98,123,52,135,55,91,22,87,29,121,124,85,8,117,4,34,61,7,115,32,95,17,57,116,86,53,47,76,24,107,110,102,106,30,38,74,105,78,25,64,1,92,39,89,49,27,126,31,114,113,112,6,12,50,42,26,71,120,79,81,99,69,41,56,83,15,97,45,37
3,2
86,127,96,65,112,94,58,6,132,36,49,31,40,66,37,21,82,102,30,128,24,114,85,134,55,113,104,44,51,43,76,92,56,46,67,110,123,17,19,122,100,93,108,59,60,28,125,63,22,129,95,84,106,103,41,12,79,38,5,130,50,131,42,35,27,64,89,52,11,53,135,91,32,115,101,99,126,118,71,57,120,69,15,4,83,73,119,62,7,78,90,133,2,74,68,1,121,77,48,109,26,18,0,70,98,111,61,16,45,14,81,97,25,10,20,9,39,72,87,107,54,33,88,117,47,29,116,124,3,80,23,105,8,34,13,75
3,5
104,66,61,59,11,42,38,20,4,53,119,134,96,87,40,121,100,74,37,128,68,27,63,76,80,72,126,99,10,29,18,17,21,112,16,34,130,5,84,94,67,129,25,23,64,106,41,88,50,135,43,109,51,124,14,15,60,8,57,55,78,82,32,44,49,113,125,1,12,95,90,30,39,133,85,13,110,2,35,22,116,48,62,98,73,89,115,54,91,3,56,47,122,0,19,111,28,101,117,6,118,36,123,120,65,131,77,108,93,69,70,114,7,86,132,24,83,102,92,31,71,75,81,103,105,45,127,26,79,46,97,58,33,52,9,107
3,3
74,107,118,43,61,48,132,17,22,7,133,115,31,39,3,130,13,104,14,63,122,53,26,86,0,29,99,20,42,135,109,93,67,117,72,79,37,18,96,94,75,10,49,82,110,5,111,54,47,105,120,41,91,44,19,90,12,103,102,2,83,55,9,80,101,6,88,27,129,46,125,59,128,11,89,106,34,131,97,113,28,21,66,69,124,126,36,81,100,119,65,71,50,123,70,40,108,57,112,15,25,64,116,24,38,62,58,87,73,134,32,23,33,84,78,121,77,76,52,98,114,92,51,45,56,60,4,8,1,68,95,127,85,35,30,16
3,1
104,98,36,47,48,52,119,120,64,28,122,38,97,67,2,30,50,85,92,81,127,74,43,118,110,66,68,113,88,101,54,15,116,90,22,86,62,1,8,94,134,9,102,20,17,12,96,117,99,109,115,124,75,108,18,56,89,33,131,63,73,11,44,41,58,16,35,123,49,60,114,79,70,91,32,121,100,80,40,77,7,51,34,19,133,0,45,4,132,31,53,6,72,130,111,128,112,82,57,21,5,83,37,107,29,13,24,135,3,14,105,23,39,87,129,93,25,84,78,103,42,69,71,125,55,10,61,65,76,95,27,106,126,26,46,59
6,5
32,40,112,19,21,110,10,64,17,74,55,93,113,115,122,14,22,116,35,5,6,78,130,70,91,8,106,108,52,13,61,105,29,107,56,89,88,48,46,65,16,66,18,84,0,120,76,11,34,36,135,83,33,85,133,119,123,104,60,100,69,20,103,41,114,38,42,131,31,80,28,98,9,128,132,127,95,12,96,51,99,43,86,75,15,7,68,94,53,101,50,126,77,118,45,49,134,63,81,23,82,30,102,109,2,57,37,125,87,3,26,62,39,24,72,97,121,124,117,129,54,79,111,4,92,1,73,44,47,71,58,25,27,67,59,90
5,2
40,8,17,108,20,94,111,4,116,124,43,18,14,96,54,135,57,7,74,127,90,72,23,5,15,6,87,82,100,12,62,56,60,55,86,122,68,133,34,30,24,16,67,125,50,92,49,102,85,25,120,59,58,81,130,84,128,106,121,71,61,2,126,80,0,83,115,22,119,103,98,3,69,107,89,39,118,47,38,46,26,95,134,52,29,75,112,88,1,35,78,99,10,19,51,36,48,33,65,21,9,41,66,109,117,123,76,64,132,53,101,28,131,97,70,42,45,105,93,63,104,114,11,13,79,113,27,129,31,44,32,77,91,110,73,37
4,2
130,118,53,23,65,86,72,4,85,1,2,95,82,31,43,16,67,98,92,15,37,63,66,27,83,75,6,117,60,50,41,113,89,115,131,121,26,40,11,5,124,126,119,109,3,38,91,101,35,29,80,58,122,123,0,135,107,71,68,127,57,24,64,94,100,106,44,79,103,108,7,56,125,77,48,78,111,52,34,9,45,69,21,129,49,134,102,62,17,128,25,99,30,110,8,112,70,18,59,55,54,114,10,87,51,61,73,42,96,84,93,104,39,13,90,19,33,14,74,76,132,20,22,12,105,32,36,116,28,133,47,46,88,97,81,120
1,4
82,53,37,10,84,127,117,81,79,67,61,72,112,134,60,2,31,102,66,69,126,5,19,44,18,103,101,55,29,48,7,26,38,113,49,40,21,41,73,89,11,104,45,85,71,111,1,108,75,9,50,100,133,107,57,86,123,16,118,58,129,114,62,122,65,90,92,130,47,91,33,83,76,97,46,125,70,115,68,59,15,35,32,80,56,54,96,94,105,77,3,25,30,22,23,98,24,88,42,121,109,131,12,20,106,39,95,116,28,87,119,120,64,52,135,124,17,13,36,27,93,0,34,14,132,74,99,4,63,6,128,8,51,78,43,110
4,4
47,108,78,45,80,3,10,23,36,13,129,5,61,84,42,95,133,43,86,117,123,25,4,120,111,74,35,96,21,134,40,121,130,72,15,73,112,17,100,37,101,128,52,91,54,102,89,38,60,44,126,70,98,76,75,103,16,26,109,62,115,53,18,93,116,32,88,27,79,135,39,105,30,67,94,33,7,24,119,34,122,132,68,6,51,58,8,49,69,28,50,110,2,90,19,9,11,97,99,114,0,31,63,41,131,14,1,71,82,125,57,59,81,77,29,65,66,46,56,20,107,92,127,118,124,104,83,12,106,48,87,64,85,22,55,113
5,1
45,133,131,100,98,111,8,86,35,57,97,34,67,33,22,82,31,76,132,71,1,66,74,58,95,87,52,38,43,105,94,0,109,69,24,120,10,127,102,16,118,80,135,41,75,113,21,32,46,121,53,83,129,96,9,88,79,44,85,124,61,112,126,29,115,64,70,39,27,134,40,19,56,6,11,30,20,51,78,4,110,84,15,60,92,23,99,13,72,81,3,125,119,55,123,62,128,103,114,73,7,63,5,49,89,28,101,77,65,104,54,14,47,90,108,116,42,48,25,37,117,59,106,122,68,107,17,2,18,130,93,12,26,36,91,50
1,5
73,76,75,56,29,43,88,40,9,84,91,98,67,19,109,32,5,115,130,30,94,122,37,71,110,33,3,124,87,38,129,119,6,105,2,52,79,80,100,12,104,31,51,93,99,97,127,21,62,123,64,135,59,77,70,85,131,13,25,48,11,24,49,0,46,8,113,15,39,14,4,95,26,114,125,1,128,34,83,78,96,86,69,65,101,23,118,89,22,17,27,72,134,66,42,107,120,57,90,106,68,117,121,102,36,74,28,61,16,47,111,44,112,92,18,126,53,20,133,41,63,108,50,103,45,60,55,10,35,7,81,58,116,54,132,82
3,4
70,68,92,118,19,132,102,114,110,11,77,5,82,22,86,66,10,78,56,15,9,73,45,108,105,1,84,121,62,42,88,90,53,133,7,127,104,120,122,49,79,30,71,60,69,101,55,111,95,109,129,75,64,106,112,21,40,100,74,34,115,61,63,28,36,94,116,37,103,81,14,97,24,8,72,27,123,91,65,117,113,13,54,31,89,107,44,131,76,48,128,87,67,39,46,47,41,35,80,59,52,126,85,119,32,16,124,6,18,38,3,99,125,20,98,12,51,134,0,4,17,29,26,96,57,58,43,2,33,23,83,93,25,130,135,50
1,6
120,73,101,116,67,117,59,133,62,17,42,25,105,74,34,68,51,9,57,7,82,100,112,72,129,22,135,27,128,10,132,5,8,97,87,2,131,134,122,121,109,99,52,16,31,114,18,70,3,21,130,1,88,37,26,33,96,98,4,43,81,36,102,92,35,65,119,28,113,38,79,19,11,47,75,29,24,126,63,20,48,89,64,61,125,6,123,115,84,41,66,58,69,85,30,15,55,50,108,90,93,95,91,49,44,23,12,40,104,39,80,46,0,60,106,77,53,110,76,54,124,107,127,78,86,56,83,103,71,94,14,13,45,118,32,111
5,3
50,129,105,16,7,77,55,22,122,33,124,31,117,38,89,109,82,134,83,87,30,46,127,132,70,1,119,112,63,116,62,18,34,66,2,25,81,121,9,43,49,54,39,125,75,4,40,13,5,10,131,115,47,93,78,107,12,97,45,80,74,53,24,44,51,118,3,27,67,69,108,101,73,135,29,99,57,26,48,20,32,52,58,133,72,61,60,36,19,111,92,42,35,128,6,91,94,103,41,84,71,17,76,68,88,96,15,28,114,37,8,21,100,56,65,104,113,64,14,120,11,106,126,79,123,23,110,95,85,98,90,0,130,59,86,102
3,1
129,95,0,65,53,113,119,72,33,126,25,121,116,74,21,18,47,103,71,112,122,36,128,9,89,70,83,38,51,98,100,90,99,78,63,108,106,69,23,48,115,64,14,19,1,49,60,10,73,93,135,88,20,43,66,58,28,131,80,12,11,41,96,8,81,26,15,86,110,27,76,62,104,130,5,109,16,124,57,127,94,29,4,123,3,68,45,120,82,92,55,6,111,22,42,52,56,40,17,32,79,61,44,50,102,46,118,84,107,105,37,24,132,134,30,87,77,91,75,35,114,54,101,125,2,133,39,7,85,59,34,97,31,67,13,117
3,1
53,100,120,83,86,1,59,106,102,98,45,55,89,112,105,50,114,131,16,33,69,2,34,6,46,94,95,14,85,75,103,128,93,38,87,109,68,76,133,13,36,123,39,63,7,41,54,3,129,67,117,78,124,108,79,24,132,28,130,11,19,9,22,73,64,111,70,104,12,27,4,5,61,30,88,62,8,25,47,32,72,90,127,134,80,81,44,74,31,37,121,21,82,66,84,20,40,17,122,96,48,35,113,77,0,18,107,126,23,10,58,91,99,15,115,49,65,60,116,29,71,26,97,119,101,51,118,43,42,92,110,57,56,52,125,135
4,6
81,82,35,79,12,19,67,127,87,25,116,21,43,29,40,97,2,50,131,38,73,125,70,92,18,76,9,134,32,91,0,11,44,72,28,62,31,57,108,7,133,102,37,121,95,77,55,4,71,3,110,80,89,98,17,26,60,90,100,34,20,99,129,96,66,120,88,107,68,33,8,69,6,46,47,63,115,85,130,27,42,51,117,65,111,106,39,132,126,36,104,13,64,119,56,101,135,74,22,109,10,113,5,83,16,53,78,105,93,114,75,45,59,15,84,103,30,23,94,58,52,48,118,122,1,128,124,112,24,41,14,61,49,54,123,86
6,6
67,73,111,84,112,45,97,0,69,20,41,98,23,36,107,135,109,7,102,1,53,24,72,89,14,114,40,5,95,61,31,126,88,9,90,12,116,94,117,83,76,62,13,19,10,113,63,18,2,71,70,79,66,50,106,96,51,35,86,78,52,33,121,105,122,118,32,77,101,132,17,120,130,82,42,108,47,57,30,28,11,22,25,4,43,80,59,54,110,6,93,55,68,60,81,27,15,44,129,29,21,91,65,115,58,56,123,125,124,39,100,128,85,38,37,48,99,75,46,16,34,74,87,103,133,104,134,3,64,26,92,119,131,8,49,127
3,5
24,55,60,62,133,78,28,66,124,27,107,34,128,45,115,97,102,6,23,88,131,49,33,70,134,94,2,75,76,84,129,63,18,0,116,5,1,54,10,13,20,31,15,61,112,123,122,53,38,80,35,8,16,37,119,22,19,110,79,111,32,125,103,52,50,89,71,44,117,11,121,126,99,73,40,132,21,120,47,105,109,72,36,26,9,86,3,64,106,82,90,93,81,48,104,25,17,92,30,77,42,29,135,74,67,96,39,130,58,69,127,59,68,98,114,7,43,12,85,100,101,65,46,91,51,4,14,57,108,56,83,41,95,113,87,118
6,2
54,77,27,58,79,121,16,75,30,53,48,132,62,71,111,125,69,97,35,127,32,55,120,59,7,104,41,68,50,47,3,45,91,15,115,49,110,70,81,87,88,46,44,14,42,60,123,131,117,100,22,6,26,130,116,119,102,19,23,105,73,135,31,82,61,84,67,90,113,40,109,92,133,66,17,0,29,65,94,37,20,124,64,103,25,93,101,2,96,57,11,18,8,56,89,28,10,112,13,21,33,52,99,34,128,72,107,12,5,1,76,118,108,4,9,39,43,134,24,36,122,129,38,80,63,78,83,51,114,74,98,106,86,126,85,95
2,6
100,134,109,20,112,21,94,135,38,2,9,25,70,85,30,75,36,69,40,126,10,81,64,132,98,67,56,61,117,79,13,96,29,104,103,42,99,31,12,23,78,71,17,91,118,106,54,19,80,14,5,8,110,114,59,88,50,57,68,58,130,43,65,33,101,122,120,128,0,28,77,115,55,44,108,131,45,3,32,89,4,24,93,72,7,37,124,76,105,62,111,53,49,48,66,83,119,11,22,102,125,87,74,1,116,63,95,27,39,92,15,129,6,47,35,41,60,90,113,123,121,18,107,26,133,127,34,97,52,51,84,16,46,86,73,82
3,2
36,48,132,17,67,43,81,27,4,117,65,16,9,77,45,38,75,66,41,61,54,104,118,85,78,8,2,125,130,10,86,26,34,25,115,135,30,80,128,33,40,87,35,21,113,58,129,108,97,37,14,47,20,100,107,111,133,126,69,89,98,114,91,116,52,82,94,55,53,119,71,90,19,7,50,57,24,64,127,134,76,42,5,63,79,18,124,105,103,95,56,3,123,51,68,70,131,110,23,44,32,102,1,106,11,93,84,22,59,72,60,13,92,31,120,29,6,28,39,83,0,12,73,122,101,74,46,99,15,112,62,49,109,88,96,121
4,2
25,85,88,112,33,4,84,103,61,7,41,86,31,30,21,52,127,35,104,47,113,43,81,28,132,110,114,18,70,119,83,67,37,6,48,80,0,3,55,120,98,44,121,63,50,108,42,93,68,71,106,130,99,12,14,90,69,51,111,91,123,22,134,76,53,15,115,20,105,131,17,54,95,23,34,94,39,57,109,36,66,126,100,78,125,32,135,11,29,13,79,59,116,9,45,2,26,117,92,122,19,133,38,96,1,72,5,24,40,16,89,46,129,56,27,77,74,101,49,124,65,128,73,58,102,97,82,75,118,87,107,62,8,60,64,10
5,2
125,62,106,128,31,30,104,93,43,4,75,28,7,102,112,45,99,12,74,130,44,97,13,118,54,40,56,133,116,14,124,123,68,127,122,80,86,94,70,9,66,41,121,101,63,98,27,1,84,111,23,120,15,53,135,3,132,0,103,55,21,64,61,16,65,82,47,91,67,119,88,36,5,52,78,90,87,134,49,110,79,37,71,105,92,129,35,59,48,96,8,76,58,29,26,46,89,108,11,42,33,100,38,51,69,19,34,115,131,107,22,57,109,39,32,81,77,117,83,25,95,114,10,85,6,126,73,113,20,72,50,2,60,24,18,17
6,1
28,123,20,129,107,0,102,100,6,116,46,55,19,106,21,56,77,120,110,111,98,60,121,83,36,27,92,68,113,63,108,51,57,104,70,49,88,127,82,103,78,128,59,45,125,31,11,38,8,81,75,117,85,9,118,134,105,43,112,35,72,24,40,91,54,13,48,94,99,135,37,34,26,32,7,12,5,64,109,95,101,10,3,133,93,96,132,4,115,16,90,80,84,15,23,119,87,14,65,47,25,74,17,44,86,1,67,18,71,97,42,79,61,30,66,58,52,22,50,33,114,73,76,131,39,41,29,53,89,2,124,69,122,62,130,126
5,2
55,78,9,91,19,20,83,84,17,8,27,59,106,63,68,119,114,48,26,52,22,111,69,96,126,109,4,135,13,133,130,56,23,120,47,54,72,93,77,46,76,80,118,7,49,5,108,37,61,58,41,90,115,29,117,1,31,86,40,38,116,25,16,123,32,21,107,64,112,34,125,3,71,43,124,33,121,50,12,97,127,70,100,2,131,65,66,82,35,62,105,92,99,75,60,0,36,42,67,51,15,104,39,28,103,110,113,95,102,85,128,18,81,79,44,45,14,30,101,132,74,11,94,88,10,87,134,122,24,89,53,98,73,57,129,6
6,3
13,16,3,59,8,38,118,109,133,15,5,103,33,61,26,91,101,20,54,62,6,22,28,21,55,25,45,30,108,40,65,32,100,120,87,10,63,130,69,75,125,96,102,79,47,115,64,132,92,50,41,111,77,7,11,86,117,121,131,85,113,4,9,36,110,17,53,127,95,71,14,46,48,68,31,104,106,76,39,2,24,114,23,123,78,105,1,29,124,27,116,98,81,37,56,66,43,12,89,134,97,42,44,70,119,72,49,58,90,94,51,84,67,60,93,122,126,83,73,107,52,80,34,88,99,35,82,112,74,0,57,19,135,18,129,128
1,6
118,29,98,83,56,23,128,81,126,101,75,102,15,82,80,7,71,58,72,57,18,73,94,16,22,2,120,70,6,79,60,47,121,42,41,28,63,38,10,97,55,46,117,87,108,95,26,116,100,110,0,103,13,106,62,39,27,5,124,85,125,105,51,92,67,1,123,32,90,129,74,132,104,30,11,49,113,109,88,35,111,24,34,43,115,14,93,131,45,53,69,84,54,50,66,52,59,76,78,33,68,99,20,12,17,112,119,19,61,4,65,77,48,89,40,37,107,36,31,3,9,64,134,21,114,91,127,130,44,86,122,8,135,25,96,133
5,3
135,79,31,111,72,49,123,121,76,129,38,84,22,55,74,85,63,21,124,70,89,29,2,19,93,51,120,125,10,115,91,18,15,47,82,14,99,30,100,109,13,44,107,117,5,8,17,119,95,58,37,66,50,132,101,88,23,78,81,73,112,1,110,41,102,42,34,46,69,25,106,52,61,16,68,133,126,4,77,9,105,122,40,97,28,131,54,134,26,96,103,118,67,3,104,64,6,45,71,94,92,57,128,7,80,87,35,113,27,32,12,86,56,36,114,43,39,130,48,0,98,65,116,11,59,108,53,90,83,62,75,20,24,60,33,127
4,3
127,19,95,124,90,123,117,99,96,83,13,82,128,22,133,97,107,81,84,6,111,79,102,45,47,103,68,33,109,15,126,46,73,12,69,17,59,106,105,55,61,26,31,7,14,10,50,2,113,80,20,11,52,65,86,51,92,91,114,115,9,60,23,132,18,57,54,49,27,40,70,77,101,62,129,30,21,8,100,35,56,93,134,34,41,85,88,135,125,5,78,36,16,58,75,0,28,3,131,67,110,63,29,53,116,120,72,4,48,38,112,37,25,66,122,119,24,108,89,1,87,74,71,121,130,94,43,64,104,44,32,39,76,98,118,42
5,4
56,77,9,17,44,107,116,105,75,124,79,3,83,58,127,2,24,68,126,121,32,8,52,18,93,38,132,134,114,29,84,15,80,98,101,35,94,16,19,31,76,34,53,51,63,102,50,30,69,110,78,12,135,81,7,57,90,89,23,106,108,47,95,10,48,28,54,27,42,33,74,67,113,41,1,118,92,46,72,40,86,112,66,111,60,11,36,123,131,99,20,61,62,43,103,64,14,4,70,96,129,117,115,100,88,109,128,104,87,45,5,130,97,122,0,37,49,26,6,73,119,59,125,25,39,82,120,91,71,85,65,55,22,13,21,133
6,6
0,37,60,62,25,132,58,29,12,13,21,103,101,1,96,22,75,80,88,50,73,122,53,17,92,59,18,67,7,110,71,135,133,64,117,2,5,52,107,124,11,36,108,16,123,8,85,106,112,82,33,31,54,23,79,26,95,93,41,14,6,102,20,121,74,131,72,89,19,47,99,116,55,114,115,109,32,69,111,130,87,57,49,39,15,70,119,10,51,94,24,63,134,90,83,104,44,125,129,76,127,120,97,113,28,78,86,77,56,3,42,43,40,45,91,48,81,66,38,126,68,46,4,65,105,34,98,27,118,84,61,9,35,30,100,128
3,5
54,113,135,119,19,97,74,4,47,76,78,15,59,89,129,71,105,32,33,104,79,58,92,77,60,9,94,96,103,46,130,6,87,120,25,2,111,62,1,122,23,3,16,109,133,117,127,100,26,68,41,118,116,128,11,126,18,24,72,91,48,124,102,36,121,38,7,81,63,49,8,65,99,17,66,40,110,34,101,69,53,42,21,61,55,95,70,125,28,132,131,12,0,114,22,75,82,85,80,106,52,31,108,20,13,5,43,51,56,90,39,67,73,37,88,83,123,10,45,30,107,86,115,84,27,29,64,35,98,93,112,134,57,14,50,44
5,4
122,67,50,35,76,30,108,128,92,133,103,9,2,112,73,78,85,120,113,11,132,38,34,131,124,40,69,6,96,51,106,57,70,134,15,117,135,46,101,79,115,23,39,89,31,64,44,55,83,127,10,110,27,0,116,17,14,105,47,90,114,118,81,49,86,7,32,107,111,61,71,22,100,29,41,125,91,74,37,130,119,45,58,65,43,42,54,102,1,84,121,8,88,109,82,98,56,93,59,24,97,36,28,62,94,77,18,19,16,80,75,21,60,129,4,13,68,95,26,87,5,66,52,104,99,48,126,20,3,12,53,33,25,63,72,123
6,4
24,1,26,111,88,121,35,126,119,130,38,81,44,80,41,110,12,82,62,65,85,133,37,17,76,34,66,39,32,46,86,96,120,55,14,107,77,87,95,68,50,0,20,94,16,91,127,124,30,33,135,57,58,15,109,61,97,4,47,9,53,49,112,60,54,75,118,106,104,84,113,71,13,128,42,5,72,56,78,117,22,59,2,103,6,48,3,69,132,18,99,52,131,63,40,102,114,31,89,36,7,45,79,8,43,19,70,11,74,115,98,28,101,64,93,27,29,92,116,10,100,123,105,83,129,23,73,90,108,25,21,67,51,122,125,134
2,4
61,77,133,51,108,88,96,116,10,113,47,21,3,15,44,33,13,17,0,39,132,135,26,98,38,46,103,55,54,118,81,43,6,71,50,68,70,8,11,67,35,40,59,99,62,42,100,2,58,22,119,128,60,82,130,18,114,53,86,65,74,52,4,36,41,30,125,66,27,80,1,97,12,37,34,101,89,14,83,28,49,57,78,109,29,84,5,31,92,63,16,64,20,93,112,87,104,124,75,117,115,129,24,110,48,7,134,120,9,32,126,69,94,123,73,111,85,76,102,23,95,79,105,131,122,19,121,25,90,91,106,72,56,127,107,45
6,6
9,66,114,15,1,37,90,30,0,26,22,102,2,88,81,127,62,109,58,55,75,46,4,107,110,48,7,116,28,117,41,3,21,67,70,32,97,40,105,104,17,99,106,134,121,94,56,44,86,119,14,19,122,20,24,12,129,45,42,135,54,50,53,95,93,47,59,43,8,65,111,29,92,23,98,126,82,60,68,51,11,49,71,115,118,124,18,61,113,83,125,63,80,130,103,72,76,27,85,35,36,25,131,78,108,120,100,16,33,123,39,112,52,77,69,74,34,5,64,133,96,57,101,87,89,10,73,91,38,6,128,132,31,84,79,13
6,4
39,117,102,118,64,70,131,97,75,29,79,134,61,2,4,133,121,24,123,93,68,22,85,114,16,116,23,100,19,20,13,98,129,63,37,81,94,126,50,60,67,56,1,74,40,115,101,10,120,55,46,99,25,104,132,32,87,12,122,45,90,110,18,82,72,17,69,27,109,111,58,15,83,51,33,53,65,8,6,62,11,9,103,36,31,59,43,49,84,5,73,30,48,86,44,95,34,26,96,38,78,125,113,92,71,107,0,57,112,128,42,108,66,130,105,21,106,76,54,91,119,41,77,89,28,14,127,52,35,80,3,7,88,135,47,124
3,2
53,28,0,128,121,129,85,131,6,73,74,132,92,21,123,55,14,42,106,35,105,82,87,39,93,49,15,102,46,32,10,58,107,134,69,100,90,66,19,60,56,2,118,91,41,25,86,50,61,76,59,95,3,37,83,12,17,80,79,7,16,13,47,22,57,75,125,116,84,40,1,113,45,70,23,71,38,29,20,9,115,5,18,97,110,117,8,114,72,54,81,48,36,122,68,109,44,88,31,33,133,78,62,108,111,63,124,64,77,26,67,112,4,104,135,89,101,94,30,52,96,98,103,24,11,99,43,51,120,119,126,65,127,27,34,130
3,1
75,38,7,134,122,123,12,126,113,74,80,124,88,34,40,108,111,10,42,29,128,93,35,66,14,110,54,101,135,82,27,121,103,15,57,43,73,71,6,127,131,118,16,65,130,114,77,104,3,33,112,58,102,96,133,18,99,23,76,5,2,45,24,132,28,22,129,86,64,20,30,52,47,109,63,94,26,107,8,37,61,85,106,105,39,81,46,115,72,119,67,91,36,78,53,59,1,17,120,50,92,62,44,83,49,79,90,19,48,68,70,0,41,117,56,95,98,11,32,25,60,51,87,125,31,116,84,13,69,9,97,100,55,89,21,4
4,5
35,42,28,3,68,95,26,130,134,32,131,33,54,31,104,4,124,88,65,1,107,45,46,113,58,36,92,50,81,74,108,119,105,44,101,13,82,22,62,111,72,16,39,75,55,70,132,37,69,126,30,98,129,133,86,15,14,2,5,78,52,19,125,64,93,24,11,21,91,96,76,9,67,29,7,89,99,122,6,41,61,59,56,120,27,12,8,77,17,102,114,18,47,87,51,103,128,90,127,97,60,40,110,112,20,38,85,135,10,71,53,73,100,23,49,57,63,121,109,0,106,123,80,25,117,43,48,84,116,34,94,118,79,115,66,83
2,3
96,133,72,73,33,90,37,22,76,122,56,48,18,80,38,44,135,95,119,7,52,84,14,57,34,50,106,62,85,71,67,63,26,20,64,49,65,36,59,21,30,54,74,31,70,125,9,124,134,105,101,5,23,103,51,3,118,43,75,93,16,28,128,69,27,41,104,4,60,132,1,97,24,42,58,110,91,81,111,0,29,2,131,46,102,120,117,11,6,32,66,78,94,17,45,83,87,12,47,19,8,113,109,114,121,116,115,55,123,10,89,130,92,77,100,39,82,112,15,129,40,98,68,79,108,25,88,53,35,61,126,127,13,86,107,99
6,1
98,129,126,104,76,49,23,19,97,35,88,96,125,109,45,105,119,32,39,67,111,128,3,103,7,113,24,132,127,63,87,29,26,15,47,133,54,8,80,0,82,36,31,91,86,33,57,114,53,50,51,107,34,69,11,40,17,112,135,30,12,108,117,4,65,27,79,118,85,72,120,83,58,93,37,78,5,2,101,134,1,90,44,70,66,73,95,102,121,106,84,52,10,131,46,110,116,71,68,74,20,56,115,124,38,21,22,14,61,130,6,100,42,99,122,81,9,28,55,77,41,75,89,60,43,18,59,62,64,92,123,25,13,94,48,16
2,4
28,97,91,135,63,24,78,118,117,88,29,87,13,37,93,102,56,73,76,110,106,100,74,66,11,123,21,42,8,125,18,64,47,41,39,1,98,6,12,49,40,72,116,5,48,80,108,0,15,17,75,120,133,82,89,77,92,85,94,119,9,105,60,43,33,70,52,86,61,32,7,126,19,20,30,81,67,51,4,25,124,104,14,55,71,26,83,113,10,53,69,2,36,79,112,134,90,99,35,44,107,122,95,127,130,115,3,34,84,62,114,121,22,58,129,57,45,103,132,27,109,65,16,31,38,131,96,59,101,23,128,46,111,50,68,54
2,3
97,110,1,27,0,55,71,72,108,7,51,48,54,115,19,120,126,111,73,42,23,129,35,29,58,28,125,128,116,86,87,92,106,26,75,68,22,91,52,40,15,53,32,127,94,76,30,88,98,105,101,18,123,59,121,43,16,57,135,9,62,131,61,113,95,12,134,14,93,132,124,90,45,5,117,25,74,96,109,133,104,24,3,107,50,83,36,63,81,79,112,13,4,99,69,2,46,130,11,37,114,39,17,100,21,84,10,31,38,122,103,77,89,33,70,80,85,8,67,49,44,41,78,34,6,82,47,66,20,60,119,64,65,56,102,118
3,1
1,124,31,44,72,97,54,111,29,47,105,84,68,129,35,30,18,36,64,101,3,23,126,19,98,61,15,8,102,86,0,127,90,130,91,110,133,106,67,7,134,17,96,80,87,99,118,116,14,40,34,135,78,128,59,75,77,43,41,20,4,26,28,10,16,79,95,66,33,63,131,81,92,24,49,32,60,113,27,51,76,50,37,6,112,53,71,83,109,125,100,5,115,122,55,21,52,93,117,9,38,25,12,13,89,94,2,11,69,46,73,82,45,39,121,62,42,108,58,107,65,57,56,88,104,48,74,103,22,120,119,85,114,123,70,132
2,4
134,130,44,36,122,82,48,64,116,19,18,59,9,80,107,34,94,39,68,54,109,91,105,106,112,102,43,53,86,25,20,50,108,51,128,52,37,13,125,132,126,83,14,67,24,131,99,135,8,121,32,119,98,73,104,40,124,1,76,111,15,57,42,66,60,72,21,97,6,12,74,103,127,71,62,28,70,47,88,79,38,69,31,46,16,58,87,5,96,75,118,101,2,93,85,7,49,117,29,81,120,63,123,45,95,115,35,100,4,27,113,65,26,114,129,0,30,10,89,56,133,33,23,22,92,17,78,61,84,41,11,55,90,110,77,3
1,5
37,32,109,71,46,53,2,126,73,132,96,24,120,125,12,95,110,17,35,56,90,41,42,128,84,131,92,72,118,121,26,62,111,93,1,102,63,74,114,94,123,5,127,65,82,81,16,104,91,34,135,23,31,43,33,61,64,80,83,79,68,36,0,113,106,14,76,119,9,122,55,86,22,20,59,99,27,124,48,29,8,100,116,105,60,107,87,88,97,3,70,39,129,44,89,108,40,67,77,57,10,133,18,134,58,85,75,51,98,45,19,25,69,6,15,78,28,115,21,50,7,4,49,103,11,38,13,117,66,47,54,30,112,52,101,130
1,2
