75,54,9,31,18,68,122,110,102,36,72,92,41,16,65,0,86,25,35,62,51,42,61,90,53,98,45,48,123,81,114,17,58,112,121,131,105,46,71,80,101,60,13,126,117,111,43,14,15,1,52,27,69,107,70,130,29,83,113,5,127,100,78,38,47,26,32,88,84,85,115,73,93,12,56,59,129,106,39,50,118,95,108,120,23,55,49,87,20,128,2,103,91,77,89,44,21,11,76,67,66,57,104,37,124,7,96,10,4,109,40,116,119,94,22,24,28,8,3,64,19,97,132,33,133,34,99,74,82,6,63,79,30,135,125,134
1,3
129,108,72,65,119,8,54,34,78,16,37,36,17,60,1,97,133,123,99,26,21,102,40,75,18,2,90,128,7,4,107,5,49,71,89,20,100,64,31,14,112,13,67,103,73,96,81,113,110,28,25,117,45,86,127,98,92,59,80,131,44,27,69,125,84,118,82,23,30,135,105,10,122,24,52,115,19,12,11,48,116,88,43,9,109,74,29,94,55,3,93,39,68,62,57,32,56,42,91,121,70,0,79,130,46,38,35,63,58,15,134,41,6,51,83,76,111,124,53,87,66,120,114,126,50,104,77,33,47,106,101,85,61,132,95,22
5,5
104,78,89,31,44,19,101,91,48,67,11,24,10,94,92,106,84,64,88,119,16,108,53,118,35,42,130,51,0,43,57,112,90,58,29,117,128,110,85,45,52,72,105,20,61,82,132,95,13,76,131,55,129,116,54,4,102,126,47,120,26,15,8,135,56,49,123,40,17,62,3,111,25,77,37,74,71,36,98,34,70,41,81,121,22,32,46,79,103,113,66,18,124,30,23,39,109,99,96,80,60,50,114,86,75,28,6,127,59,100,107,14,87,21,134,133,68,9,93,65,125,122,12,69,1,97,115,33,73,83,63,27,38,5,2,7
5,5
82,122,6,24,14,110,114,49,57,84,91,5,133,19,118,100,1,116,124,94,28,16,98,73,3,104,88,66,45,15,20,72,43,23,51,9,42,90,67,44,12,132,74,135,21,111,130,68,46,113,96,62,126,85,108,75,103,64,120,39,63,127,34,2,59,77,32,0,8,55,86,131,35,53,125,79,112,10,38,93,115,11,89,61,92,36,128,102,134,56,119,106,41,81,109,129,29,4,54,30,13,33,25,37,26,40,18,117,71,99,52,101,83,50,65,107,47,7,58,17,97,22,76,27,31,87,69,80,78,121,48,105,70,123,95,60
6,1
122,77,109,75,129,20,7,48,127,134,37,80,133,39,27,76,124,95,13,56,126,118,99,22,97,3,103,62,0,88,78,119,59,61,98,8,63,55,42,6,92,30,41,87,24,115,21,26,43,108,31,107,72,38,104,120,5,12,132,131,35,49,116,81,4,91,34,29,83,121,64,32,114,10,113,50,58,90,101,9,96,65,130,57,19,68,100,52,23,89,45,102,71,93,117,16,25,1,33,66,67,74,86,51,69,84,123,44,2,111,112,40,15,47,28,85,106,70,94,110,135,79,54,11,18,60,128,82,73,36,53,125,46,14,105,17
1,1
121,103,119,32,100,22,123,111,53,104,8,42,47,80,21,88,120,69,61,30,43,89,34,86,68,87,116,10,132,110,130,48,1,73,44,54,18,14,31,4,19,117,59,56,49,5,118,78,45,15,65,93,9,76,97,81,83,122,99,33,96,115,12,26,108,7,2,16,71,92,112,75,35,40,25,27,129,6,84,38,79,133,114,23,95,58,62,46,60,127,134,64,20,67,72,102,55,109,113,107,11,13,50,98,57,70,63,77,131,3,126,17,41,36,90,91,51,39,74,85,135,37,94,29,66,28,101,106,0,82,124,105,128,125,52,24
1,3
128,40,72,37,53,110,25,99,108,31,93,0,105,60,69,20,98,126,47,22,65,74,120,63,88,111,2,127,66,49,1,44,17,64,51,90,89,34,85,33,18,92,87,23,29,5,50,3,115,109,32,41,107,78,71,42,102,58,36,103,130,62,68,123,86,75,67,8,52,97,56,84,118,117,91,14,35,77,11,30,100,131,15,6,96,4,113,16,39,119,19,104,134,46,12,83,106,80,59,9,95,10,112,61,129,94,79,124,121,54,82,48,70,125,76,114,28,81,132,116,7,135,133,43,122,55,24,13,21,57,26,27,73,38,101,45
6,4
31,112,33,24,36,81,65,69,116,28,122,32,95,96,1,124,22,125,50,60,55,117,20,49,66,38,89,71,94,48,82,123,135,118,70,29,88,42,129,100,97,10,104,77,134,54,67,58,99,59,52,17,37,5,131,47,109,119,6,39,41,43,128,98,84,12,14,2,101,107,19,18,30,61,34,79,26,92,57,93,87,91,11,25,4,16,83,74,103,75,72,3,7,78,127,51,35,126,23,62,111,115,86,114,56,68,13,120,90,105,76,8,108,132,64,130,73,121,21,9,0,63,44,27,106,80,53,102,46,85,45,133,40,110,113,15
5,6
135,10,117,12,131,32,94,58,23,56,14,116,31,100,1,108,80,109,18,20,30,76,134,106,92,16,132,47,45,51,82,9,21,102,129,88,3,85,74,79,64,41,65,78,8,118,5,61,90,119,128,66,36,29,39,105,125,73,77,0,46,70,27,55,95,104,62,96,59,49,111,93,87,17,15,13,133,126,63,53,107,22,121,24,81,72,127,123,43,124,44,48,35,19,28,34,2,11,71,25,115,54,6,98,112,68,42,89,37,97,60,113,130,75,101,50,57,114,4,69,7,83,99,122,26,52,67,33,103,120,84,110,40,38,91,86
5,2
108,22,128,62,43,113,26,92,57,75,70,18,53,23,11,19,129,44,73,89,28,106,80,87,134,21,97,20,7,112,56,35,105,99,4,119,107,120,54,29,111,13,104,94,110,77,12,130,47,101,9,86,8,91,49,6,52,85,32,61,79,68,76,2,90,78,55,45,133,95,83,33,115,25,36,66,27,14,0,100,135,98,123,5,17,38,3,102,16,15,96,39,72,30,58,109,65,37,117,59,88,71,42,84,93,126,10,116,24,40,121,69,103,51,122,81,127,124,46,63,60,118,67,125,1,131,114,34,82,74,64,48,31,132,41,50
5,5
97,132,64,105,26,125,92,71,45,55,35,85,39,117,38,68,83,36,62,0,50,2,134,115,1,130,104,93,51,114,67,53,87,112,17,84,81,110,95,21,102,69,120,122,57,66,27,91,32,88,78,86,58,89,12,9,29,99,14,80,126,42,65,33,59,61,56,98,100,54,34,23,90,131,24,22,129,124,127,70,107,116,28,6,111,10,40,119,113,8,31,49,13,25,41,3,52,48,60,109,16,103,79,43,75,19,82,74,135,128,73,76,30,77,133,5,118,4,44,72,11,18,94,47,121,46,108,15,101,37,106,20,7,63,123,96
1,2
114,69,0,1,130,35,90,134,101,40,24,126,115,17,74,125,67,76,98,65,120,104,7,15,51,81,91,87,45,124,25,21,109,3,105,103,13,88,50,60,27,23,58,19,18,117,43,9,52,122,86,30,80,34,113,107,96,132,11,127,68,116,66,42,28,5,121,111,16,135,56,79,83,128,119,71,78,46,94,95,99,85,14,63,26,123,89,37,39,73,31,64,55,53,4,106,110,72,12,6,92,44,97,38,112,133,62,70,48,32,77,8,82,61,47,29,36,10,102,33,84,20,129,118,131,2,93,57,100,22,108,54,59,49,41,75
1,6
6,91,111,7,95,27,8,78,77,73,67,29,2,1,105,42,88,16,134,39,52,119,37,53,48,72,4,0,87,26,84,122,10,19,47,106,131,45,114,35,30,121,60,31,80,128,118,89,70,74,68,135,66,96,24,38,15,21,3,61,124,117,81,99,59,36,32,57,110,28,17,41,69,127,129,112,132,82,85,55,92,120,113,90,94,104,25,18,12,130,9,64,98,14,126,79,50,116,5,58,46,13,103,62,125,43,49,11,33,40,123,93,108,115,101,109,133,63,107,71,34,23,83,22,97,51,102,44,100,65,54,86,75,56,20,76
3,5
130,117,63,114,5,37,11,28,97,109,76,26,80,85,33,32,18,107,57,17,24,90,108,70,42,103,4,27,75,121,84,35,101,92,43,25,48,40,1,60,81,65,104,110,34,122,78,115,94,14,62,102,36,30,64,82,88,51,79,83,47,99,133,126,23,111,93,59,73,135,67,12,132,74,49,53,91,21,98,8,61,13,22,31,96,15,116,120,100,6,2,89,45,125,16,3,112,123,87,55,77,127,95,7,9,56,86,118,52,129,44,105,0,20,124,41,50,66,54,10,113,68,128,71,131,58,19,69,72,29,134,46,38,119,106,39
1,3
31,93,59,37,74,77,97,9,78,108,10,101,84,82,69,29,15,21,132,1,115,88,122,27,81,75,4,102,19,24,36,62,5,32,57,129,117,42,95,41,128,113,130,104,12,99,123,17,14,96,20,83,133,68,2,87,114,52,26,91,58,56,64,89,51,65,135,94,80,3,38,73,125,124,127,49,47,44,126,72,85,92,120,110,79,90,40,112,116,107,106,121,6,28,111,0,30,118,50,61,16,103,66,67,39,98,7,70,71,134,35,13,43,18,46,109,105,34,76,54,25,100,8,45,33,11,53,86,48,119,23,55,22,63,60,131
4,3
61,1,76,22,40,5,58,42,66,2,48,23,11,50,52,27,43,81,102,18,97,128,98,0,26,7,115,15,19,84,71,32,133,39,129,47,14,104,16,85,46,54,63,82,45,123,10,105,91,21,114,100,72,88,65,25,99,89,62,127,37,31,49,77,64,121,55,132,38,131,107,34,86,9,56,78,109,53,90,20,70,51,36,108,118,35,44,57,75,113,74,29,96,3,12,8,13,73,120,106,41,33,135,119,124,94,95,80,92,24,125,68,93,103,79,60,112,130,30,134,122,110,126,59,87,67,83,69,6,117,111,4,28,101,17,116
6,6
129,29,36,4,62,100,12,5,123,113,69,28,39,66,34,31,74,98,53,18,43,41,114,14,132,65,124,119,75,63,67,33,44,82,126,19,88,118,121,103,45,13,78,89,101,134,30,46,68,59,81,83,133,57,21,52,38,90,11,86,15,85,32,80,16,96,58,64,40,73,87,116,84,17,7,122,94,49,77,130,23,79,1,117,109,56,95,128,91,61,47,120,70,104,105,115,27,37,99,106,6,127,10,110,51,131,20,111,55,71,25,76,35,102,22,26,107,112,2,50,92,9,125,72,42,3,0,60,97,8,54,135,24,93,108,48
1,3
14,4,120,86,59,126,70,16,10,62,21,25,92,113,52,67,28,54,75,107,46,74,112,3,47,111,93,69,90,2,1,76,27,123,72,61,31,98,130,101,17,58,109,94,133,99,49,55,20,40,117,83,129,57,19,65,18,122,80,105,53,127,22,102,42,64,121,51,32,48,110,12,41,43,89,5,81,108,131,118,97,29,50,66,88,106,135,7,6,30,78,11,23,100,132,79,104,39,84,134,82,24,35,33,91,45,15,44,115,36,0,26,13,60,85,37,56,116,128,8,38,77,96,9,68,124,119,34,125,103,73,63,71,87,114,95
6,2
52,55,104,116,114,78,15,95,97,61,103,27,41,112,107,18,91,105,8,31,4,47,7,64,83,56,12,123,36,22,37,82,121,94,44,46,87,81,63,109,51,72,14,34,125,57,21,88,3,24,33,32,117,118,111,30,93,98,1,135,49,42,23,85,86,10,128,43,66,69,89,76,124,92,71,101,115,40,79,126,113,100,11,120,59,25,38,73,5,19,80,65,134,70,102,132,68,53,54,84,77,6,122,50,0,119,58,129,106,131,26,60,16,2,110,45,9,29,133,17,28,108,75,35,67,74,130,20,99,62,127,90,13,48,39,96
5,4
93,124,80,120,25,76,11,97,45,91,110,69,79,24,122,133,50,116,27,31,115,23,103,41,29,63,47,74,53,129,56,131,71,78,123,88,7,14,73,65,119,39,3,70,52,81,33,0,34,62,57,38,1,83,92,102,19,118,21,114,5,98,58,32,59,99,12,66,126,4,134,85,43,130,67,75,82,51,17,30,96,95,109,16,44,60,89,90,72,106,108,42,111,68,13,15,35,104,26,61,77,46,84,10,101,105,117,49,22,6,9,37,40,94,107,8,2,113,36,100,20,18,135,128,48,112,28,121,55,127,54,87,86,125,64,132
4,4
96,84,120,101,119,14,34,62,111,51,28,108,69,2,35,42,10,33,13,131,125,1,79,70,109,81,121,26,107,44,65,50,16,94,122,83,38,27,25,0,30,36,20,66,97,6,117,37,113,4,17,49,55,114,93,105,82,77,128,106,15,67,64,98,110,11,40,85,12,88,89,60,21,43,48,118,59,22,116,104,9,46,80,8,56,124,86,100,24,5,87,63,78,29,41,47,95,127,129,135,132,74,91,23,52,53,102,58,54,76,72,32,90,126,99,19,73,92,75,3,31,115,103,123,39,130,134,45,57,112,71,68,7,61,133,18
1,5
60,89,126,58,66,56,17,133,130,95,39,76,27,24,65,134,28,54,64,10,132,78,6,123,23,88,43,129,68,111,25,2,121,8,49,110,87,103,11,0,115,35,107,124,135,70,18,46,22,99,26,106,3,59,101,63,48,52,12,102,38,33,4,105,127,36,57,37,40,104,120,114,30,5,84,122,113,34,112,119,98,117,67,80,15,75,53,71,90,31,100,97,9,96,16,93,128,92,62,74,94,131,1,69,77,86,14,45,29,55,51,72,50,41,20,42,82,81,7,73,118,32,85,79,61,19,91,44,125,83,116,108,13,21,47,109
6,4
114,15,5,111,31,117,33,81,87,43,131,34,29,19,116,104,16,1,109,42,32,88,84,60,74,46,122,67,8,72,7,59,47,69,64,98,9,62,91,125,85,106,18,44,95,4,121,80,40,94,35,10,23,49,52,20,55,54,119,133,103,38,102,50,22,2,77,30,118,105,56,78,134,120,93,27,66,24,61,17,124,135,14,45,97,37,113,108,68,112,123,6,28,101,53,0,65,127,79,36,21,83,110,70,57,73,130,128,39,86,100,129,63,107,90,115,51,96,11,76,25,3,82,132,99,75,89,58,26,41,48,92,71,12,13,126
6,3
113,2,52,67,71,69,59,117,98,25,36,114,14,130,134,27,46,45,49,62,87,38,65,83,84,118,35,10,131,18,97,123,40,26,85,42,75,43,7,64,77,110,30,103,47,50,37,9,58,29,54,48,126,76,23,72,53,92,91,16,121,44,79,5,13,124,93,6,122,128,78,125,12,107,24,8,89,66,17,63,101,135,99,68,109,94,19,34,111,95,115,22,81,102,21,96,82,11,31,100,41,104,88,133,15,4,73,90,0,33,119,56,86,132,3,80,51,108,28,60,129,106,39,127,20,116,55,1,57,112,61,74,32,70,105,120
5,6
43,131,98,17,57,130,105,15,40,38,67,126,134,39,100,60,49,8,111,51,129,104,54,107,120,95,127,19,12,45,132,2,124,53,11,23,101,4,50,59,29,66,73,90,109,34,133,10,55,82,72,69,3,30,46,96,36,114,76,14,102,113,65,5,56,25,28,91,44,26,88,64,1,103,84,24,106,112,86,78,42,52,135,63,7,118,61,99,117,16,41,74,123,89,128,13,122,33,18,68,80,75,125,6,87,48,70,110,35,0,21,85,58,94,22,108,97,81,47,20,27,37,93,116,79,77,83,121,71,119,9,31,32,92,62,115
6,3
87,80,84,115,57,17,106,32,92,69,51,122,56,93,3,53,102,60,85,45,117,134,103,20,107,12,109,97,29,119,41,72,21,123,78,19,34,47,27,66,90,132,111,67,86,31,44,14,121,116,7,46,2,48,62,50,42,38,23,73,75,63,96,124,95,43,54,105,133,108,112,88,71,82,59,0,61,99,77,130,13,79,94,4,8,24,15,35,36,58,126,89,5,104,83,76,64,74,81,55,40,33,114,39,9,25,129,100,1,52,26,135,16,6,91,30,65,18,28,101,68,125,98,22,120,128,113,70,11,127,37,118,110,49,131,10
3,4
123,23,59,49,28,29,86,121,35,25,100,73,50,104,22,82,53,60,39,0,9,106,80,12,108,118,88,54,128,69,38,31,56,99,36,57,77,134,70,34,97,6,42,75,37,66,44,85,125,5,4,91,90,79,81,19,47,27,124,93,132,3,89,96,32,109,115,92,62,46,65,133,116,13,40,16,51,68,17,87,43,101,15,126,112,72,2,11,119,107,76,130,98,122,55,78,52,110,71,83,74,20,95,58,135,120,7,105,14,113,64,114,10,33,102,41,48,26,45,84,131,129,18,1,63,117,30,111,103,61,94,127,24,67,8,21
5,3
9,58,11,48,62,104,97,71,121,19,118,80,32,77,22,120,24,72,115,31,73,68,135,53,128,105,66,57,100,76,117,101,37,89,41,47,75,116,25,91,13,39,3,0,10,4,103,51,30,1,88,81,14,49,131,61,63,65,122,95,12,56,46,127,59,69,93,7,119,113,98,108,133,112,26,129,5,111,27,110,126,28,29,134,43,55,109,18,64,54,90,67,21,6,94,2,92,23,38,83,86,79,36,96,42,8,114,106,130,99,45,125,123,33,85,50,124,16,17,78,34,82,44,87,20,60,70,15,102,40,107,52,84,132,74,35
1,2
112,95,52,110,55,80,30,73,83,124,63,132,70,45,28,120,74,57,2,47,36,134,100,21,19,0,72,129,61,103,89,42,1,117,64,93,59,126,39,84,16,85,60,131,115,127,78,38,111,41,58,99,20,122,51,87,128,108,123,8,48,56,37,97,69,6,76,65,68,113,121,11,31,125,23,54,17,34,106,67,102,86,49,90,26,119,79,98,53,18,27,9,12,105,24,35,44,66,133,104,109,77,94,81,10,40,15,114,130,118,25,4,88,82,101,46,116,135,50,13,29,62,32,107,7,75,92,22,43,71,96,33,5,3,14,91
4,1
42,104,4,39,113,112,86,135,110,100,2,111,76,109,57,9,0,114,101,50,92,32,15,96,20,19,29,44,28,5,130,107,31,97,90,1,12,72,106,59,33,121,99,102,18,94,116,49,83,132,70,117,17,103,54,37,53,51,91,74,55,84,16,98,125,120,40,13,80,124,56,63,77,69,46,123,21,82,66,45,7,73,60,64,48,23,25,11,134,10,128,115,35,75,22,131,78,65,95,14,85,68,105,43,93,52,122,133,89,87,6,79,71,118,81,47,26,27,119,88,127,67,41,3,129,62,24,58,108,8,34,30,36,126,38,61
1,5
18,24,17,122,129,14,5,53,69,23,29,15,42,11,37,16,120,2,131,66,83,10,99,89,110,88,12,84,134,22,96,57,98,30,27,56,108,127,45,80,28,3,9,38,39,100,49,62,104,130,52,82,51,132,25,103,126,70,119,86,109,123,95,61,117,67,90,71,97,76,20,101,115,13,105,68,94,81,125,85,6,91,43,1,36,48,77,58,44,87,107,111,33,34,63,79,92,113,135,55,65,74,35,124,64,93,116,8,78,21,59,26,128,75,118,121,31,106,102,47,133,54,114,7,46,4,60,19,73,50,112,41,0,40,72,32
4,6
112,115,12,24,18,5,58,122,28,92,125,80,43,74,39,42,25,3,41,1,15,29,77,32,31,76,23,14,27,35,89,121,49,118,86,87,22,47,100,82,45,133,38,36,11,46,26,110,117,113,4,52,40,10,123,2,44,120,6,81,109,105,106,68,94,51,73,56,128,37,64,65,135,103,107,71,98,93,13,72,9,55,70,111,85,7,57,129,79,19,95,75,101,33,132,91,102,119,48,114,0,84,8,134,30,66,21,108,97,90,63,99,61,69,16,53,54,127,50,96,34,62,17,60,126,67,83,20,78,116,88,124,59,130,104,131
4,2
0,66,7,5,19,21,71,124,109,41,83,62,52,122,134,39,112,105,30,119,85,42,20,9,34,97,15,67,69,95,28,70,111,132,16,93,131,128,54,17,2,12,10,13,89,25,37,116,103,117,56,106,57,11,121,101,79,108,8,90,133,94,80,81,125,123,32,77,1,78,87,51,35,115,48,88,64,55,114,46,40,3,92,23,27,82,59,14,76,61,24,6,49,60,68,29,91,72,96,86,107,110,44,38,4,129,22,74,104,26,31,130,127,99,18,58,120,36,126,84,135,43,98,45,75,33,100,113,47,118,63,65,53,50,102,73
2,3
42,63,84,87,45,26,106,23,115,62,121,64,13,125,119,29,6,108,21,61,112,117,14,132,56,124,70,116,82,74,31,130,69,129,43,105,113,16,10,81,99,58,120,3,96,54,46,48,111,78,104,11,32,88,5,51,109,114,135,94,92,107,22,0,1,71,17,34,73,93,47,77,2,18,9,68,65,49,85,60,86,25,102,55,83,50,76,38,98,91,40,8,66,110,39,128,101,72,24,122,89,79,36,19,133,35,59,57,4,134,127,103,12,118,53,90,30,123,52,75,28,7,37,67,33,126,97,131,80,27,100,20,95,41,15,44
3,2
31,116,4,111,117,94,20,38,114,121,102,32,24,80,76,125,109,135,70,6,112,69,17,99,28,37,123,18,71,60,124,34,92,83,104,51,52,7,106,100,15,119,21,12,8,16,45,72,126,103,56,122,110,86,75,96,101,93,118,84,0,36,134,128,79,42,91,82,2,62,55,50,5,10,85,46,47,68,35,78,130,90,89,95,27,53,73,65,87,127,29,23,57,41,58,43,11,3,129,26,77,115,67,133,64,25,97,108,61,113,63,9,22,33,13,88,54,1,98,40,131,49,105,120,66,19,14,48,44,30,59,74,39,107,132,81
1,5
101,96,130,29,76,31,65,135,58,35,77,28,20,43,121,84,22,33,37,92,88,41,32,46,15,59,19,16,111,118,102,45,4,74,112,48,6,14,52,117,55,78,23,94,57,131,104,113,34,120,63,68,83,12,3,64,80,54,10,73,79,91,133,70,27,110,36,90,129,1,50,44,5,125,81,51,75,127,82,13,106,85,87,7,9,0,119,60,114,71,123,38,62,115,18,126,89,72,69,21,39,105,100,25,98,40,24,107,132,122,93,108,66,30,116,109,86,11,95,124,47,97,26,8,17,49,128,103,134,67,2,53,42,99,61,56
3,5
63,124,72,91,36,3,42,89,106,92,4,85,37,96,45,47,95,133,22,94,50,110,31,0,12,120,39,97,6,21,132,66,8,2,116,23,105,104,40,16,78,114,102,73,25,93,131,118,51,35,74,125,38,87,80,70,9,99,24,48,130,135,65,111,79,115,19,134,82,17,68,122,117,71,109,100,52,56,103,123,13,55,77,26,15,10,33,5,18,20,14,81,90,46,67,32,101,119,11,43,28,112,121,49,84,30,53,108,58,44,7,61,60,107,129,54,41,59,98,76,1,69,128,126,75,29,64,113,57,127,86,88,83,62,34,27
1,5
135,35,98,7,97,103,80,129,1,85,16,74,3,24,44,91,18,105,93,75,83,76,114,41,43,58,122,70,13,118,17,46,126,69,12,94,100,2,90,8,87,32,106,53,68,61,112,101,49,47,99,19,50,33,96,81,127,117,30,0,22,45,130,21,39,4,116,125,62,48,57,66,37,119,107,128,14,108,121,88,132,34,26,109,64,63,60,111,9,86,23,72,55,78,52,65,73,79,20,56,25,104,113,31,124,102,51,5,11,89,95,29,36,54,84,134,82,133,59,77,110,71,123,42,38,28,115,120,10,40,6,15,131,27,92,67
2,4
121,55,3,103,46,20,109,97,86,123,15,14,113,110,108,120,19,21,79,29,64,5,92,90,95,73,75,47,45,68,84,107,7,119,134,133,51,71,4,32,22,31,41,122,60,72,57,48,104,100,78,132,37,89,44,115,58,66,13,127,11,42,80,126,28,106,35,25,16,105,96,33,117,131,69,125,94,49,77,54,85,83,38,88,0,81,61,43,10,30,50,124,36,9,56,102,87,116,98,1,2,26,91,27,62,65,34,99,59,24,67,128,17,12,39,118,70,63,101,52,93,53,82,74,129,40,76,8,130,18,112,111,135,6,114,23
3,5
35,75,34,12,70,131,2,40,81,23,53,93,107,38,64,55,6,14,57,84,46,62,69,106,20,105,5,13,28,33,31,110,87,36,44,77,18,92,129,126,102,32,56,54,72,111,113,11,88,66,80,19,71,51,49,133,122,119,96,79,41,114,73,115,3,132,97,58,30,50,8,134,89,83,109,78,127,9,123,27,37,22,86,7,94,17,10,45,26,63,121,24,43,116,42,25,82,100,124,120,4,59,98,130,29,85,21,67,108,125,47,16,135,15,118,39,104,74,101,65,76,52,60,117,48,103,91,95,0,112,90,99,68,1,61,128
1,2
70,42,68,74,44,95,134,38,6,127,23,50,36,73,14,105,21,45,29,119,123,16,128,79,92,97,63,94,89,59,104,99,107,87,7,110,9,17,10,20,27,18,91,80,106,62,66,102,82,61,133,75,117,55,48,71,39,121,90,131,103,108,19,86,49,101,72,88,15,34,4,5,85,3,116,78,126,47,56,120,25,57,81,124,65,135,115,35,52,77,33,76,0,12,93,60,109,100,26,32,22,28,122,129,46,13,111,114,83,41,8,24,84,43,130,11,54,98,96,118,51,67,53,125,31,40,2,132,37,112,113,64,30,58,69,1
3,5
12,99,3,77,63,119,23,50,45,25,72,97,87,86,113,62,39,120,117,114,54,130,65,18,67,100,37,56,32,115,31,4,36,131,73,111,95,105,41,106,124,88,7,11,109,90,125,103,89,108,66,68,61,133,71,35,81,21,127,58,53,59,91,64,48,27,29,10,93,42,30,20,94,76,112,134,22,5,46,79,102,107,44,101,69,83,17,75,0,49,40,126,123,34,80,60,110,128,14,85,55,84,82,2,19,1,8,51,118,38,129,70,98,26,78,122,6,92,57,74,9,135,52,96,43,47,16,15,104,132,24,33,28,121,13,116
2,5
47,101,38,117,20,27,75,130,131,33,82,103,128,71,67,93,85,17,123,24,94,44,55,125,109,68,78,134,18,127,30,61,63,62,84,104,9,12,92,111,96,43,59,1,25,50,119,6,112,51,80,66,91,87,28,79,0,121,49,3,56,58,110,15,74,16,26,45,118,40,11,64,98,23,34,108,21,73,72,132,39,41,89,10,95,97,5,124,36,83,31,13,99,57,65,53,105,133,60,22,77,48,69,113,35,4,70,29,52,32,129,7,100,120,114,122,115,37,54,102,90,81,135,76,86,42,126,14,8,106,107,116,88,46,19,2
4,4
55,99,14,121,89,127,16,70,50,26,24,124,52,134,29,33,123,3,77,37,59,94,62,112,108,11,101,38,97,7,44,102,132,78,48,18,1,69,98,25,36,40,20,53,122,85,45,80,64,67,103,125,120,129,19,68,128,9,115,30,126,12,110,17,88,111,8,0,107,15,105,35,119,63,81,71,4,6,114,106,91,31,56,21,22,65,72,49,57,58,118,86,43,39,96,60,51,2,87,130,41,66,93,5,73,135,79,90,104,113,83,42,92,27,84,54,76,46,133,82,131,32,74,116,61,109,10,34,100,23,117,75,13,95,47,28
3,3
65,122,16,54,130,47,73,105,11,44,25,20,101,5,34,39,126,23,75,68,9,110,124,102,92,90,133,53,74,97,50,112,128,98,17,76,52,123,104,32,26,94,40,37,31,49,93,114,70,2,77,103,88,59,86,63,96,108,0,118,57,60,109,66,8,42,111,22,27,4,62,106,45,78,15,18,72,69,7,87,33,135,51,30,13,12,120,55,80,38,85,125,71,99,35,28,100,41,36,116,132,115,134,67,117,82,56,19,29,46,21,43,48,107,129,24,81,119,58,14,83,127,91,79,61,64,113,121,3,1,95,89,10,6,131,84
2,6
90,35,53,0,50,120,114,128,1,117,127,133,83,130,49,112,9,45,56,21,16,91,55,29,8,131,44,75,34,47,102,15,99,39,113,12,76,37,32,98,95,59,66,92,48,27,104,132,24,64,71,72,61,81,69,36,51,62,111,18,42,57,125,101,52,43,129,28,82,79,84,14,88,118,41,80,68,73,96,4,54,94,30,60,65,103,19,123,46,63,10,115,109,7,23,40,108,126,134,22,107,74,121,89,124,86,135,13,77,85,38,26,67,105,25,5,31,11,6,106,100,2,97,33,122,20,87,116,17,110,70,58,93,3,119,78
4,6
52,124,88,97,3,10,100,47,50,55,102,51,36,120,29,39,19,107,109,38,76,81,49,103,73,27,22,42,45,1,98,34,111,93,41,90,117,32,44,94,96,5,125,84,106,79,25,62,37,24,87,72,134,131,127,56,54,78,133,11,57,18,122,23,46,0,119,132,9,40,71,126,91,68,64,116,110,95,66,135,85,31,60,104,129,16,115,114,26,92,108,59,20,8,21,112,53,4,15,33,67,30,17,118,48,28,65,130,121,128,58,75,61,6,63,86,14,80,77,89,35,43,74,13,101,69,83,82,12,70,123,105,99,113,2,7
1,4
11,132,92,66,123,10,58,46,114,20,128,111,6,19,61,71,135,113,88,49,79,130,25,23,24,72,85,57,40,106,1,28,56,18,0,52,78,101,59,22,108,51,36,34,115,127,64,131,7,5,121,107,37,26,100,103,16,80,117,33,2,119,14,105,12,60,102,68,31,70,17,53,97,93,90,104,55,9,48,96,125,118,32,47,50,91,29,75,15,83,95,110,87,3,109,81,122,120,27,65,89,13,129,134,45,94,8,74,35,44,116,73,126,86,21,63,38,99,39,76,41,30,62,54,124,42,84,133,4,43,69,112,82,98,77,67
3,2
8,71,118,18,1,77,70,135,4,129,24,29,72,23,32,6,34,51,16,122,115,63,45,106,128,83,44,38,86,30,80,49,75,52,31,68,97,0,95,110,12,54,85,90,58,81,15,25,40,124,87,55,96,130,28,53,119,91,64,74,10,66,69,59,50,99,7,94,42,41,73,36,82,67,117,47,120,113,111,123,62,108,126,48,57,46,109,127,112,88,131,13,22,76,37,21,11,5,56,101,107,133,121,33,134,61,100,65,98,20,125,84,9,2,89,78,79,35,104,105,93,103,132,60,114,43,27,19,17,3,26,116,14,102,92,39
3,3
130,70,10,99,63,119,91,6,27,46,3,47,69,35,24,105,49,4,23,95,77,133,72,78,114,102,59,54,100,68,48,132,18,19,56,115,31,125,51,104,85,25,128,66,106,87,11,122,123,84,92,50,21,71,41,65,109,117,39,113,37,96,124,44,16,42,94,88,29,28,108,126,40,67,101,75,20,53,62,93,127,118,82,33,81,129,57,60,134,30,110,112,89,52,32,107,7,12,9,79,15,36,22,76,97,13,73,55,116,43,121,111,58,86,120,74,98,2,80,38,83,61,64,1,131,17,26,103,34,45,8,0,5,90,14,135
2,2
20,66,90,77,53,105,64,18,55,24,129,130,46,30,113,22,52,126,49,112,86,119,37,63,45,135,41,93,15,94,123,21,104,28,14,4,116,109,40,35,74,81,117,76,134,103,12,42,44,85,84,124,60,133,101,111,39,128,19,75,51,125,73,11,118,2,91,68,108,95,82,57,102,54,71,16,120,87,89,62,38,26,115,114,25,36,106,10,110,56,79,32,31,122,3,5,7,23,48,100,97,72,50,1,8,78,65,69,70,83,131,88,61,33,98,92,107,43,80,99,47,59,96,34,27,17,29,0,9,6,121,13,67,132,127,58
1,2
47,83,69,31,98,71,63,51,88,84,49,60,62,86,115,101,35,13,133,116,95,34,111,94,110,36,119,4,72,74,59,30,32,67,46,107,91,28,17,2,135,124,19,12,109,122,131,130,77,40,44,132,108,120,117,45,23,29,53,79,16,89,55,129,21,92,11,70,14,26,38,25,123,100,24,7,104,112,43,78,73,64,37,80,96,82,87,126,85,66,50,65,52,127,76,5,48,134,61,97,103,1,27,128,105,121,42,125,114,33,8,20,3,22,41,57,68,81,102,54,113,99,18,15,90,6,56,9,10,0,58,118,39,75,106,93
6,4
77,16,32,130,50,43,87,74,124,37,107,103,117,18,95,49,69,120,54,104,4,20,65,102,112,0,39,96,15,119,113,126,73,122,36,94,46,101,85,35,7,47,24,63,2,86,42,56,44,27,84,1,19,89,111,23,134,82,53,90,81,72,62,110,76,3,38,29,115,121,106,13,70,57,129,14,8,51,28,80,66,127,123,33,41,55,131,67,6,45,61,68,114,17,9,93,48,105,26,88,5,30,22,25,31,132,79,135,75,83,98,71,78,116,108,133,52,128,60,97,92,91,58,10,34,12,64,118,59,21,100,40,99,109,11,125
1,3
64,115,58,89,4,124,46,98,112,3,125,99,67,74,109,88,53,13,24,21,25,17,16,60,91,119,10,40,43,101,104,130,86,39,26,59,132,114,50,52,47,76,97,120,49,93,41,134,75,68,54,92,82,79,57,31,85,8,128,12,61,55,0,105,30,95,116,36,111,106,81,78,72,102,51,77,32,133,66,20,100,118,122,27,90,121,18,117,7,1,44,65,37,84,48,131,6,108,22,63,19,56,107,103,11,71,94,113,35,123,15,33,38,28,87,23,5,2,29,14,45,69,62,73,110,9,96,83,80,34,126,135,129,42,70,127
1,1
49,43,1,87,129,46,80,70,131,32,66,132,116,27,5,64,95,134,100,102,89,55,38,31,33,26,121,65,63,23,120,91,29,21,40,45,62,6,2,61,58,4,115,14,36,44,92,122,94,48,86,124,72,53,59,128,82,90,106,17,84,19,69,73,108,7,47,71,114,77,119,28,118,3,98,74,85,34,41,104,111,93,22,101,60,24,75,25,105,81,109,8,42,110,107,9,67,57,83,12,51,30,37,97,123,125,20,99,56,39,18,13,16,35,117,96,50,10,79,11,68,130,127,126,135,78,0,52,103,88,133,76,15,112,113,54
5,6
81,52,135,61,117,90,32,102,40,13,3,71,89,123,95,101,24,10,106,8,9,104,60,53,44,38,65,51,29,14,54,21,18,48,55,116,100,36,63,82,28,114,111,67,97,59,77,69,23,121,2,129,120,110,73,93,76,109,107,34,35,92,91,46,62,124,74,64,115,132,56,96,72,37,113,75,22,17,79,98,70,99,25,5,27,80,87,125,0,78,20,19,45,131,94,122,112,41,118,1,43,26,134,133,33,119,49,4,39,103,58,16,31,12,84,88,108,86,126,15,47,85,68,105,6,11,128,30,130,57,42,50,83,66,7,127
3,6
6,61,35,78,80,71,88,132,68,60,54,24,47,81,90,86,97,121,9,104,109,108,114,116,12,135,14,94,23,91,36,0,59,83,74,22,98,119,27,127,8,62,3,106,87,10,75,34,5,65,105,95,33,113,43,28,118,130,134,63,110,20,117,77,64,17,85,29,21,39,32,4,96,67,41,69,126,133,15,31,57,107,46,7,93,115,73,100,129,53,37,30,128,16,49,72,131,13,1,125,82,38,79,58,11,122,48,52,124,25,123,112,111,26,51,2,44,19,66,45,89,76,40,99,56,102,103,92,120,101,70,50,18,55,42,84
5,3
85,99,87,80,63,76,67,117,18,84,75,50,69,68,16,65,43,37,77,19,96,62,56,125,5,20,134,51,48,15,9,25,88,94,111,10,131,113,104,90,102,106,89,72,133,116,91,107,73,126,128,105,31,71,12,7,81,93,120,11,112,57,58,4,8,79,23,22,101,44,45,108,30,41,26,32,129,29,39,52,132,74,118,14,64,49,59,103,38,2,35,17,86,27,123,6,95,100,24,92,3,33,114,121,36,109,28,53,54,61,42,97,0,46,34,55,115,122,40,66,130,98,135,1,124,60,83,13,110,78,70,21,127,82,47,119
1,1
63,29,6,2,28,3,38,62,114,116,67,130,1,83,43,12,131,87,84,102,74,133,129,95,55,61,47,96,106,52,132,68,98,65,19,112,42,13,5,125,92,48,118,91,49,113,54,7,26,59,40,104,36,135,115,128,39,23,93,105,25,73,107,108,46,11,32,51,24,34,121,120,9,94,77,56,109,80,89,111,123,100,41,78,30,16,21,27,99,97,64,117,10,75,58,76,134,50,66,122,72,53,71,20,127,69,37,15,85,0,17,33,8,119,88,70,126,14,110,101,124,82,45,44,81,31,35,57,79,4,18,60,103,22,86,90
6,1
22,87,123,17,111,25,67,81,14,80,116,60,26,28,6,18,100,29,105,104,34,129,38,94,75,96,41,46,126,119,117,66,68,135,112,21,62,79,9,131,47,36,97,127,107,13,78,59,57,95,5,91,121,84,45,103,49,102,88,44,114,10,99,64,125,11,61,39,77,2,53,101,3,92,89,118,56,130,31,133,4,27,8,83,98,69,35,40,42,113,58,106,20,51,128,76,52,43,82,86,12,24,71,74,120,85,55,23,73,54,124,90,65,50,37,70,72,7,32,63,132,48,109,0,93,115,110,1,108,15,134,122,30,33,16,19
3,6
79,87,24,49,101,90,57,43,32,128,22,54,56,73,102,129,62,5,68,122,58,63,135,133,50,81,9,92,123,38,27,20,94,117,77,64,8,111,6,119,76,134,75,93,126,107,2,106,99,98,74,40,89,17,104,84,121,100,36,42,127,97,113,66,52,60,7,46,71,69,88,34,44,80,59,131,4,70,78,15,108,39,21,31,25,16,110,47,82,28,1,105,91,95,12,114,48,132,53,115,37,116,30,120,29,109,86,10,130,11,3,45,35,67,124,33,23,65,18,51,0,103,83,72,41,125,96,14,26,118,13,85,19,55,112,61
1,3
114,128,116,55,17,107,131,96,46,126,32,99,77,103,113,100,69,13,68,15,95,71,105,89,76,59,58,19,63,24,97,31,109,108,122,64,33,61,66,62,57,118,5,41,74,98,44,87,49,110,48,22,88,123,82,112,65,115,81,53,73,93,60,30,117,16,35,70,40,18,111,11,6,3,37,45,9,34,125,28,91,83,130,121,106,29,39,92,0,8,102,20,119,101,90,86,51,132,127,104,1,120,43,134,25,47,38,7,133,78,42,80,36,26,85,84,23,75,21,52,27,4,50,94,67,79,2,10,135,124,129,12,56,14,54,72
6,6
43,64,7,5,111,10,79,70,16,58,33,69,102,23,118,75,81,54,108,105,15,74,19,30,77,107,76,78,22,115,99,53,72,87,57,0,35,93,38,8,61,62,127,60,106,132,130,116,47,17,51,21,66,29,49,45,88,37,110,89,27,41,97,1,73,129,28,39,98,119,56,100,126,103,82,44,120,9,42,65,134,124,18,83,117,26,95,96,135,11,52,68,113,67,125,63,109,71,12,104,133,84,122,32,3,36,46,92,80,123,59,131,128,31,34,6,94,14,2,90,86,91,112,20,24,40,101,25,55,85,4,50,13,121,48,114
2,5
9,133,91,26,42,126,72,73,31,125,50,61,2,109,115,55,7,113,39,94,111,28,98,81,36,122,29,124,103,19,86,95,97,89,25,82,40,70,76,65,99,44,45,30,117,52,57,41,1,56,43,66,5,119,92,15,64,87,53,21,46,8,104,34,105,47,93,85,60,37,6,51,114,132,23,67,58,78,18,54,127,0,17,49,134,84,24,27,110,130,131,71,68,108,14,20,135,75,116,129,11,22,4,10,102,101,12,35,100,112,88,63,32,16,106,96,3,48,59,74,90,77,83,33,107,62,128,120,123,79,121,118,38,13,80,69
2,4
81,73,52,72,112,0,44,62,76,80,90,14,22,1,20,16,65,48,56,51,130,129,117,92,121,77,35,114,60,84,113,24,37,100,39,63,28,19,2,42,128,131,122,132,71,10,109,40,57,103,111,45,118,67,125,32,124,27,135,33,107,50,97,9,110,66,4,25,79,101,85,6,3,11,95,46,13,102,15,78,26,18,88,89,116,120,105,94,93,5,54,87,53,17,106,68,47,99,58,115,8,7,126,43,70,91,134,108,133,104,74,21,34,96,123,49,38,69,30,36,127,41,98,83,64,75,29,86,55,61,119,12,31,59,23,82
5,2
6,12,109,103,17,64,131,119,70,67,66,48,84,111,118,105,126,82,104,0,125,46,69,129,86,13,45,110,80,78,100,71,123,133,38,101,20,43,88,33,47,97,72,132,56,83,29,7,42,5,34,19,75,60,61,81,113,30,112,58,25,57,11,41,77,27,120,76,96,1,79,122,39,10,37,8,98,108,130,40,54,16,117,68,4,26,93,2,59,107,87,99,73,85,32,9,62,102,28,94,92,128,24,23,14,106,31,114,90,21,36,22,55,65,135,63,115,91,53,52,121,127,51,35,89,74,95,49,116,15,18,50,124,3,134,44
4,5
130,95,135,30,97,29,120,102,92,121,126,55,73,87,37,111,96,53,76,89,48,90,0,119,44,131,66,71,93,59,18,7,84,79,13,85,5,39,124,118,57,103,41,91,114,40,104,4,54,20,67,106,46,36,63,1,123,52,28,51,68,42,64,75,58,80,133,15,88,127,81,122,134,112,31,101,23,109,74,50,128,98,16,94,77,45,43,10,47,22,65,132,32,19,115,117,33,17,35,83,100,70,26,72,69,113,125,108,61,105,38,3,9,21,86,56,14,27,6,99,129,116,12,25,24,34,49,60,11,78,110,62,8,107,2,82
1,4
82,116,99,60,112,53,84,96,14,110,70,103,5,89,32,55,15,63,130,34,106,0,46,43,124,80,121,104,123,47,37,29,74,3,113,48,44,97,64,114,105,69,39,87,65,56,30,52,4,76,45,94,13,77,115,7,31,81,85,18,21,73,118,16,127,59,20,109,93,9,51,117,50,54,42,28,125,68,66,72,131,41,128,102,2,17,86,22,19,61,75,26,49,108,79,88,8,92,129,71,57,6,12,33,126,62,101,38,100,35,1,24,83,90,132,107,91,40,10,98,122,25,111,95,120,67,78,135,119,133,134,23,27,11,58,36
2,4
22,73,2,6,26,39,4,43,116,84,21,27,67,7,1,55,135,113,9,30,41,48,118,63,94,5,109,82,96,83,56,70,66,37,18,59,13,72,110,54,47,124,52,51,36,108,32,76,90,87,69,35,17,15,98,80,16,89,62,122,126,46,12,123,0,130,10,88,127,97,58,125,120,14,92,25,61,107,100,33,112,23,128,106,103,77,8,131,64,102,34,29,95,11,105,78,71,93,65,74,53,40,3,115,91,38,85,133,28,104,50,79,60,57,49,24,86,42,75,19,132,45,114,20,99,101,121,68,134,31,81,129,117,111,119,44
6,4
18,120,16,68,52,116,41,107,87,9,4,45,102,3,123,108,25,101,133,29,6,84,100,20,49,76,135,0,106,131,54,32,80,58,38,90,122,92,10,57,97,86,103,79,88,75,85,91,40,21,109,30,128,74,34,43,17,94,15,1,14,89,47,98,24,26,130,95,117,113,111,125,70,78,61,115,71,37,129,11,12,63,105,65,104,112,62,50,33,44,99,13,31,96,7,134,55,110,118,5,2,124,39,64,126,53,8,19,82,59,93,36,81,46,119,69,56,23,22,73,48,83,35,42,114,121,77,127,60,27,51,67,28,132,66,72
2,1
20,127,112,49,118,48,54,11,131,22,109,120,71,8,110,18,97,64,45,29,51,14,113,2,83,12,38,42,128,94,67,87,10,40,86,93,4,107,34,5,76,126,43,39,24,13,90,81,122,26,82,114,32,35,100,88,98,89,61,111,27,30,19,74,96,121,70,123,135,103,105,130,85,25,59,36,117,95,55,116,132,53,56,75,31,52,1,115,33,133,65,91,101,125,77,9,41,15,23,50,124,16,102,129,134,78,62,46,28,44,80,63,21,69,73,79,92,47,57,60,99,108,119,0,68,106,104,84,3,72,58,37,66,6,17,7
6,1
3,71,61,10,70,77,1,24,128,114,86,135,20,68,43,92,95,111,66,13,39,81,27,90,103,91,134,22,124,64,30,5,28,60,79,122,112,110,129,12,2,87,97,67,42,105,119,9,107,94,131,57,108,49,17,101,96,126,82,118,73,93,59,99,45,83,84,63,8,6,89,104,69,106,25,109,29,65,16,11,51,116,35,48,0,113,19,115,117,34,55,58,132,23,76,72,32,7,52,98,31,85,46,14,78,130,37,36,41,33,54,74,80,100,26,44,18,53,56,38,4,123,120,75,40,21,15,121,88,127,133,102,62,47,50,125
3,5
66,130,50,44,99,31,112,124,48,45,129,5,27,4,78,56,41,57,97,64,95,85,135,126,111,76,2,94,67,54,79,13,6,100,70,120,71,34,15,22,108,24,30,8,9,35,62,20,46,23,0,43,49,133,121,53,52,74,17,89,36,132,93,33,77,115,19,98,101,84,58,14,60,37,103,18,113,72,122,39,68,69,59,61,91,51,96,118,134,16,75,92,128,106,80,73,83,25,88,40,107,127,104,29,82,102,117,21,131,55,10,65,7,110,42,38,32,87,3,123,12,26,47,63,125,86,90,116,28,109,114,1,105,11,81,119
2,3
60,81,23,16,107,41,86,120,109,102,70,44,54,43,32,128,131,82,103,53,76,15,90,75,8,34,108,115,105,77,40,89,116,100,92,39,19,106,99,110,29,124,12,61,20,35,6,132,80,93,24,123,133,68,0,114,36,69,47,11,18,57,7,30,1,129,56,98,95,65,14,22,72,91,2,42,13,49,101,113,84,125,52,79,104,50,55,127,21,64,46,67,59,134,126,94,62,10,28,135,17,73,31,37,63,78,38,83,26,27,58,85,121,66,45,117,51,33,5,3,112,71,130,119,122,25,97,111,4,9,96,88,118,48,87,74
4,5
71,19,38,103,12,121,92,129,15,67,98,5,97,132,119,73,8,2,34,114,51,82,27,75,32,54,95,135,59,109,76,85,100,117,28,115,1,42,14,90,43,10,26,11,87,35,61,83,20,60,80,106,134,16,40,78,69,118,55,39,101,110,99,127,62,47,24,113,126,63,120,33,88,111,17,105,29,108,128,9,30,21,112,6,49,56,53,25,45,44,23,46,104,81,91,64,89,116,50,79,31,72,77,70,122,58,66,7,107,133,130,37,4,94,84,131,102,0,86,52,57,68,93,3,13,74,48,125,123,36,18,124,22,41,96,65
3,2
34,60,106,119,97,105,52,133,50,58,99,2,7,8,39,18,22,135,127,111,121,24,56,86,102,62,115,122,134,131,108,38,72,95,98,45,59,93,77,25,73,74,129,15,123,46,63,107,128,19,75,27,65,13,118,4,89,5,82,26,43,110,12,66,100,104,41,14,32,80,124,53,88,10,90,55,49,101,0,109,70,3,130,113,29,112,20,125,85,33,92,120,84,61,17,78,48,21,91,6,1,116,30,35,9,68,64,132,114,31,47,54,51,81,40,126,57,44,37,36,67,96,16,83,11,28,94,79,76,71,103,42,87,69,117,23
6,4
36,90,119,14,20,79,96,58,88,118,60,22,87,50,86,73,28,43,129,18,30,12,133,127,93,128,102,103,85,32,37,59,94,57,53,82,8,61,100,83,109,120,78,9,114,122,49,6,121,17,116,112,126,7,81,131,48,29,68,15,51,4,99,105,125,33,40,52,38,5,113,107,63,108,134,84,72,31,10,2,27,47,69,66,132,44,26,97,35,123,21,77,71,0,75,115,70,16,45,64,111,110,98,1,67,95,56,39,23,13,62,124,80,55,34,11,46,54,65,106,89,74,104,3,91,19,41,76,130,101,135,42,25,92,24,117
2,6
100,123,80,79,132,71,66,59,51,111,114,74,113,15,110,39,24,17,10,44,130,102,65,127,45,115,58,133,86,68,9,40,134,97,16,101,96,124,1,94,106,118,105,62,31,63,12,109,2,69,117,5,88,95,135,0,38,34,82,42,77,18,107,73,56,19,122,85,47,108,64,35,21,119,61,46,67,36,22,29,84,32,55,98,129,112,13,8,131,57,87,25,60,33,30,20,52,93,37,99,76,11,125,91,89,70,120,121,23,6,4,7,28,92,54,103,53,126,3,50,104,72,41,75,83,49,128,78,81,14,43,116,90,26,27,48
5,3
40,85,82,120,56,79,131,103,26,72,9,60,29,96,102,23,36,89,121,28,59,110,48,38,67,73,53,17,15,93,8,35,97,74,134,111,19,83,135,54,130,112,52,58,64,95,14,10,69,65,113,119,16,109,43,7,22,100,75,63,55,99,76,123,124,24,66,70,39,127,21,80,34,78,81,101,3,42,86,27,129,92,12,118,125,33,49,87,30,47,25,6,32,106,132,13,71,11,114,2,116,51,68,0,117,126,115,128,45,104,91,57,62,41,90,77,46,20,98,133,44,122,61,1,4,5,84,50,94,107,31,108,105,18,88,37
1,1
74,50,66,34,88,20,78,86,61,60,110,33,92,40,0,123,97,90,91,83,43,125,108,36,57,9,130,6,87,96,42,79,19,10,54,122,135,115,26,93,131,71,126,51,94,49,69,38,107,27,104,52,128,76,133,30,81,118,23,127,129,95,101,24,68,124,37,117,77,98,46,75,109,41,114,72,1,99,7,63,121,11,25,15,62,132,29,84,106,119,113,12,103,59,35,22,53,45,65,100,4,31,120,2,47,67,39,32,13,3,14,16,116,89,17,134,111,48,55,70,73,85,28,82,58,8,44,80,56,105,102,18,112,5,21,64
3,5
40,1,5,4,114,110,28,92,54,51,53,57,116,87,130,80,108,124,107,20,34,70,56,63,21,103,90,75,10,26,77,71,24,29,113,98,66,13,100,79,9,45,106,131,94,15,35,109,134,67,73,105,8,119,43,82,93,38,22,62,121,31,60,96,3,76,68,42,19,72,132,48,118,111,123,2,36,86,78,65,112,95,37,74,89,120,83,23,125,25,17,12,69,91,133,101,61,85,16,27,32,135,0,115,41,30,129,127,47,102,58,7,44,33,39,122,18,52,55,99,117,59,84,128,104,6,64,81,49,46,97,50,126,14,11,88
2,5
26,127,132,56,54,11,15,86,18,4,16,92,33,7,82,31,36,30,115,96,116,118,20,21,63,6,85,114,123,72,75,59,128,43,91,98,37,49,89,60,130,70,95,88,94,90,109,0,17,71,69,45,61,131,122,119,22,12,62,97,10,66,102,40,25,44,39,112,2,83,51,110,23,134,53,1,100,108,81,126,93,38,133,73,55,14,113,117,35,74,101,76,68,50,99,121,34,32,84,57,107,28,104,106,29,67,77,124,120,79,3,47,9,42,19,103,46,80,65,111,64,87,5,48,135,129,8,41,105,27,24,52,58,13,78,125
3,6
125,94,93,46,107,57,6,5,64,121,66,103,91,8,128,67,110,102,75,20,9,98,69,71,4,119,108,53,112,19,89,27,50,82,83,34,116,62,40,56,1,127,0,118,97,23,30,130,126,58,87,48,105,68,106,15,13,109,123,39,51,7,95,100,120,114,131,122,52,77,16,42,26,101,85,44,60,41,33,99,32,96,124,25,45,35,132,70,81,22,78,134,21,12,92,88,55,43,47,59,38,29,18,36,104,61,111,17,86,113,37,133,14,117,72,28,63,10,54,79,73,80,90,49,31,74,135,11,3,24,76,65,2,84,115,129
2,6
106,128,120,83,54,91,102,84,112,75,62,82,116,115,28,114,79,23,67,57,123,59,127,11,66,119,65,26,126,12,73,19,90,86,100,92,109,60,16,70,61,77,58,5,104,41,107,7,32,42,53,21,1,30,113,130,46,51,22,96,103,111,133,110,117,35,36,131,124,45,0,48,6,118,85,43,17,72,94,2,3,10,99,81,63,37,33,122,55,27,68,34,9,15,101,14,20,64,25,132,56,8,69,87,105,52,98,80,13,88,49,76,50,18,39,4,31,121,47,29,78,108,93,135,89,44,74,71,129,134,97,40,24,125,38,95
2,6
86,41,123,26,1,45,114,90,87,22,14,93,44,48,99,57,126,49,124,8,28,121,122,85,17,34,95,135,35,62,18,119,16,80,109,67,88,31,11,101,134,83,33,72,54,36,65,21,6,24,46,108,78,96,51,79,73,30,125,4,12,111,110,40,0,70,118,29,131,23,132,47,75,105,74,103,100,129,19,50,66,120,10,115,94,25,59,63,68,38,128,112,104,55,60,39,3,20,15,113,89,52,84,97,53,43,64,56,107,91,98,106,133,127,92,69,82,2,71,76,9,13,58,37,102,7,77,117,130,27,116,32,5,42,81,61
3,3
107,135,116,65,16,4,46,100,22,78,102,95,42,57,104,25,134,63,114,131,10,87,39,90,18,36,11,97,59,103,27,55,45,70,15,2,34,23,105,30,38,133,35,40,124,121,5,20,73,74,98,96,111,12,37,9,77,28,99,67,44,92,24,117,8,53,0,6,81,51,79,86,66,118,3,91,88,80,62,82,1,120,32,56,83,110,85,89,126,130,21,132,41,49,43,71,69,60,33,64,47,31,125,72,128,50,54,19,106,13,84,14,7,61,52,115,119,129,123,58,101,48,108,109,75,26,17,68,112,127,113,29,94,93,122,76
1,5
64,93,81,4,35,71,130,85,29,21,38,18,53,124,122,8,47,37,41,66,131,74,45,49,6,102,111,108,110,58,91,1,112,98,14,96,65,116,52,63,69,56,5,20,39,28,113,75,27,94,80,48,121,12,3,103,115,92,127,87,86,97,105,17,33,128,126,114,24,104,31,15,10,67,99,7,72,118,120,77,100,101,135,44,55,79,23,106,62,117,133,51,76,129,132,90,125,119,2,109,82,68,78,43,50,89,26,9,30,34,11,88,95,57,83,46,42,107,32,13,16,19,70,22,60,134,73,25,84,61,123,36,59,40,54,0
2,5
134,41,20,89,76,112,61,19,115,22,106,31,12,95,1,107,3,83,33,120,91,66,105,65,90,52,10,59,43,21,32,96,122,40,108,39,100,5,97,9,67,104,2,56,37,18,42,47,7,118,98,114,29,24,15,129,73,27,51,88,64,74,123,58,13,55,128,87,34,110,14,125,71,121,103,94,79,50,28,86,6,126,127,4,68,119,54,0,111,8,49,135,102,36,101,72,75,48,63,132,53,92,60,77,78,82,116,117,35,93,70,11,113,26,45,81,57,69,23,17,44,130,30,62,46,99,109,25,80,38,85,133,16,131,124,84
3,5
68,21,123,70,79,57,118,117,62,30,75,42,90,19,12,17,92,53,54,45,102,122,121,2,101,103,115,37,3,116,119,67,56,41,27,66,125,0,13,124,4,31,63,9,89,39,77,49,25,1,52,78,111,82,76,91,80,104,61,134,22,24,6,26,40,105,127,86,98,50,11,47,71,87,83,7,59,106,97,46,48,109,128,33,60,55,131,72,120,84,28,94,8,100,23,29,88,36,34,99,64,14,43,5,132,38,95,16,112,81,73,135,85,108,130,10,96,44,32,18,58,51,15,126,110,20,35,74,133,129,114,93,69,65,107,113
1,4
47,62,30,54,49,24,17,25,34,65,7,19,110,3,29,119,100,79,84,92,107,50,43,86,116,97,130,127,131,73,40,61,32,18,80,103,125,59,0,1,111,76,21,122,128,101,36,96,67,60,52,106,124,83,14,91,15,89,99,45,16,10,114,93,109,121,35,69,108,42,120,98,87,51,27,31,77,22,133,37,102,117,134,90,26,94,113,123,28,5,8,75,105,64,11,82,115,71,48,118,70,132,95,74,4,41,9,12,58,57,104,53,23,126,88,68,33,81,6,66,38,63,44,78,72,56,13,46,85,129,135,55,20,2,39,112
4,4
112,98,8,29,82,97,113,25,17,13,2,15,84,96,7,90,37,67,126,69,39,95,127,105,103,80,50,91,114,99,3,64,110,108,10,123,53,61,72,55,70,4,16,66,121,77,20,68,9,132,107,45,128,44,83,49,106,46,65,100,76,60,120,42,54,6,86,85,40,109,52,129,43,22,71,26,1,104,93,124,11,0,101,115,12,36,75,62,133,79,18,73,59,74,24,38,31,33,116,130,47,92,111,34,118,32,57,134,94,56,58,102,125,23,89,117,135,14,27,41,122,48,78,35,5,131,28,63,87,88,19,30,81,119,51,21
6,4
122,17,58,113,127,93,19,125,83,46,24,11,68,21,92,36,82,5,106,2,81,112,69,72,37,13,128,43,99,12,130,124,59,79,65,94,44,90,51,26,63,22,133,25,85,38,60,31,47,115,8,34,14,3,131,75,76,114,102,40,95,30,64,42,74,7,23,111,104,1,77,120,66,116,123,61,97,49,39,18,33,9,57,45,73,53,62,15,117,96,52,50,0,103,91,86,105,54,119,118,67,132,28,29,4,71,56,100,41,84,101,135,20,129,6,126,88,108,55,32,78,134,110,87,10,107,109,48,89,70,27,16,121,35,98,80
3,5
26,8,121,93,130,89,32,10,73,131,18,54,81,44,23,97,88,22,120,115,1,15,45,111,109,119,64,30,39,117,79,135,51,2,47,83,37,82,113,90,27,118,3,112,16,6,100,17,46,132,74,92,116,96,95,94,78,71,126,13,129,98,7,77,107,24,48,104,28,60,57,19,122,108,25,133,36,31,68,41,20,123,66,55,29,72,14,4,76,124,99,53,128,65,43,125,33,56,102,58,63,106,127,103,52,69,38,67,62,5,34,75,87,12,35,9,86,11,85,134,105,21,42,84,59,101,50,0,49,91,70,110,114,40,80,61
1,6
44,127,3,73,132,113,6,53,58,74,77,36,109,17,91,37,121,29,41,63,133,45,87,114,5,31,39,135,76,24,100,13,33,51,129,50,70,66,125,108,64,23,116,83,131,107,124,111,88,7,67,35,68,26,20,65,47,19,110,32,118,123,90,85,69,95,48,78,54,8,94,27,134,60,122,28,105,49,12,25,30,72,34,115,104,22,71,120,43,52,86,117,98,112,59,81,1,79,9,119,128,89,82,92,56,11,42,80,84,21,97,75,101,16,4,106,10,103,130,55,96,99,46,15,18,62,14,126,93,2,102,40,0,57,38,61
3,6
103,77,110,74,111,24,10,0,44,51,122,56,9,46,64,23,96,120,6,95,135,61,115,83,50,47,13,131,45,109,104,17,48,118,59,7,42,113,87,134,127,70,49,94,84,25,40,52,34,43,28,89,21,67,32,36,82,37,73,126,85,71,41,116,105,63,15,39,107,90,65,57,16,69,5,76,91,75,62,2,119,117,29,30,128,86,33,54,3,1,100,27,53,79,132,58,130,106,101,125,38,112,55,35,92,80,26,123,93,11,114,18,14,12,102,19,88,8,66,97,129,124,72,99,22,133,31,4,20,98,78,68,81,121,60,108
1,2
128,23,80,81,34,26,117,83,30,74,24,12,44,40,22,110,25,85,38,107,35,114,45,116,75,88,95,36,6,123,37,122,14,113,96,125,5,51,41,86,4,47,120,104,52,65,78,121,109,46,132,64,21,18,13,135,111,77,72,99,129,19,1,105,79,50,55,92,11,42,58,62,112,43,115,90,28,91,94,27,31,57,87,103,16,7,61,119,48,53,8,71,127,67,124,97,9,84,134,29,2,66,10,93,3,70,20,106,102,33,108,118,39,101,126,59,130,49,17,15,32,54,60,68,133,56,69,100,82,98,76,89,63,131,0,73
6,5
82,44,18,62,95,2,31,25,133,78,3,77,42,32,86,100,73,106,48,94,113,50,96,51,104,57,84,39,118,126,108,135,60,47,46,109,11,65,115,40,61,55,71,53,117,124,34,13,66,102,128,29,132,125,69,88,81,14,37,4,93,22,24,74,85,123,0,16,5,91,19,52,43,92,36,130,54,10,87,56,28,21,103,110,6,7,15,72,30,76,38,122,75,70,114,119,120,111,98,1,68,134,17,45,121,80,129,105,116,101,90,58,35,67,59,49,27,79,33,131,63,97,107,99,26,83,64,8,12,41,20,112,127,23,89,9
5,1
49,94,73,115,27,14,91,41,68,5,19,132,13,63,107,83,38,11,69,130,55,72,124,135,109,82,17,40,28,46,96,33,66,61,65,53,110,24,6,119,39,117,84,70,131,59,85,23,44,36,106,7,78,129,116,52,4,37,118,0,18,95,128,101,86,134,35,8,79,87,16,74,120,100,88,99,45,3,97,10,92,67,15,9,77,60,122,62,31,42,104,113,43,22,75,90,21,32,127,114,105,71,56,50,1,58,103,126,112,81,133,111,2,64,20,48,102,29,57,76,34,80,89,30,98,12,123,125,108,93,47,51,54,25,121,26
2,2
112,60,135,92,74,46,86,117,82,80,34,32,102,134,109,1,116,37,94,71,42,11,90,77,15,84,59,91,6,7,104,10,49,96,39,103,113,53,24,97,115,48,110,33,111,93,17,18,79,78,81,118,9,56,44,128,65,131,43,99,127,105,13,120,63,3,125,8,23,100,72,47,87,12,62,40,38,114,29,122,70,35,123,0,30,55,50,51,89,124,16,19,107,69,68,119,129,58,20,133,26,67,75,101,66,108,126,21,45,85,95,14,64,88,25,73,5,27,36,57,54,76,4,132,83,121,2,31,41,130,106,61,28,22,98,52
1,3
100,117,12,134,83,24,86,15,110,125,31,80,91,104,27,113,25,105,23,19,16,57,42,79,82,41,7,9,47,17,97,13,93,98,55,20,89,135,95,75,128,4,109,22,56,32,85,99,29,68,50,131,92,33,107,37,18,2,38,123,101,66,112,129,76,53,118,94,36,114,28,0,84,127,54,120,3,40,45,130,126,116,46,26,108,44,34,67,88,1,52,102,133,11,74,77,49,21,121,111,60,96,72,10,48,115,78,69,62,73,5,43,124,70,122,71,87,61,64,39,90,81,106,51,6,58,14,65,119,30,63,35,103,59,8,132
1,2
