70,4,58,39,36,87,67,29,6,73,100,71,102,88,75,114,11,8,40,28,118,22,83,133,116,7,135,64,18,109,86,41,84,97,20,24,126,35,129,52,53,72,74,69,111,93,98,120,78,113,48,90,13,15,94,34,31,26,57,110,50,130,32,46,131,47,51,27,1,0,33,14,117,132,122,106,112,9,60,61,104,92,12,115,80,5,59,76,128,37,95,125,56,43,101,96,85,38,82,119,68,49,3,81,124,2,91,77,55,66,105,44,121,123,107,45,42,19,103,30,62,10,17,54,21,16,108,25,127,79,89,63,65,23,99,134
2,3
28,47,40,18,37,82,11,85,98,99,6,56,88,92,76,105,50,101,100,10,134,135,93,21,106,20,8,7,113,35,110,127,72,5,83,19,17,104,130,53,132,4,64,70,121,96,108,22,117,128,112,23,3,81,67,25,131,38,42,122,63,57,59,32,66,39,15,95,49,43,44,123,31,71,94,80,68,27,29,33,129,46,41,124,55,120,77,86,12,109,118,114,34,90,75,74,0,61,126,1,89,26,103,91,73,133,79,78,30,36,24,69,9,54,62,52,111,119,51,45,125,97,65,60,102,2,13,16,115,84,87,107,14,116,48,58
5,3
130,44,71,53,128,74,116,3,64,123,57,91,85,105,49,117,61,43,104,75,62,58,20,89,131,54,47,87,9,29,106,79,69,31,126,100,12,24,48,28,113,101,52,111,76,118,134,17,26,21,14,33,115,127,59,80,103,23,5,2,92,4,109,83,110,1,99,86,27,11,60,114,96,65,42,81,135,107,112,35,25,22,133,36,121,132,8,51,39,68,7,102,45,38,63,77,78,19,88,108,40,55,119,98,41,94,129,122,67,90,70,13,15,56,6,46,82,10,37,124,30,34,72,93,66,50,16,32,18,125,95,120,73,97,84,0
5,1
131,70,10,117,43,102,26,97,109,125,134,37,16,78,36,46,82,94,27,41,40,20,48,54,45,30,22,17,85,122,118,87,135,81,0,111,66,133,14,80,74,128,83,2,7,28,119,95,21,62,33,124,23,15,11,96,50,79,123,126,112,47,69,75,129,9,8,116,100,18,35,92,13,31,25,29,5,108,60,88,19,4,110,49,32,114,106,120,107,73,65,57,55,38,58,1,24,64,3,93,59,115,103,52,121,91,86,127,98,71,44,99,72,56,89,113,101,90,63,67,130,104,132,6,61,53,76,68,105,39,51,42,77,34,12,84
4,2
106,77,29,68,76,115,109,24,27,38,19,9,6,14,97,69,125,56,91,3,4,122,7,10,31,12,96,135,17,28,92,87,58,119,89,130,22,33,65,95,15,51,62,67,25,86,43,40,71,30,79,108,114,66,21,80,82,18,13,120,75,126,98,16,103,26,132,11,73,0,129,64,63,100,117,53,84,49,50,78,113,134,34,102,1,44,121,124,112,47,39,52,81,57,133,61,93,107,83,5,54,41,59,99,123,128,32,110,127,111,20,118,46,101,104,23,36,90,37,2,88,35,70,42,105,72,48,45,55,85,8,131,116,60,74,94
5,3
65,126,120,22,19,124,92,131,133,94,40,121,79,20,51,60,113,100,101,29,129,8,117,78,114,66,6,95,81,52,108,55,70,104,103,62,4,89,42,14,34,122,98,21,47,110,106,72,111,43,13,37,68,107,75,11,17,10,48,97,16,45,84,118,1,88,25,23,2,102,61,18,54,115,50,30,76,49,67,71,15,27,58,119,132,59,135,82,31,57,85,105,80,130,32,56,35,5,28,125,96,44,77,86,87,36,7,109,0,63,74,112,73,53,3,12,128,64,38,90,116,99,91,93,69,123,9,26,83,134,127,39,46,33,41,24
3,4
122,52,79,92,80,90,113,103,22,20,1,63,78,8,83,62,30,26,56,99,53,25,125,126,96,17,32,47,98,76,35,27,115,89,46,109,36,124,100,74,94,24,110,16,28,70,130,135,2,48,12,67,15,59,102,45,95,129,106,9,61,38,131,4,58,104,69,51,111,93,105,40,14,120,5,108,18,123,114,112,23,119,81,66,11,88,3,117,128,50,97,84,86,60,6,31,116,73,75,77,39,55,68,42,0,37,107,7,49,82,13,91,85,64,41,34,132,33,134,57,19,71,72,44,43,127,21,133,121,29,101,10,65,54,87,118
4,5
20,35,109,33,110,37,34,56,107,50,57,60,24,89,16,101,10,48,65,43,23,68,80,45,25,106,125,133,116,26,69,27,72,124,122,130,49,22,4,135,51,103,38,114,52,36,44,90,11,54,127,39,93,132,3,14,5,94,18,15,66,8,47,7,108,111,41,59,99,84,29,102,120,46,134,88,128,115,1,32,61,74,58,76,77,30,85,19,63,121,81,126,96,40,95,104,131,31,82,0,79,119,100,86,9,64,53,83,70,21,42,98,6,75,129,67,112,28,117,55,105,91,113,78,92,2,62,87,123,17,13,12,71,73,97,118
5,2
132,22,130,111,2,32,102,105,100,69,43,39,37,134,7,92,10,42,114,99,50,126,47,13,49,12,95,115,55,33,38,119,106,89,83,56,4,93,90,96,6,120,28,87,1,34,40,48,81,15,104,71,63,3,41,18,124,84,36,131,62,101,14,123,78,60,125,77,82,25,21,44,58,61,59,67,24,17,91,113,72,11,31,122,133,30,57,51,74,54,98,94,46,27,75,112,108,8,117,0,80,29,110,45,135,65,35,86,66,121,19,73,70,103,68,9,52,107,76,97,16,127,5,85,64,109,53,118,128,129,79,23,26,20,88,116
5,6
115,52,133,71,135,60,92,11,121,31,38,126,118,127,84,32,17,98,55,85,9,56,97,73,1,10,106,24,39,14,25,130,108,122,63,119,89,12,41,111,54,113,123,93,64,16,36,112,6,22,21,128,124,125,28,20,3,103,26,61,102,87,7,35,78,29,74,46,120,76,44,62,18,48,27,33,88,57,43,59,117,8,37,40,45,134,132,80,75,77,82,47,91,96,86,67,105,23,53,2,131,13,95,5,58,30,19,15,101,116,51,114,104,107,50,100,42,94,109,79,110,70,4,68,49,90,34,99,129,83,72,66,65,81,69,0
2,6
58,50,40,19,95,59,73,16,7,134,17,122,102,105,109,127,75,97,90,60,14,124,9,37,87,51,64,1,41,34,110,52,6,111,82,91,22,103,27,55,128,121,62,66,104,15,113,43,33,63,29,130,35,131,132,57,10,126,107,119,20,8,76,88,53,65,70,79,56,133,86,78,96,98,120,44,101,108,30,117,42,48,135,125,49,4,99,123,100,93,21,2,89,116,115,12,112,38,106,114,24,92,23,129,47,26,118,72,28,80,25,84,67,18,54,32,45,39,94,77,31,83,71,0,81,69,5,46,13,36,11,61,85,3,74,68
6,4
19,90,126,93,50,104,62,12,117,23,116,123,124,131,87,70,128,49,72,38,84,121,0,40,20,125,4,30,65,41,132,133,78,35,111,52,79,101,32,83,130,129,96,66,67,99,106,14,21,118,26,51,110,77,56,24,97,9,18,42,80,13,112,109,60,68,58,88,91,98,33,107,122,127,134,103,115,94,105,113,46,48,22,86,119,53,54,25,37,89,74,76,43,81,120,5,69,29,11,16,34,92,45,15,7,36,39,17,47,100,3,1,75,102,6,73,61,114,2,10,95,59,8,31,27,57,28,63,64,135,82,85,44,108,71,55
5,5
116,63,21,130,28,113,12,122,24,22,59,44,56,49,110,85,57,106,29,0,7,86,132,89,66,53,98,64,40,127,73,3,108,79,8,78,97,33,10,48,68,80,5,37,75,13,69,126,58,88,114,119,46,74,81,129,38,118,104,15,1,72,55,94,17,124,125,47,99,134,43,54,76,96,25,67,95,50,23,117,111,52,90,123,101,133,71,83,36,121,42,103,26,39,41,35,82,93,107,87,100,19,91,11,70,84,18,131,105,112,102,32,45,31,60,92,14,61,77,34,2,30,6,62,16,20,51,135,109,65,9,115,27,4,128,120
4,1
133,113,130,121,55,7,89,82,59,64,105,12,125,97,119,47,63,81,94,128,122,90,14,95,19,26,41,75,21,67,37,4,5,70,32,98,111,96,106,134,72,69,107,38,24,65,117,58,92,16,88,77,49,0,8,60,10,20,127,39,53,45,71,2,129,123,120,83,52,48,108,9,102,87,15,13,68,43,54,132,78,100,40,86,23,57,126,112,73,114,28,124,115,11,116,66,103,29,80,135,44,6,99,74,25,85,34,93,30,51,1,61,3,27,31,33,110,36,18,56,104,46,101,50,91,35,22,17,42,76,109,131,79,62,118,84
6,4
127,104,135,25,109,69,37,33,31,117,121,110,119,126,49,116,70,78,63,106,67,124,83,128,51,34,81,53,94,50,80,46,36,39,55,4,64,48,95,32,99,12,122,52,54,73,77,72,30,17,82,118,66,60,86,79,16,129,71,11,98,92,40,24,58,111,90,91,27,125,113,75,102,114,93,22,41,47,14,0,15,18,62,61,3,44,123,57,87,29,20,45,21,38,19,65,97,85,26,120,103,28,96,115,1,43,107,105,84,6,9,88,133,13,112,100,10,35,7,131,23,68,59,56,8,130,132,2,89,74,5,108,76,42,101,134
3,2
51,49,115,57,4,50,130,108,2,89,94,93,25,88,81,42,67,116,33,119,106,124,5,135,17,59,71,18,98,61,16,64,47,55,127,102,118,28,74,58,36,1,13,77,75,111,7,52,95,48,92,32,6,104,120,66,110,78,105,117,134,72,54,24,91,68,15,97,34,96,131,35,126,101,125,53,70,37,83,22,26,38,43,20,30,27,41,12,112,11,65,87,133,128,79,80,23,10,14,99,86,40,29,76,21,62,8,129,82,103,60,107,114,69,0,121,46,90,113,9,73,45,44,84,122,39,100,3,31,19,109,132,63,56,85,123
1,1
34,76,6,59,102,48,75,33,112,36,3,117,97,77,79,56,114,123,66,31,63,72,126,10,121,47,85,41,50,115,111,73,7,82,60,45,71,89,129,21,122,23,99,57,18,134,91,55,15,44,110,92,133,49,132,120,106,42,9,46,11,25,62,78,39,95,14,131,1,130,26,90,68,118,101,54,0,69,116,4,20,12,103,30,67,27,100,127,109,16,81,105,2,84,43,135,53,96,119,88,40,70,32,52,98,64,128,8,86,83,113,19,87,5,107,29,65,38,58,17,24,51,124,74,108,80,13,104,61,94,35,125,22,37,93,28
1,2
129,123,47,118,15,14,120,0,17,94,58,97,124,86,132,42,79,7,68,41,32,62,52,26,109,111,85,39,114,74,110,131,76,130,70,117,25,91,36,75,99,115,89,43,82,9,77,4,59,29,13,30,121,53,22,24,135,19,37,35,48,27,101,88,133,107,54,34,60,128,113,106,20,81,90,98,134,102,12,8,57,21,104,16,61,38,49,116,122,23,126,125,56,11,46,72,87,103,44,5,45,119,28,2,96,10,51,65,95,50,33,83,84,93,55,1,73,63,18,108,66,3,80,6,69,127,112,71,64,100,31,105,67,78,40,92
5,2
110,70,68,45,112,49,15,118,16,58,60,27,124,97,92,114,77,74,21,131,121,34,6,53,69,84,38,65,18,44,31,24,0,127,46,100,32,78,79,87,59,134,40,128,90,135,113,130,62,1,11,132,101,3,57,23,66,72,81,36,129,50,54,117,25,89,122,94,22,104,123,95,108,20,39,61,56,82,33,63,19,35,43,26,5,75,30,42,85,51,105,71,37,109,13,47,103,120,107,7,2,8,125,52,55,91,96,83,14,115,88,86,76,111,133,28,67,98,12,116,119,99,126,106,41,93,73,10,80,102,4,64,9,29,48,17
5,5
64,105,44,123,97,15,2,1,70,126,90,35,103,43,73,109,14,47,13,52,75,117,7,91,20,53,8,119,93,114,54,28,59,21,45,10,50,38,79,80,88,40,107,96,132,16,5,69,29,83,4,49,135,92,37,106,124,98,17,129,0,77,89,102,22,6,118,57,19,100,130,25,82,116,11,108,87,18,66,62,99,60,122,120,51,68,33,85,56,115,131,55,9,101,48,127,42,12,128,3,94,41,26,34,112,84,39,104,81,63,125,95,30,32,110,71,36,76,27,78,113,61,65,31,134,46,86,111,121,23,24,133,58,67,74,72
1,1
135,65,11,104,97,96,40,33,69,131,115,61,2,37,114,63,99,16,54,3,53,14,90,77,126,133,42,70,35,34,123,0,102,128,59,101,49,111,51,98,122,30,95,43,44,26,118,117,87,6,76,88,119,75,124,38,72,31,82,28,91,8,20,80,18,94,7,46,56,125,81,48,130,113,29,85,39,25,74,55,15,12,57,23,120,50,107,68,129,132,60,62,21,66,67,103,127,116,78,92,47,110,9,41,36,106,10,93,83,71,100,108,84,64,73,1,105,89,27,19,79,134,52,121,22,86,4,13,32,24,58,45,17,109,5,112
2,2
111,127,37,101,81,65,98,21,53,83,99,75,12,14,0,89,91,126,6,132,85,22,66,88,4,23,2,1,82,8,25,70,34,130,57,10,106,71,86,80,119,38,118,77,46,19,42,117,110,47,109,95,116,18,104,30,27,129,3,17,72,63,32,134,115,52,68,103,135,41,29,28,90,96,113,26,62,50,94,125,108,124,7,54,128,133,84,92,13,105,76,93,51,55,40,15,64,61,31,9,87,100,58,67,131,48,35,97,56,59,44,120,49,11,20,60,24,5,69,16,121,79,123,73,78,36,39,74,112,33,107,43,45,122,102,114
4,2
52,36,49,111,15,17,14,134,37,19,70,34,125,76,9,120,79,95,123,57,23,87,98,118,47,135,69,124,10,45,24,31,1,94,77,133,72,106,50,55,56,63,16,26,108,78,61,117,71,3,21,18,8,92,30,126,119,67,60,110,116,103,53,51,115,39,68,28,109,99,107,86,73,89,101,35,46,132,91,33,2,54,127,41,11,104,0,40,32,66,62,38,13,75,44,122,74,131,82,6,27,113,43,105,58,114,29,65,80,100,97,4,112,22,20,59,5,128,84,81,25,12,64,85,93,102,83,121,96,7,48,130,90,88,42,129
6,2
94,58,73,81,34,75,76,48,2,40,91,108,62,71,54,77,9,96,72,66,57,8,90,107,61,18,13,35,12,87,11,95,103,16,44,132,36,84,134,69,133,23,123,120,67,30,53,10,102,114,43,42,86,85,19,135,126,64,79,37,130,70,127,125,101,92,74,110,124,46,28,105,83,68,99,122,25,115,59,6,17,88,109,38,33,129,45,5,60,22,15,104,117,131,106,93,26,0,89,4,1,82,27,52,51,118,97,31,21,100,65,7,56,116,32,113,112,41,80,98,111,47,119,20,50,78,29,39,121,128,3,55,24,63,14,49
5,5
127,21,51,24,75,10,126,59,23,20,36,123,45,124,92,43,39,47,109,11,102,70,58,106,13,37,111,66,97,112,40,3,44,104,42,81,108,79,119,115,120,61,32,54,27,83,30,86,125,69,88,103,110,71,31,19,134,129,2,25,29,78,72,90,26,133,18,105,15,62,33,16,74,131,116,4,95,101,89,68,63,55,67,82,85,87,49,128,96,57,17,113,121,50,80,0,56,8,46,100,53,34,52,1,114,130,41,107,135,76,132,6,48,77,38,60,94,99,65,91,117,93,7,5,98,28,14,35,84,9,118,22,64,12,73,122
6,1
85,122,55,106,3,35,131,88,60,56,118,57,119,130,86,69,63,33,34,67,100,5,0,82,71,127,7,112,20,117,37,8,79,116,113,70,91,64,29,124,19,90,109,32,134,95,18,110,54,1,80,115,51,26,126,120,89,59,10,102,30,74,31,25,6,132,105,28,65,49,94,23,123,22,50,4,44,103,133,52,46,62,38,99,41,42,40,125,11,98,2,12,13,121,114,107,48,84,96,9,47,53,16,128,14,15,81,93,43,78,17,97,36,111,66,45,73,24,101,87,77,27,39,135,58,83,68,76,104,61,21,108,92,75,72,129
5,1
87,78,71,105,23,5,50,117,55,135,101,66,40,60,83,127,134,119,28,88,27,96,51,31,116,84,36,130,59,92,115,41,81,2,4,76,9,98,42,132,103,30,122,100,57,114,129,29,16,48,58,107,80,0,128,95,97,32,111,125,123,86,24,8,44,37,85,106,13,67,19,11,113,79,104,124,20,18,47,49,14,52,63,43,25,26,102,74,126,112,75,56,46,121,15,109,91,72,108,64,73,39,131,68,77,54,38,35,89,62,6,53,1,7,70,21,61,93,17,69,90,10,34,133,118,12,22,65,33,120,99,110,94,45,82,3
1,5
6,73,91,31,75,123,18,44,65,95,9,13,112,38,60,10,111,106,33,121,35,23,37,74,4,67,107,71,78,27,88,124,100,94,1,55,57,128,68,84,14,56,50,51,83,5,132,69,92,54,113,126,52,32,115,16,15,70,89,125,93,26,29,119,36,118,66,130,42,79,87,3,62,59,81,40,90,99,131,8,12,17,72,80,41,110,22,114,103,30,134,46,34,98,97,116,96,122,20,76,25,77,45,39,135,19,28,127,108,47,120,0,82,7,85,21,105,49,11,104,64,101,117,61,102,63,48,43,58,86,109,53,133,24,129,2
2,6
103,114,121,112,95,82,36,134,108,68,101,60,119,19,90,124,94,85,2,32,128,23,83,42,115,47,0,3,6,122,66,117,89,33,75,11,131,76,109,18,8,125,44,71,21,104,74,77,100,116,132,67,59,63,49,87,13,65,58,9,79,135,50,73,55,48,45,30,126,88,93,64,86,130,72,52,56,127,105,31,37,22,35,61,20,57,41,118,5,113,39,99,98,133,53,43,1,80,25,107,24,38,70,78,34,92,110,129,46,102,10,16,15,81,97,26,27,120,96,123,91,111,62,69,12,14,54,28,4,40,7,51,17,29,106,84
6,1
50,55,79,82,29,12,49,3,1,88,80,131,15,107,98,135,118,4,7,64,129,32,83,67,113,24,16,95,60,61,27,97,89,69,109,90,38,75,121,112,33,123,74,76,128,125,37,22,20,48,11,100,111,58,26,25,72,0,62,47,46,132,115,108,40,54,41,124,99,59,57,66,73,94,8,86,9,114,2,126,91,84,6,106,117,14,56,28,43,81,85,87,13,45,122,119,102,127,10,70,134,23,103,77,30,36,133,42,39,53,71,101,63,19,17,52,35,31,78,34,104,116,51,21,18,130,105,93,65,120,92,110,44,5,68,96
4,5
35,61,131,60,67,32,45,107,57,9,55,43,88,36,70,111,116,40,86,8,5,10,53,33,30,120,114,18,90,25,13,112,97,46,24,109,96,47,39,17,11,3,34,110,95,87,117,51,65,134,108,135,0,81,6,14,26,122,123,4,2,38,77,85,130,100,29,15,113,66,19,42,99,91,64,62,103,133,48,94,80,37,7,84,50,44,63,106,59,124,73,132,127,93,75,83,98,28,41,16,115,82,49,125,76,128,78,12,102,79,68,74,22,23,92,101,121,89,54,56,27,21,126,31,69,58,105,104,20,129,72,118,71,119,1,52
4,4
106,34,30,132,52,77,129,113,46,123,57,21,8,5,82,23,128,111,16,45,103,101,121,51,88,18,83,49,48,73,119,2,43,80,1,98,87,118,75,107,91,6,55,102,81,10,96,15,28,99,4,44,130,24,66,62,89,112,22,104,60,74,67,114,20,100,42,47,122,86,68,110,58,32,13,127,90,117,63,76,72,26,11,93,17,97,41,134,126,116,27,79,37,70,33,131,50,39,61,108,59,53,56,35,133,36,19,38,12,0,65,54,69,109,9,135,25,94,95,85,125,7,14,92,64,31,84,115,78,3,40,120,105,29,124,71
2,3
129,98,132,77,105,32,10,61,40,122,24,14,88,37,95,0,81,6,123,128,27,87,110,47,91,97,45,124,58,21,17,125,116,121,101,16,11,18,65,33,23,56,73,39,119,82,70,60,107,106,63,12,9,120,4,68,49,69,103,80,113,41,79,38,108,42,55,96,44,74,57,75,29,15,62,67,84,28,8,51,48,78,19,53,89,1,7,22,134,92,2,99,43,64,127,35,36,26,20,25,111,90,83,34,115,30,85,126,102,117,46,76,109,100,118,52,71,66,54,13,135,104,112,31,72,133,5,131,50,93,114,59,86,3,94,130
5,1
44,53,19,96,57,118,126,128,65,37,29,56,107,40,58,93,83,48,105,112,85,117,27,99,86,34,16,74,21,3,115,100,39,111,67,68,98,123,79,76,35,71,49,63,110,10,23,42,82,24,2,101,31,54,70,124,116,8,26,94,60,125,90,133,103,73,11,5,50,52,132,14,33,106,36,13,28,109,122,9,95,15,7,131,97,75,104,69,119,120,41,1,134,4,32,81,55,22,88,89,91,78,92,25,46,62,61,20,66,43,113,59,127,47,0,18,51,6,38,12,64,129,87,102,77,121,17,72,130,114,30,80,45,135,108,84
3,1
63,45,66,130,93,115,18,22,105,84,34,1,68,72,30,43,6,98,62,11,48,69,99,46,103,16,73,82,124,123,13,95,65,41,29,134,132,110,36,89,106,80,75,112,129,49,53,120,40,10,33,20,107,104,125,81,116,23,108,67,109,24,97,9,85,70,71,47,122,59,77,37,44,38,5,117,119,51,64,19,52,32,76,102,74,39,79,101,128,3,4,12,127,27,113,57,126,42,100,56,2,90,61,31,92,83,7,35,88,55,135,86,25,78,8,96,60,131,91,15,26,0,54,111,21,50,121,14,87,58,94,28,133,118,17,114
2,3
79,100,21,131,29,34,0,74,39,9,13,51,99,95,120,46,96,78,27,106,17,6,23,129,33,61,86,71,83,104,119,115,36,89,116,65,58,68,62,103,31,72,124,59,16,38,84,54,112,109,105,37,50,90,52,64,67,130,82,69,12,32,123,3,97,41,126,70,81,121,18,75,88,55,44,108,76,35,77,93,22,47,73,15,48,11,98,110,94,113,125,114,117,102,2,101,132,80,25,8,10,66,14,45,56,107,7,43,28,40,118,49,24,19,111,122,53,60,133,26,87,42,135,5,92,20,57,128,91,85,4,134,1,127,30,63
5,2
120,50,130,27,77,35,86,60,20,96,129,3,48,128,79,90,38,76,115,58,83,111,132,69,91,45,116,51,37,71,117,57,88,29,16,103,84,121,110,21,97,59,134,34,56,4,5,6,124,0,123,7,93,112,89,114,63,62,52,39,11,55,66,53,15,125,73,33,1,133,36,41,82,44,64,46,80,68,95,98,87,74,135,107,85,99,24,75,2,32,100,119,19,40,10,28,122,101,8,47,31,70,105,9,14,13,92,12,22,102,127,42,72,109,67,17,49,94,106,54,108,26,25,104,30,131,113,23,126,118,43,81,18,78,61,65
6,4
54,52,48,30,32,129,132,19,128,33,60,108,51,79,67,113,127,104,86,100,12,39,69,103,80,34,62,81,3,90,85,93,124,44,133,91,10,112,125,134,16,122,8,88,109,95,107,131,92,130,61,58,120,98,99,135,47,59,89,49,57,78,101,94,5,68,121,119,7,63,56,106,110,0,66,77,114,36,41,126,28,24,20,21,64,27,50,115,35,105,111,29,102,2,96,17,31,43,14,73,72,74,9,116,75,46,117,87,11,84,6,23,25,70,40,76,55,118,18,97,13,4,123,71,15,26,42,1,37,65,45,82,22,53,83,38
6,1
46,48,104,63,33,86,123,92,5,32,4,130,94,96,18,127,2,75,23,125,129,122,57,12,131,3,115,35,52,13,17,119,16,14,45,42,59,64,73,24,110,81,69,87,88,67,27,98,54,44,62,41,36,108,93,10,21,90,40,79,49,113,121,85,91,117,31,37,133,19,1,134,9,26,61,116,71,97,56,84,99,43,132,51,70,25,82,126,118,34,60,106,6,128,7,11,47,100,114,103,72,50,109,120,111,124,101,135,76,39,66,78,74,0,8,30,68,58,53,55,102,28,105,29,22,83,112,38,15,80,95,89,20,107,65,77
2,5
83,100,132,90,56,17,26,81,23,15,61,68,37,112,124,18,2,94,118,98,80,123,79,5,91,87,120,64,34,0,62,106,16,57,133,14,65,54,24,41,22,31,117,69,97,52,4,71,75,7,121,135,111,88,134,35,127,3,29,43,44,130,10,19,48,119,74,78,114,84,116,50,36,108,40,55,47,129,49,102,86,21,77,46,28,45,30,13,103,95,85,82,76,110,32,25,104,99,126,38,113,93,58,125,42,39,66,73,20,27,1,6,109,33,107,53,70,96,60,122,128,67,59,8,51,115,105,12,92,11,63,9,89,72,101,131
5,1
2,44,107,49,131,0,16,98,69,114,50,21,32,105,17,3,15,43,53,7,67,61,78,85,97,46,70,64,110,86,22,55,9,124,58,36,60,113,126,20,37,72,10,117,83,95,8,118,31,89,123,92,13,116,23,34,77,48,65,47,28,88,33,119,91,25,81,26,35,57,94,73,4,108,38,90,84,122,102,40,6,101,129,75,30,82,39,115,41,51,87,27,127,109,80,106,45,63,52,54,104,96,12,62,112,68,18,19,71,103,66,135,121,130,93,59,120,99,5,111,11,125,24,29,76,132,133,14,79,56,74,100,128,134,42,1
6,5
70,80,42,44,12,16,54,92,115,36,15,105,98,47,133,126,34,77,73,100,130,6,106,2,13,0,55,28,97,86,25,122,29,45,123,59,74,1,114,56,83,90,65,76,39,79,112,117,118,110,91,84,99,57,66,120,22,121,128,127,69,81,11,27,30,3,43,9,102,8,51,37,35,68,116,52,89,40,49,48,134,87,4,96,101,17,78,131,103,132,104,135,21,41,10,5,50,62,26,7,14,129,108,93,107,67,124,119,95,19,72,32,20,109,58,111,94,75,61,31,46,23,125,18,64,38,82,60,33,113,53,85,88,71,24,63
1,2
11,97,106,38,120,7,132,95,9,74,78,67,99,44,110,16,2,81,129,29,124,20,90,6,43,19,25,119,10,89,12,8,114,40,48,123,80,87,30,35,21,103,17,71,0,33,84,75,72,57,113,109,34,14,26,66,112,93,133,22,27,37,63,61,55,64,77,65,108,98,94,86,53,131,52,46,62,121,36,32,85,130,73,96,28,15,127,115,31,58,82,79,39,23,104,18,56,50,68,100,122,4,126,60,107,88,1,91,42,117,69,125,24,105,13,41,76,101,49,116,118,3,83,45,70,47,59,51,111,92,5,134,54,128,135,102
5,4
79,70,116,78,46,42,110,39,5,122,66,27,25,133,24,62,56,120,80,100,119,38,16,73,58,49,101,13,87,125,41,82,108,48,131,10,43,50,106,7,81,68,118,36,17,91,67,32,1,14,123,124,4,86,75,88,22,35,57,61,85,51,126,29,28,30,128,64,54,102,53,71,99,63,65,9,26,37,72,93,2,109,89,95,112,74,84,6,130,40,104,115,23,129,96,20,15,55,33,103,59,134,105,111,132,8,98,83,21,52,18,47,90,92,31,11,135,0,19,45,121,114,127,3,69,34,113,94,97,77,12,44,60,117,76,107
3,1
114,134,13,37,77,103,115,119,27,50,102,73,21,99,112,45,128,61,132,38,64,53,25,92,15,0,72,6,24,58,49,30,123,100,57,113,60,44,32,97,11,120,82,88,107,122,133,126,42,104,70,79,12,98,101,16,48,46,105,78,22,95,75,40,36,17,111,43,96,4,56,18,110,91,118,86,108,76,47,2,90,66,116,106,109,93,14,89,83,127,67,35,85,63,51,131,74,29,26,31,19,81,62,3,94,55,28,135,5,34,23,130,20,59,68,8,87,39,117,121,71,54,9,41,125,129,124,80,7,1,52,10,65,69,84,33
6,2
34,94,108,58,31,93,69,132,61,28,9,127,120,49,45,70,57,102,10,121,76,48,27,60,81,98,62,123,83,91,30,125,53,80,20,14,19,50,32,23,56,3,128,35,89,74,96,51,87,41,118,119,37,65,4,113,71,114,134,107,43,131,5,7,68,52,133,63,21,54,46,38,79,66,110,15,55,105,129,124,77,59,47,130,16,22,135,44,111,116,126,95,33,29,13,42,97,85,17,101,12,25,0,122,82,64,115,72,18,39,73,75,2,99,86,92,40,26,36,67,6,104,1,8,106,88,84,100,24,11,112,90,109,103,117,78
2,3
14,12,105,65,108,8,131,75,6,56,95,62,45,53,68,135,79,107,67,113,122,43,34,48,49,54,28,102,29,51,129,90,42,60,57,0,32,92,118,44,15,106,24,37,93,26,55,39,82,17,52,59,132,121,16,96,76,103,87,21,125,70,83,130,123,112,110,126,124,100,9,128,73,58,114,4,31,66,101,18,41,116,40,36,35,98,111,127,117,25,64,30,47,134,81,1,11,133,77,89,7,78,97,5,115,27,19,85,109,69,2,10,38,13,22,84,104,72,88,80,74,46,99,63,20,33,71,119,86,120,94,61,3,23,50,91
3,5
135,18,106,127,35,80,131,76,38,51,52,56,126,101,71,122,72,83,3,99,36,13,33,27,19,89,128,68,117,57,94,4,8,60,30,134,63,74,16,39,17,92,124,90,23,85,65,20,93,125,46,78,119,133,6,45,121,41,61,70,25,44,103,96,102,7,113,26,2,118,10,9,31,109,14,42,129,98,100,11,110,82,97,21,49,108,43,120,12,28,86,81,15,116,84,37,123,105,5,111,104,77,32,53,29,22,66,87,40,79,114,112,47,69,55,67,115,64,88,50,95,62,24,59,0,132,130,75,91,54,107,58,48,1,73,34
3,1
81,20,83,31,119,121,24,58,60,93,128,57,37,42,122,2,3,64,32,15,39,46,112,56,30,104,86,8,131,114,21,10,7,115,69,50,79,41,35,19,22,123,92,45,47,54,44,23,95,84,14,65,59,99,118,33,63,105,91,98,82,124,113,88,70,130,110,126,133,26,75,17,27,28,25,111,108,11,34,9,80,49,96,127,67,18,132,85,90,94,102,55,40,129,4,135,116,77,87,29,100,6,68,52,73,51,66,36,76,125,1,0,106,48,72,16,109,62,43,120,53,103,101,89,117,107,134,97,74,78,12,71,38,13,61,5
5,6
2,44,40,78,32,110,70,51,59,34,37,14,104,103,126,94,23,121,123,117,118,0,98,122,119,27,47,89,58,60,7,46,131,82,39,57,87,96,4,38,22,15,77,20,48,63,102,93,49,95,69,67,81,62,100,68,36,61,13,65,109,133,127,19,45,128,35,8,112,129,52,83,66,85,111,71,75,12,106,10,91,72,116,55,30,18,54,50,5,42,28,31,29,135,80,99,56,9,108,6,92,84,3,64,74,88,125,17,41,53,21,73,25,90,16,107,86,120,43,132,33,134,101,105,1,24,11,26,76,79,113,97,114,130,124,115
1,5
12,120,51,77,76,116,74,56,100,2,52,108,111,21,124,34,33,67,63,87,30,117,102,94,11,65,22,18,39,3,90,7,27,8,48,13,126,1,121,128,130,61,79,66,62,135,97,17,14,0,86,46,43,118,73,98,53,115,114,9,44,49,113,5,110,59,19,104,81,99,55,16,92,40,101,122,84,45,69,72,91,68,41,119,106,37,123,15,58,64,127,20,107,103,109,32,50,95,71,31,60,96,133,129,10,78,80,82,47,28,75,70,4,105,131,36,85,132,125,83,25,24,93,29,35,112,134,38,23,88,42,89,57,26,6,54
5,3
62,22,6,4,129,37,13,27,76,33,134,109,48,46,15,84,47,65,83,135,14,120,24,63,57,106,117,54,92,50,88,94,125,44,55,26,69,64,8,102,111,39,21,108,60,42,86,112,79,30,68,45,82,96,91,89,3,71,118,18,97,72,127,131,35,103,59,81,32,58,101,99,38,28,36,43,19,132,17,121,115,75,73,67,49,74,85,40,116,11,87,90,104,56,98,130,123,41,107,122,61,5,12,52,77,128,105,9,1,78,31,0,133,10,29,25,51,70,126,34,16,20,53,114,95,23,80,2,100,113,110,119,66,7,93,124
5,6
52,27,62,37,119,50,12,92,35,93,115,134,1,14,15,40,96,78,125,67,53,77,83,74,68,99,110,118,95,94,54,30,87,41,38,132,18,58,21,8,9,42,0,26,86,113,122,56,72,80,106,130,49,25,22,48,117,121,29,63,82,61,84,17,91,7,69,65,59,2,112,39,100,10,34,70,114,47,23,116,51,32,71,11,16,44,104,6,66,126,111,103,33,109,85,89,24,4,76,13,131,73,43,5,120,60,101,108,105,75,3,124,55,135,45,57,88,64,31,123,28,98,20,90,19,36,81,102,128,133,97,129,107,46,79,127
4,2
28,125,89,121,132,107,21,39,72,24,122,99,81,34,30,116,44,95,27,68,117,76,6,112,71,92,84,59,133,129,60,67,131,97,101,124,85,103,120,75,126,10,109,127,80,102,33,91,46,90,108,25,26,106,74,86,96,88,66,98,12,43,35,22,32,3,23,47,38,69,18,16,64,77,0,118,79,105,50,104,73,14,29,8,134,70,1,62,123,61,17,128,53,63,36,41,111,37,135,7,11,54,15,114,4,93,2,119,113,115,57,52,49,20,94,110,42,56,31,83,87,58,13,5,48,40,45,55,65,100,130,78,19,9,82,51
2,3
56,78,55,127,25,132,86,73,3,126,116,63,21,38,22,2,58,101,98,119,109,50,53,117,94,107,77,5,134,125,91,49,26,28,130,23,122,92,72,35,12,17,47,44,113,65,52,75,133,89,97,7,41,95,102,18,16,1,67,43,70,30,115,110,83,15,6,81,118,82,121,71,84,79,88,13,31,87,99,34,57,51,120,68,4,135,48,124,19,85,20,112,62,105,129,131,14,9,103,10,24,59,11,123,90,128,80,93,36,76,69,54,8,46,27,100,29,106,33,108,32,45,104,0,64,61,114,42,111,74,40,37,39,96,66,60
5,6
101,130,58,10,105,56,46,52,16,68,102,32,106,104,61,4,0,134,125,80,5,126,76,59,57,95,20,48,99,77,96,50,11,25,98,9,36,24,38,37,29,73,123,65,88,53,118,67,8,60,6,39,2,107,128,17,84,18,34,122,121,42,40,69,108,133,72,119,35,103,85,132,92,28,31,93,87,127,7,15,3,91,71,97,109,66,55,22,86,19,89,44,135,27,43,82,63,113,13,62,110,74,12,131,112,54,23,45,111,124,79,30,120,94,83,75,64,117,78,14,41,129,90,115,1,21,47,51,49,26,100,70,114,33,81,116
1,4
47,63,70,40,7,29,36,75,23,65,81,19,133,62,100,122,130,96,103,117,49,99,102,17,107,89,22,61,56,44,93,108,51,59,71,120,119,8,124,94,43,20,129,127,13,76,60,54,34,3,84,90,95,110,77,125,5,131,113,78,67,86,109,74,126,101,111,2,73,16,114,41,85,24,118,135,97,50,64,68,39,26,58,18,12,0,121,132,33,35,69,53,32,4,105,106,134,10,9,128,66,55,6,87,27,83,21,88,115,15,42,80,1,104,11,98,30,25,92,72,79,28,112,45,37,123,52,38,116,46,48,91,14,82,57,31
1,1
47,67,92,45,122,39,36,101,46,102,1,99,111,27,117,26,88,120,127,2,121,25,57,41,14,87,61,13,129,10,119,107,20,134,55,17,95,73,35,63,79,74,94,131,23,76,15,29,78,42,112,128,19,22,69,83,85,64,116,70,77,106,53,103,37,38,24,11,7,123,104,75,60,124,3,16,98,5,93,30,49,109,126,12,133,9,66,113,84,86,18,89,40,105,108,100,62,8,118,33,21,132,130,32,54,72,81,44,51,58,80,43,110,50,56,90,96,48,68,71,52,65,114,28,115,4,97,91,31,6,82,135,59,0,34,125
5,6
108,51,17,120,83,131,121,2,74,110,48,81,52,66,128,82,90,65,68,46,14,18,64,15,79,71,3,38,112,127,57,63,23,116,86,98,60,5,133,53,126,118,109,123,130,87,124,36,76,134,77,43,39,40,97,45,30,58,92,19,122,106,75,91,9,41,21,16,72,32,101,80,111,88,78,0,20,70,61,114,34,47,62,4,132,56,107,93,113,125,95,33,28,69,117,24,129,99,49,25,37,8,54,89,94,11,44,100,13,96,26,31,35,102,22,12,7,115,85,73,105,50,119,29,67,6,42,1,103,59,27,84,104,10,135,55
5,6
9,98,2,135,113,23,11,38,104,92,82,37,49,32,129,46,74,112,72,59,127,107,103,19,42,41,86,116,115,24,15,43,95,69,66,110,30,123,71,70,33,101,124,29,120,108,78,130,117,65,68,20,84,118,62,73,3,88,75,39,85,17,87,80,77,50,8,63,31,126,94,18,57,4,56,12,58,44,105,109,48,40,111,55,51,133,22,90,60,76,36,28,89,0,47,100,45,35,121,1,27,79,7,99,131,10,67,91,132,134,52,83,61,14,97,5,106,102,53,96,26,25,34,128,54,122,21,93,6,13,125,64,114,119,81,16
4,6
92,109,31,41,6,29,106,118,70,32,15,96,25,119,58,122,51,108,44,14,121,85,97,124,102,127,71,62,17,77,84,49,24,128,78,46,47,134,115,131,93,79,19,61,105,54,27,83,89,126,30,1,112,107,35,16,133,74,9,22,65,135,8,95,80,0,130,45,59,26,117,90,2,38,72,57,7,103,73,42,132,75,82,76,63,40,52,20,18,13,69,125,3,10,123,104,99,37,101,64,129,120,23,4,111,114,39,11,91,50,68,116,67,21,100,34,60,43,87,53,81,33,94,36,88,12,66,48,5,56,98,55,113,86,28,110
1,4
118,90,76,9,35,63,78,132,92,120,7,0,67,82,84,88,105,31,11,32,54,98,129,71,53,49,97,133,109,108,70,117,99,94,12,24,4,52,89,73,74,85,125,60,80,37,56,79,21,46,58,16,100,26,47,48,28,111,75,6,39,126,96,116,64,66,69,86,119,124,101,102,25,123,55,23,81,134,104,57,5,113,43,112,41,17,22,34,14,20,36,10,13,50,121,1,42,8,131,87,107,51,30,44,65,115,127,77,19,135,114,15,130,29,18,27,91,3,33,103,68,40,45,106,72,62,95,61,110,59,122,2,83,38,93,128
1,2
108,127,33,134,87,131,53,86,39,68,36,5,61,57,97,71,10,2,46,27,37,129,32,89,20,115,19,31,91,114,67,65,72,64,76,30,105,82,41,66,113,43,38,90,48,109,69,126,98,81,100,51,128,52,62,7,24,121,85,13,23,15,74,12,42,118,88,75,112,45,18,54,0,135,84,14,50,22,63,40,47,35,106,103,55,110,102,25,4,101,122,133,58,34,125,104,59,124,132,79,11,92,130,28,9,116,8,117,29,123,16,94,49,3,21,107,83,17,73,111,78,96,120,26,80,99,1,119,93,95,77,44,6,60,70,56
2,3
106,26,54,63,111,113,89,62,69,122,48,86,32,109,0,16,3,20,73,61,90,53,118,59,78,51,13,115,130,22,119,121,103,91,4,79,15,84,98,12,128,49,21,83,39,55,131,25,56,37,5,45,42,104,27,30,120,76,110,81,36,28,46,85,66,7,114,99,9,23,40,65,43,117,92,52,127,58,64,44,35,96,31,33,14,70,108,107,74,82,67,123,100,88,8,135,126,24,17,19,72,125,133,77,116,75,95,47,57,124,6,29,87,71,112,102,93,18,97,34,60,134,68,2,41,101,38,11,105,132,1,129,50,94,80,10
5,4
68,42,89,130,69,131,77,122,36,72,41,12,115,44,71,50,81,82,99,120,48,30,21,126,57,14,105,107,66,128,32,3,111,109,9,70,79,5,85,51,100,84,113,134,15,135,67,93,46,97,127,123,80,23,34,43,64,125,101,56,92,88,94,52,102,22,78,124,35,24,18,13,2,103,65,55,112,39,54,117,121,132,38,4,74,19,58,37,75,118,26,133,47,1,116,53,114,76,6,110,129,17,16,59,28,62,98,96,104,40,45,33,108,7,61,49,10,0,73,11,31,25,106,90,95,63,87,60,86,8,27,91,20,83,119,29
4,1
27,94,100,48,46,30,78,110,81,59,64,35,10,72,120,4,54,108,63,7,2,122,132,58,9,117,57,41,75,99,125,135,55,114,3,82,95,90,32,37,13,51,118,0,43,119,45,20,24,106,29,129,88,79,84,60,91,53,85,11,14,112,42,86,67,56,70,66,38,83,127,115,121,124,5,101,52,62,1,39,74,23,102,116,47,77,21,105,16,128,28,50,15,109,68,123,93,76,19,6,103,111,65,12,89,49,107,44,61,17,80,73,97,87,22,96,126,18,69,8,71,25,113,36,98,131,31,40,34,33,26,104,134,130,92,133
4,1
81,90,24,14,5,124,10,76,116,73,63,127,49,53,93,21,125,100,101,67,102,44,79,13,4,1,11,39,94,123,64,23,105,20,68,130,26,84,66,108,41,120,82,58,69,38,55,61,131,3,88,128,114,54,98,59,34,25,80,135,12,15,97,115,0,22,29,111,113,107,7,47,40,122,110,74,37,95,30,48,36,35,129,112,42,28,103,50,117,43,72,134,119,83,31,65,75,57,52,33,106,27,51,70,126,78,132,109,86,8,6,32,9,77,71,87,104,56,133,18,46,45,96,99,16,118,92,89,121,91,62,85,17,2,19,60
3,3
30,38,93,45,117,77,37,86,89,110,11,113,6,28,85,114,119,90,17,20,115,126,96,15,47,92,32,75,12,13,95,133,25,129,23,122,105,14,43,100,35,8,134,18,2,3,83,84,135,69,62,102,5,7,21,111,71,16,0,33,63,101,34,104,67,127,118,39,44,79,82,109,87,60,91,64,81,98,49,40,78,131,27,26,9,73,80,130,107,121,58,125,120,24,53,66,51,46,68,59,94,103,55,116,97,106,48,61,76,70,99,57,128,54,31,1,124,74,132,72,123,29,36,65,42,108,112,56,19,10,41,50,88,22,4,52
6,3
67,4,6,38,66,12,105,123,128,17,49,70,95,63,10,41,120,25,65,34,29,46,103,73,14,7,0,97,86,47,43,39,60,99,90,19,89,32,53,77,16,135,40,26,124,76,122,118,87,11,51,80,104,112,113,88,5,109,69,22,116,56,61,107,117,20,133,74,98,68,23,52,28,111,127,129,75,82,44,58,81,130,119,27,131,2,18,15,42,59,1,48,55,9,24,45,64,85,114,62,126,100,37,115,78,35,134,72,93,3,71,31,96,54,108,121,13,50,84,36,102,125,8,33,83,101,110,79,57,106,94,21,92,30,91,132
6,5
66,44,18,2,78,134,6,112,95,45,117,132,122,47,19,124,88,9,30,100,65,21,39,76,89,53,10,23,67,1,87,97,127,82,114,101,4,38,130,3,41,61,55,86,24,25,27,105,79,75,36,119,33,40,16,91,7,131,26,103,123,43,58,12,104,81,56,48,109,34,115,63,32,51,92,135,49,31,110,83,99,113,77,60,14,11,98,15,120,13,70,59,90,17,35,73,129,68,57,106,62,54,8,84,93,37,72,102,52,22,111,107,133,69,50,42,71,85,108,96,126,46,20,5,125,94,80,0,29,128,121,64,118,28,74,116
3,1
74,38,70,43,20,22,63,89,33,53,15,134,12,65,62,1,130,84,107,112,93,88,92,23,133,50,52,14,122,0,46,81,132,64,73,110,96,79,59,113,58,13,7,125,35,28,135,36,24,87,116,9,126,29,34,37,2,83,105,102,101,109,66,19,54,57,16,120,123,100,4,90,32,76,121,104,55,49,25,11,94,119,97,98,41,127,26,60,82,114,42,44,45,77,68,131,67,124,128,99,56,111,30,103,91,48,47,31,21,17,39,27,86,108,106,78,72,5,85,115,40,6,80,118,71,129,18,117,69,8,10,75,95,61,51,3
3,4
73,105,132,125,114,78,59,81,61,82,135,68,22,95,99,64,71,49,28,29,113,89,53,45,23,32,84,27,128,31,30,126,48,36,112,38,110,51,58,75,117,93,14,115,87,79,74,17,62,2,7,50,63,85,109,1,34,19,103,131,129,65,52,13,20,55,134,24,69,43,76,121,100,41,116,94,33,106,130,83,127,25,18,104,88,57,123,72,11,3,46,80,111,97,60,56,98,21,47,0,5,12,42,118,108,54,122,92,9,4,101,90,107,37,124,86,96,77,6,133,67,10,119,16,8,40,102,39,120,35,26,70,44,91,15,66
5,2
10,91,20,94,29,109,68,35,54,100,116,92,97,67,32,33,113,27,101,1,25,21,134,22,121,133,135,42,51,131,89,11,8,58,71,14,47,16,88,125,15,99,106,108,98,19,26,6,84,65,132,123,7,31,114,61,74,72,118,104,117,12,130,56,9,4,23,39,18,41,13,83,24,102,57,69,50,115,119,112,37,120,64,80,103,66,96,129,34,46,76,85,60,70,105,30,81,82,36,111,73,122,38,43,62,79,28,40,86,124,90,63,107,48,44,0,49,87,128,17,127,53,2,55,95,45,126,3,5,78,75,52,110,77,93,59
4,3
35,6,14,5,105,134,12,36,37,77,133,88,30,131,79,89,121,82,118,13,123,26,38,28,21,84,64,69,67,44,19,54,32,50,101,42,122,72,100,124,58,103,112,24,127,80,66,130,33,129,4,74,81,71,20,102,34,99,62,126,7,83,96,78,45,31,117,91,9,27,106,25,94,10,48,76,3,23,8,63,41,70,108,109,46,90,116,15,53,11,87,2,104,86,43,68,119,93,98,65,114,125,55,95,113,56,73,135,1,57,128,97,132,61,51,47,39,29,40,110,0,59,60,115,52,22,92,16,107,49,17,85,75,18,120,111
1,3
90,95,57,63,100,14,39,69,121,30,71,13,59,35,36,26,116,3,20,131,76,122,19,67,44,110,128,4,55,16,106,75,102,108,43,23,15,92,53,58,114,10,5,115,32,129,107,24,34,17,38,101,120,65,29,127,91,61,79,111,126,51,1,94,68,132,97,81,123,125,48,98,64,109,33,78,80,105,72,49,74,84,52,85,47,28,56,134,82,87,60,54,0,6,130,45,133,83,46,22,11,27,37,7,119,50,113,73,89,124,9,112,2,103,21,86,8,70,66,99,40,135,12,42,118,93,96,18,104,41,25,88,62,117,77,31
3,4
40,49,127,31,38,57,109,16,51,53,21,29,82,119,134,81,122,79,39,105,34,116,68,84,26,45,6,120,43,28,113,108,112,78,0,69,130,121,67,59,73,17,65,124,117,129,4,56,58,36,12,115,132,96,126,11,125,98,86,131,46,52,42,114,63,102,47,48,23,118,22,27,30,25,93,71,20,77,2,87,3,91,135,15,94,61,74,64,88,103,10,35,80,13,37,75,76,110,83,50,97,18,8,89,107,44,19,32,1,14,24,54,9,33,111,5,90,70,99,7,92,100,60,133,55,106,95,72,62,104,123,85,41,101,128,66
5,5
84,92,59,109,95,44,121,51,104,64,82,114,101,41,83,7,28,122,88,56,116,18,132,107,27,97,90,1,76,0,57,117,63,123,25,68,135,100,33,49,75,129,91,93,119,60,118,105,38,4,36,89,58,115,54,124,99,134,13,52,39,53,3,120,22,65,126,62,11,66,40,48,37,26,94,45,34,42,79,32,127,9,6,61,72,71,47,96,50,16,19,70,17,111,29,2,125,102,30,85,113,112,131,108,128,130,10,133,103,8,23,35,43,73,21,110,15,78,80,98,74,106,55,5,12,24,77,67,86,87,14,69,46,81,31,20
6,6
52,28,10,13,0,63,129,111,82,8,116,32,135,14,12,57,68,97,117,93,96,58,3,132,61,118,94,123,54,59,41,121,85,128,69,77,72,22,60,39,105,65,45,56,89,6,84,47,108,134,30,107,33,122,42,62,103,24,48,71,100,73,70,106,87,126,29,34,16,4,31,64,90,23,83,66,99,130,125,9,21,55,51,112,7,50,17,88,104,67,79,78,86,91,53,1,74,101,127,49,19,5,40,46,119,2,113,76,15,120,25,110,36,115,75,38,20,133,109,131,92,44,18,95,43,35,27,26,98,114,80,124,81,102,37,11
6,6
44,89,15,28,128,65,80,22,32,68,105,40,7,41,64,0,56,125,60,66,36,76,90,83,119,49,81,24,67,37,92,86,95,88,5,54,59,91,100,99,38,72,84,135,30,43,115,42,102,133,10,50,29,134,11,96,71,113,106,132,12,120,48,70,16,101,121,122,77,8,124,2,61,103,75,20,21,34,52,14,55,57,111,93,78,131,35,127,112,4,63,129,45,58,17,94,33,23,107,116,130,13,74,82,85,126,31,87,97,51,118,27,19,98,114,25,109,123,108,26,69,1,53,47,104,3,62,117,9,79,39,18,6,73,46,110
6,6
110,112,122,46,38,72,7,11,26,4,44,27,3,32,120,1,30,52,111,25,67,99,59,48,17,98,55,123,130,129,71,104,63,23,42,100,87,24,13,86,109,22,121,92,58,76,28,91,114,70,85,62,31,103,117,105,83,97,125,20,40,54,118,88,134,101,95,43,0,35,127,14,56,93,61,119,51,45,89,60,6,69,74,12,21,106,65,34,15,47,90,96,108,9,49,102,50,107,80,115,33,64,37,5,82,75,124,73,16,79,10,39,19,133,78,84,29,131,18,94,113,36,66,81,2,41,77,8,57,68,128,53,132,126,135,116
6,5
129,10,36,79,48,4,75,63,130,56,112,114,123,92,132,126,7,133,6,107,30,17,53,119,60,16,32,98,65,97,117,68,122,39,73,0,1,99,55,18,134,127,88,105,80,109,9,82,113,110,46,54,85,101,84,124,31,78,2,28,81,94,33,62,108,116,118,44,14,34,111,74,43,37,104,22,52,26,90,3,49,115,121,72,24,86,83,40,93,89,100,95,38,96,59,11,64,128,19,103,51,42,35,102,21,66,47,5,135,70,106,15,77,41,76,58,57,13,91,87,125,12,27,8,23,131,45,69,67,120,61,20,50,71,25,29
6,1
69,91,15,127,49,100,114,112,44,34,6,30,48,71,102,135,93,14,111,130,70,96,0,5,67,90,60,32,53,56,126,124,64,101,118,55,17,88,24,8,80,109,89,27,66,72,59,61,68,85,134,20,86,106,46,92,65,62,7,36,107,78,18,43,77,117,37,98,123,81,3,31,133,125,2,4,132,87,121,12,113,79,120,57,11,74,73,52,84,28,82,35,104,131,29,122,116,38,13,1,58,39,103,108,129,54,99,16,33,128,110,9,22,115,83,42,40,51,75,21,45,97,41,26,105,47,119,19,63,94,76,95,10,23,50,25
3,2
56,0,95,58,124,72,118,64,37,15,133,70,100,130,36,101,78,57,27,22,9,110,125,111,46,75,114,134,40,26,108,68,5,61,84,105,128,60,13,20,51,8,21,4,127,42,112,2,47,29,126,82,103,71,123,86,106,33,104,69,53,24,102,113,76,23,97,39,48,30,67,92,28,122,66,62,89,94,38,107,12,109,91,115,49,81,120,59,90,10,52,77,1,18,3,98,19,7,96,63,135,45,44,129,11,17,50,116,35,73,79,6,93,121,14,34,80,74,85,99,16,87,132,32,131,43,54,25,31,88,117,65,41,55,119,83
4,4
19,40,120,68,115,72,21,44,39,48,57,132,70,35,8,9,67,114,61,54,101,11,22,5,88,15,111,92,109,36,128,4,38,41,96,25,108,7,55,105,80,135,81,56,75,14,66,98,84,126,59,51,89,97,65,83,118,52,23,46,0,103,16,99,76,129,58,12,31,10,24,100,94,113,37,134,133,53,71,79,62,74,130,42,93,86,3,60,107,95,2,20,131,78,6,87,102,90,29,30,26,18,110,34,33,13,123,82,17,64,125,27,43,47,116,69,28,121,106,119,50,127,32,124,73,77,1,122,49,91,117,45,85,104,112,63
3,4
73,131,51,75,48,7,115,30,26,12,126,34,32,57,38,87,22,116,2,29,52,81,133,93,99,56,80,68,71,132,36,129,74,67,8,58,42,50,60,54,96,108,19,101,33,89,107,118,55,135,61,24,125,114,45,27,83,63,85,105,47,113,109,86,97,78,41,44,72,13,14,65,11,92,40,31,28,128,46,106,127,100,5,18,102,3,39,77,76,25,35,117,82,122,79,0,53,1,20,10,21,98,59,112,134,120,62,130,91,119,104,16,84,15,121,70,90,66,9,4,123,103,37,111,95,124,6,17,110,64,43,94,23,69,49,88
1,6
93,45,2,8,14,62,13,3,92,133,11,34,42,7,127,108,112,38,77,48,39,41,74,21,4,105,15,95,106,81,115,80,25,89,73,98,78,68,101,122,53,6,82,35,113,128,72,59,134,69,96,129,88,109,75,40,9,117,65,102,79,120,1,36,29,26,123,5,131,66,22,10,118,33,0,85,23,61,24,49,67,57,54,12,70,56,60,135,99,114,71,86,58,76,126,17,97,110,119,124,43,37,111,107,90,91,132,104,83,20,51,84,55,94,130,121,16,100,19,50,46,125,18,47,52,27,44,31,64,116,63,87,30,103,28,32
2,4
129,27,102,83,133,0,99,75,130,60,93,104,127,68,8,76,117,112,59,120,39,14,41,2,65,122,32,7,50,87,53,51,13,26,30,3,24,9,80,12,106,33,82,67,20,132,71,25,90,10,40,18,78,134,115,42,128,44,46,56,73,23,131,126,81,111,109,88,114,103,31,43,6,119,77,29,69,116,121,45,94,97,54,17,21,95,19,22,118,64,105,57,108,124,38,96,113,55,98,135,52,66,62,4,92,107,16,36,58,47,79,48,89,15,72,37,35,84,85,49,74,5,63,125,123,110,1,61,70,11,100,34,28,101,91,86
1,3
38,92,51,7,108,89,97,83,21,33,50,57,77,122,48,1,85,95,90,53,104,76,65,39,91,96,23,129,116,105,79,36,135,8,75,31,27,26,58,74,17,94,14,130,55,0,68,11,13,41,73,60,2,9,115,24,46,3,107,29,34,121,42,113,118,100,43,59,18,67,30,22,80,54,45,101,15,61,81,16,128,86,6,134,84,10,44,127,112,88,125,99,69,37,5,49,123,126,32,71,20,82,62,110,52,78,103,35,124,56,72,111,25,93,12,87,4,131,132,120,66,47,106,119,114,64,98,40,19,102,70,117,133,28,109,63
5,5
107,133,112,59,9,38,4,47,134,121,118,116,3,132,41,103,27,67,88,24,127,30,114,34,22,26,128,99,111,87,113,83,86,120,79,21,126,61,93,32,94,53,58,66,25,60,108,36,2,33,97,57,102,119,43,123,63,20,37,81,10,135,124,71,130,69,28,65,73,29,89,17,77,23,11,46,75,91,80,19,96,56,64,110,131,68,14,13,51,54,39,125,129,1,84,35,85,5,90,109,42,122,50,45,92,55,78,49,95,101,105,52,7,15,115,16,104,62,70,40,18,48,44,74,117,31,0,76,82,8,72,6,98,12,106,100
2,1
101,25,22,64,109,9,106,85,5,37,41,45,18,135,28,27,93,47,118,52,100,110,77,92,36,81,55,95,90,13,26,131,96,60,133,66,69,30,32,78,24,88,61,70,62,50,15,120,126,0,33,73,80,94,12,123,7,75,54,40,89,48,125,97,21,117,6,65,17,82,20,43,34,104,59,83,53,38,79,3,39,107,14,76,91,49,68,87,72,121,128,114,86,129,29,8,98,119,56,31,102,42,103,113,105,44,124,63,71,122,35,112,58,116,19,2,127,1,46,111,23,134,132,51,4,99,115,16,10,74,57,84,108,130,11,67
1,6
135,120,94,102,123,73,105,108,56,62,74,22,4,59,19,60,52,121,96,109,84,54,103,127,35,116,3,77,134,61,32,9,29,16,10,2,41,92,37,114,68,42,27,133,20,125,129,36,7,128,95,55,80,39,104,112,69,11,89,91,78,99,90,131,126,13,81,113,23,58,51,44,14,110,75,83,88,79,6,97,15,43,30,72,34,118,40,57,130,65,111,53,124,5,12,46,115,28,8,76,71,93,82,132,100,31,38,24,21,1,117,17,87,47,50,67,119,106,122,66,86,107,70,85,64,26,45,33,48,18,25,101,0,49,98,63
4,2
89,85,105,64,4,108,98,57,59,48,26,92,81,16,95,33,67,73,8,83,120,49,75,18,130,123,17,82,132,79,90,25,109,119,31,77,103,45,65,72,88,97,106,54,13,118,23,41,1,126,91,80,134,78,40,84,24,115,125,37,3,127,111,7,10,71,68,9,76,44,62,27,117,129,12,86,34,29,110,70,107,56,52,131,112,122,135,61,87,14,50,15,63,113,38,94,93,28,60,128,51,121,43,124,5,74,99,96,22,21,35,69,116,42,104,30,46,114,20,0,101,133,19,66,36,102,100,39,11,6,47,55,58,32,2,53
6,2
40,94,51,127,97,78,17,66,62,35,65,23,56,133,70,84,53,119,30,42,15,38,18,0,41,73,83,69,128,93,74,34,46,102,113,88,120,129,7,104,54,82,19,24,116,96,71,26,4,31,52,109,130,10,103,32,86,64,114,43,49,92,45,14,115,50,20,126,21,44,111,110,5,12,121,101,37,75,57,118,9,108,67,107,100,117,135,77,27,68,99,91,3,134,39,105,63,55,48,131,124,112,132,29,13,72,98,6,60,25,61,11,90,28,76,95,59,1,58,80,85,87,8,81,79,2,122,16,89,36,123,22,33,125,106,47
5,4
78,15,91,83,70,73,40,87,125,61,89,127,123,101,81,16,130,108,106,51,27,80,120,48,113,58,44,71,20,47,94,52,112,46,104,9,11,116,19,77,95,117,90,26,82,92,13,36,35,18,128,39,32,3,107,12,2,88,66,67,8,110,28,29,121,74,25,118,126,84,5,54,85,10,65,131,103,135,129,133,86,33,122,1,76,23,68,30,7,55,17,69,79,119,63,98,49,43,42,22,0,41,64,34,57,134,37,56,115,45,93,124,105,38,50,132,59,21,24,4,72,97,109,114,14,111,100,99,96,75,102,60,62,31,53,6
1,1
91,29,105,123,22,112,41,131,78,85,134,56,57,3,81,109,10,54,80,86,135,68,77,45,65,87,110,97,46,34,35,98,33,40,27,127,75,114,59,122,47,99,124,79,30,92,58,20,4,51,103,48,95,31,61,125,76,74,88,118,64,63,11,96,128,43,39,108,102,73,6,16,8,107,129,38,113,66,9,23,130,49,50,14,67,82,32,37,94,1,26,70,120,17,0,62,19,117,55,13,69,53,101,71,106,111,44,126,12,132,104,52,83,89,25,60,100,2,42,121,18,28,116,90,21,7,115,133,84,15,24,5,36,93,119,72
4,5
114,50,73,3,2,63,14,98,57,33,11,76,85,47,32,115,111,128,70,78,9,5,8,34,72,119,60,81,23,51,100,71,58,43,87,29,109,42,61,79,75,77,116,54,126,112,37,95,135,107,102,117,10,55,86,24,26,90,74,94,31,127,18,93,53,41,44,89,121,92,108,129,48,65,88,12,6,125,62,122,21,38,40,35,15,16,27,133,68,118,134,66,49,46,0,80,20,30,64,106,103,56,132,28,113,25,123,120,36,13,19,105,99,22,91,82,7,83,104,4,84,101,130,1,97,110,69,67,45,52,17,96,39,131,59,124
3,1
15,108,134,40,81,54,116,117,51,56,122,95,106,36,115,104,23,85,112,10,74,86,120,128,63,27,59,33,61,76,124,52,17,64,73,39,66,83,68,107,55,114,47,2,20,87,22,26,6,34,41,28,53,82,89,49,42,38,80,57,31,25,19,103,67,30,118,1,24,129,8,102,71,91,105,127,92,29,18,94,99,60,77,101,109,4,90,100,96,97,93,50,110,98,119,46,0,113,13,121,62,45,16,126,44,123,132,32,12,88,21,125,3,111,14,37,135,78,84,58,11,69,7,9,43,131,48,79,65,133,35,75,5,130,72,70
5,1
52,59,9,49,133,110,53,48,108,54,117,111,69,15,130,20,19,16,24,68,57,61,88,107,51,116,120,60,55,124,65,87,83,46,36,30,14,128,74,5,17,104,85,44,43,1,64,94,0,102,39,123,112,76,125,132,99,41,70,90,91,114,103,115,79,47,63,109,58,27,96,100,26,40,75,81,45,93,71,37,89,31,67,28,32,23,127,72,131,77,8,78,4,13,29,122,82,119,135,129,97,62,98,106,10,105,66,84,126,121,73,134,22,25,35,21,86,7,80,118,113,34,11,3,33,101,12,6,50,38,92,18,2,56,42,95
6,5
115,57,119,23,20,75,99,127,21,35,11,85,87,98,24,93,114,48,16,110,5,123,17,124,83,54,12,51,82,116,6,47,74,13,80,71,31,121,102,79,113,104,131,92,8,33,46,90,59,53,28,40,39,32,96,72,132,70,18,37,130,126,55,4,9,88,42,7,56,103,107,43,36,29,81,67,68,62,94,125,26,66,52,44,34,77,135,133,14,134,45,111,61,1,97,73,112,128,58,22,69,91,41,30,120,86,64,129,38,84,118,2,122,106,25,3,65,109,101,78,10,76,49,100,0,15,89,105,50,60,27,63,95,117,19,108
6,1
126,82,16,28,74,34,117,8,134,73,109,108,65,21,89,81,100,4,106,80,118,120,30,55,110,84,41,86,10,129,69,3,102,7,116,135,125,35,67,0,132,90,103,44,51,60,46,36,24,91,32,128,87,104,59,40,11,77,64,130,45,112,115,68,93,119,122,6,19,75,88,53,38,99,9,22,78,58,79,66,97,1,70,29,123,18,72,94,20,42,49,37,98,61,54,71,62,31,12,15,76,85,25,92,26,83,23,27,57,33,5,43,96,52,127,101,47,14,2,131,17,121,105,95,50,124,39,107,48,133,114,63,113,13,111,56
2,1
