82,103,118,88,69,135,112,10,91,13,124,109,99,28,122,59,111,23,36,85,6,77,129,48,46,68,49,80,43,5,127,33,37,66,52,22,120,29,89,31,15,51,130,25,121,57,84,107,47,90,4,113,100,108,64,131,105,106,38,55,132,97,21,63,60,123,96,42,56,72,67,62,17,75,54,61,2,115,58,86,26,87,19,134,16,0,9,14,94,71,74,101,133,27,8,98,116,65,119,126,12,73,30,3,34,39,110,102,125,117,95,92,7,41,79,76,40,24,35,93,70,44,1,11,45,18,50,128,104,20,53,78,114,32,83,81
3,5
68,121,60,132,38,96,47,78,71,9,112,33,103,127,8,100,48,62,124,4,32,125,23,29,119,104,16,5,130,95,42,77,15,135,27,82,111,34,69,94,113,74,22,20,89,128,49,117,25,114,63,115,129,56,31,24,30,40,67,45,0,2,52,120,21,105,109,93,3,28,75,55,59,46,64,101,61,72,36,6,19,98,76,99,92,90,84,57,87,122,65,17,118,126,102,97,85,91,54,11,80,41,26,83,50,86,133,53,106,18,108,123,14,66,79,35,44,88,51,81,13,110,58,10,107,116,12,73,134,43,7,39,37,131,1,70
3,3
69,79,62,131,34,77,116,74,117,111,47,100,8,56,22,125,60,73,28,66,9,90,132,65,95,130,92,82,4,39,53,46,63,84,129,94,119,114,126,133,127,101,107,5,102,17,12,38,23,78,67,61,134,16,49,36,115,109,26,10,124,85,30,13,25,70,2,3,57,121,50,91,33,40,128,68,48,118,20,24,72,89,6,113,21,71,99,0,112,27,108,81,96,103,80,135,54,15,76,51,52,83,75,122,105,88,19,14,37,29,97,18,45,110,31,7,55,106,35,41,58,64,11,32,98,104,123,1,59,93,44,120,86,42,43,87
2,3
57,30,56,72,20,38,33,124,68,133,32,98,70,94,14,11,108,91,10,61,134,85,7,46,45,67,2,23,101,110,99,54,102,60,13,25,71,117,126,18,40,129,97,43,121,26,74,0,15,132,6,119,69,111,103,90,28,104,62,16,35,9,49,29,17,55,12,115,58,83,41,127,75,34,73,93,106,59,105,3,48,53,84,112,5,42,89,1,4,96,114,86,120,31,88,39,44,92,50,19,27,24,52,118,22,76,37,64,65,125,79,78,100,77,87,36,66,123,122,80,135,82,51,63,130,8,21,95,116,113,81,128,107,131,109,47
1,4
94,101,132,1,74,92,17,65,24,42,73,53,61,72,19,131,37,100,32,78,23,48,5,60,11,22,106,79,109,88,38,3,119,111,130,63,125,34,27,108,93,59,62,71,55,21,35,67,123,28,87,49,16,12,0,10,31,81,57,15,89,66,41,117,116,75,99,112,85,121,30,36,82,76,56,54,50,18,8,122,83,20,84,58,2,128,86,52,51,107,4,43,77,95,70,91,133,97,47,29,44,96,25,124,90,98,39,114,103,46,69,134,33,102,13,135,68,64,9,80,118,110,120,7,115,104,127,129,126,14,40,26,6,105,113,45
1,4
25,35,56,2,29,90,23,76,132,61,11,17,131,103,19,47,22,38,81,80,41,82,69,24,49,88,130,107,72,79,97,104,119,57,58,125,4,70,110,51,65,111,55,15,116,36,60,37,95,75,32,101,0,12,9,99,106,121,73,133,26,114,105,117,86,10,94,6,48,102,135,63,13,5,91,109,112,42,74,59,52,30,92,18,118,85,46,115,54,34,113,83,31,120,8,100,89,62,28,96,7,122,98,43,45,3,44,78,27,134,127,21,66,84,108,77,33,87,14,16,68,124,20,64,126,128,50,67,1,129,39,93,71,123,40,53
6,4
45,17,130,68,125,5,42,102,47,120,20,105,50,39,89,63,110,60,65,134,32,15,66,57,25,58,48,104,13,123,75,29,126,85,26,22,90,54,6,30,131,79,64,52,82,0,117,92,80,23,49,40,3,124,98,118,72,116,111,115,19,37,78,109,35,87,18,12,70,132,8,1,33,43,103,91,7,4,21,133,88,55,81,101,108,73,53,71,44,38,127,69,100,11,84,51,128,106,95,97,59,74,99,67,2,31,94,46,41,76,119,61,121,28,14,56,93,34,113,16,86,9,62,112,27,114,24,10,96,83,135,129,77,107,122,36
3,6
53,116,128,122,85,109,64,33,69,34,65,8,81,121,132,102,108,80,117,120,119,30,47,17,75,13,105,21,76,37,2,71,83,40,24,106,62,111,125,112,26,87,68,135,16,35,1,25,3,5,51,61,36,11,107,89,123,131,79,46,110,6,23,93,32,103,59,66,28,20,96,44,22,4,115,27,63,114,42,130,82,15,7,118,54,133,90,100,55,104,126,77,98,14,57,95,99,48,45,67,9,113,84,39,78,101,74,127,56,97,52,124,70,94,60,41,38,31,92,91,129,29,49,72,12,43,88,58,134,10,73,18,0,50,19,86
1,2
78,48,26,83,113,7,51,85,57,76,77,17,39,117,66,15,126,50,96,9,54,29,58,56,64,44,47,25,19,23,65,62,60,109,129,59,43,104,16,32,112,135,87,122,108,81,42,119,27,94,99,114,13,123,98,82,68,90,36,79,128,3,14,115,101,18,30,80,61,93,34,0,10,1,31,134,107,103,2,133,111,28,53,120,11,74,131,127,92,132,97,116,95,8,21,121,105,72,37,102,33,41,71,124,6,75,24,84,130,70,86,67,118,106,40,125,38,52,5,63,69,91,20,46,4,88,12,35,45,73,49,100,22,89,55,110
3,4
33,68,97,53,87,35,100,42,127,113,29,128,109,31,14,135,23,117,91,15,36,105,21,2,111,81,92,64,7,50,24,101,3,27,110,129,112,72,0,114,45,58,66,6,9,26,131,88,108,95,62,90,107,130,8,28,124,34,122,73,86,16,51,56,69,30,22,119,17,10,47,118,60,37,48,55,96,80,11,39,74,79,44,75,43,123,83,125,25,70,99,63,126,85,120,94,89,32,71,52,82,19,116,54,1,106,59,133,93,115,41,18,40,61,104,76,12,98,5,121,65,57,46,77,134,78,4,67,84,103,49,38,20,13,132,102
3,3
92,1,69,117,93,134,85,40,109,26,47,48,88,116,71,112,33,128,17,29,120,76,14,106,124,34,110,59,43,79,81,6,3,82,95,130,64,94,8,129,31,11,50,99,22,4,73,35,125,131,53,84,61,74,72,83,58,87,49,32,20,42,23,24,39,9,77,113,12,28,101,78,104,90,55,30,19,13,96,52,107,10,21,135,66,46,126,15,103,56,132,98,70,60,37,100,45,105,108,27,16,119,54,57,111,36,67,122,5,75,114,63,7,118,97,51,62,44,89,133,38,41,127,115,65,80,2,121,0,86,102,123,91,68,18,25
6,3
82,46,20,31,32,22,128,40,113,62,68,45,5,42,84,25,87,118,54,130,96,38,86,108,55,63,105,28,104,27,75,69,35,102,66,0,133,81,36,79,34,91,23,51,90,7,18,88,4,1,121,125,123,107,132,65,74,16,15,64,78,24,59,122,50,17,85,114,10,52,61,67,120,77,39,100,6,117,98,94,26,103,127,49,2,44,131,109,57,14,97,115,76,71,112,89,53,56,73,37,60,41,110,134,70,92,43,48,11,47,72,9,106,83,33,126,21,93,3,111,129,95,13,8,19,80,101,99,124,12,29,135,119,116,30,58
6,1
105,8,101,89,38,43,25,131,13,96,99,73,36,100,69,79,111,27,102,88,71,68,119,31,15,95,41,128,120,114,21,50,72,85,9,20,23,65,127,60,2,57,17,26,35,135,75,87,66,134,46,97,18,108,61,90,22,93,11,76,104,30,19,67,48,115,37,33,58,123,74,91,94,133,86,24,126,92,47,0,28,112,125,3,110,6,98,42,116,14,121,80,44,10,113,34,103,81,53,7,4,45,106,109,130,83,32,12,1,84,54,59,70,55,5,56,117,82,118,132,64,29,52,40,63,77,16,78,39,49,124,51,107,129,122,62
4,4
79,62,111,58,4,130,87,5,123,44,132,9,51,21,3,2,106,68,93,60,36,89,43,48,115,14,83,107,131,126,101,129,18,17,125,37,20,7,46,109,24,66,22,133,121,32,96,86,94,117,40,118,77,81,59,113,41,27,53,16,103,39,108,102,78,15,82,42,69,54,49,105,88,19,114,76,61,50,13,67,74,124,57,26,98,28,47,110,23,84,65,70,55,85,90,122,38,75,45,52,100,71,73,25,99,91,134,112,8,0,6,1,128,127,92,72,10,120,34,80,135,116,95,64,31,12,63,29,119,104,56,35,11,33,97,30
1,3
119,68,25,70,31,19,41,55,104,76,24,56,101,53,78,109,26,27,87,73,38,59,43,130,131,39,9,54,93,30,16,103,6,91,95,127,15,128,49,18,40,37,50,105,29,90,10,86,46,66,45,102,62,23,17,7,44,72,115,110,34,124,132,14,92,64,106,100,69,83,118,114,60,133,82,96,3,12,0,21,20,126,121,36,113,5,8,111,22,80,67,2,28,85,4,63,35,32,84,123,135,58,33,75,48,42,79,129,108,1,120,61,81,94,125,98,97,122,88,117,13,99,77,52,116,107,71,11,74,89,134,65,51,47,112,57
3,1
16,106,93,133,17,126,121,90,79,64,110,57,25,130,82,0,23,105,1,71,116,13,135,47,2,49,36,84,54,68,65,46,77,91,122,44,100,41,18,4,8,9,111,73,115,97,14,118,124,70,117,95,3,119,125,43,60,112,15,83,76,62,114,102,26,86,104,74,27,128,20,34,131,61,63,101,103,7,132,94,72,92,107,52,109,59,85,10,53,89,48,11,45,21,35,50,96,99,28,24,33,38,127,67,108,134,123,30,78,80,129,40,113,55,81,87,32,5,6,29,51,56,120,39,58,69,12,31,88,66,75,98,22,37,42,19
1,2
51,127,135,106,59,50,111,110,133,79,76,4,132,125,36,65,63,71,77,73,38,117,83,62,126,112,34,115,60,128,53,42,24,89,92,1,114,98,109,107,99,26,131,22,85,17,75,31,21,88,6,116,104,68,56,93,103,32,70,87,9,44,74,58,7,8,97,30,80,16,13,18,33,69,123,67,52,94,82,121,54,122,130,49,105,90,48,100,19,45,43,61,55,39,120,84,29,86,41,118,119,81,10,129,15,113,3,66,102,40,124,101,46,23,2,5,108,37,47,20,91,14,72,27,28,25,35,96,134,57,78,64,11,12,0,95
3,6
113,55,41,32,119,7,82,27,131,134,36,11,14,75,12,17,68,81,105,42,71,78,132,112,98,62,38,107,15,117,91,87,3,85,121,1,43,88,23,47,99,122,67,106,35,83,89,8,39,73,77,2,84,129,49,24,50,37,80,103,108,40,9,109,135,92,126,53,21,65,25,56,70,0,26,10,6,22,28,97,4,93,51,123,61,63,101,30,60,124,104,54,86,48,79,44,52,95,120,116,66,13,59,74,18,72,19,125,31,33,76,127,90,115,5,111,57,94,45,96,102,128,58,69,130,29,118,110,16,114,100,34,46,20,133,64
3,4
25,70,127,66,4,35,14,126,117,133,55,123,72,110,79,109,134,86,82,26,116,85,76,125,71,29,65,22,106,34,115,61,93,67,36,45,50,48,128,8,105,90,98,94,88,49,103,9,131,53,130,15,119,10,13,91,78,100,83,54,74,122,108,112,135,39,42,58,46,62,38,102,92,0,19,104,7,27,101,129,114,6,64,44,23,111,107,89,81,37,124,30,11,3,20,1,18,69,16,28,59,47,31,73,132,84,24,113,41,51,87,121,40,80,120,56,68,12,95,2,77,118,99,17,63,96,57,33,52,21,32,97,60,5,43,75
1,2
48,42,126,134,63,17,93,45,90,60,103,68,97,100,87,91,15,89,25,112,64,94,88,109,131,124,73,98,81,101,62,0,130,4,85,128,132,8,102,117,43,106,116,57,65,59,19,26,99,129,32,35,34,53,28,77,61,9,82,11,96,36,30,47,16,78,66,27,110,107,105,86,115,5,13,21,133,135,50,29,38,23,37,12,49,92,95,111,76,40,69,3,114,2,75,7,71,67,79,51,54,72,52,44,14,6,127,22,84,18,74,123,120,118,104,113,55,125,10,46,58,70,39,80,122,31,1,56,119,33,108,83,121,41,24,20
4,6
60,107,16,62,80,95,17,122,25,134,110,27,119,113,85,82,9,109,100,49,115,117,73,63,132,120,26,33,55,135,30,18,127,97,69,70,8,68,90,23,57,29,1,13,50,114,32,91,34,45,20,129,81,7,123,52,108,35,86,83,98,67,89,103,77,58,22,56,125,104,105,24,102,93,39,21,11,65,14,51,59,54,66,3,28,44,106,92,4,5,126,36,131,47,75,130,74,128,72,40,116,79,124,88,78,101,112,2,118,6,71,76,87,46,111,19,64,0,15,42,99,133,121,48,94,12,38,61,10,53,37,41,96,84,43,31
3,5
3,27,118,54,44,97,90,21,41,120,96,13,55,81,18,88,68,109,17,111,31,77,123,30,134,39,38,67,85,33,63,84,125,23,35,4,86,116,29,0,117,106,64,75,19,48,6,87,12,122,102,92,46,2,62,119,132,16,71,34,66,74,1,82,40,104,110,70,43,61,121,14,8,22,78,56,52,95,133,58,7,99,103,124,28,49,26,79,128,115,20,24,83,93,107,10,60,76,65,9,113,32,131,126,114,135,69,15,130,73,127,51,108,25,53,101,94,112,100,72,57,11,59,36,47,45,89,42,37,129,50,5,105,91,98,80
5,1
53,131,5,91,77,101,72,90,25,45,125,19,130,93,24,36,102,132,94,42,21,23,114,16,9,14,78,6,96,2,8,100,58,51,103,20,57,135,86,1,73,81,74,11,71,61,33,28,120,108,105,49,76,126,39,60,55,80,26,127,12,134,89,35,111,79,22,13,15,128,56,50,123,99,116,75,62,70,64,30,0,44,68,40,83,66,17,63,46,97,38,4,88,98,129,48,29,113,115,95,37,110,59,109,85,117,34,18,31,87,69,112,121,92,32,107,65,3,54,118,133,52,84,47,7,104,122,41,10,27,119,124,82,106,43,67
2,3
55,114,75,73,43,76,3,26,17,68,1,2,122,111,132,99,97,119,20,109,84,25,8,98,117,24,41,31,91,123,128,90,28,93,110,36,57,40,64,6,72,5,62,39,51,129,69,34,127,59,112,121,67,131,82,106,19,77,0,60,61,58,12,49,7,95,48,94,88,86,27,133,100,23,21,89,104,22,13,70,53,96,101,113,9,125,37,83,45,108,130,65,11,92,35,54,46,126,16,38,47,124,32,18,87,78,56,102,85,120,115,29,80,15,66,107,42,71,33,135,81,30,10,105,50,4,79,44,14,74,116,134,52,103,118,63
1,3
59,70,67,28,9,105,6,22,20,35,64,10,91,58,119,81,120,103,106,17,107,48,40,75,102,84,51,73,13,33,78,8,83,2,118,74,18,16,42,55,14,94,37,104,82,115,95,100,88,19,27,41,66,43,30,113,47,89,71,25,85,132,114,15,34,126,98,86,77,45,117,56,57,39,96,110,11,1,24,0,36,29,31,124,87,65,62,53,128,133,131,92,61,50,12,38,79,5,80,121,130,3,109,60,108,63,97,26,72,99,101,32,44,52,112,49,46,90,127,116,122,68,69,76,54,7,134,125,135,21,123,4,129,111,93,23
4,1
127,51,62,50,54,96,8,46,39,49,71,0,134,44,80,89,67,98,20,85,7,88,11,118,111,103,23,82,119,65,32,27,45,30,112,63,95,29,10,86,135,14,120,18,123,84,35,76,6,25,21,13,17,4,97,70,16,133,101,78,121,69,131,43,9,26,122,117,87,28,53,40,3,2,66,83,57,116,105,47,38,100,130,113,33,64,93,60,37,126,5,77,102,56,79,124,92,132,58,31,52,81,34,12,114,48,75,90,115,94,24,19,91,68,59,73,104,41,125,99,72,110,109,22,42,15,36,107,129,61,128,1,74,55,108,106
2,1
14,6,71,63,59,73,58,104,68,76,24,57,10,15,37,32,135,1,92,12,28,46,2,123,79,132,131,85,128,127,49,91,81,11,43,22,101,62,27,42,87,100,34,134,18,21,130,106,9,30,93,3,89,48,65,103,96,78,80,56,36,23,110,112,33,105,50,61,16,67,109,82,77,118,113,39,53,26,74,90,38,66,111,119,19,44,47,41,88,125,86,98,117,94,35,52,60,95,64,75,99,25,8,133,31,13,122,108,120,83,54,107,7,126,114,70,115,20,29,40,97,4,55,45,69,5,121,17,102,0,116,84,129,72,124,51
2,5
72,118,36,22,63,77,133,54,14,46,31,78,68,9,102,47,105,100,98,4,60,5,127,8,86,40,21,26,116,53,115,95,0,113,44,93,2,82,119,20,25,28,69,130,61,124,75,81,52,38,134,55,30,58,129,39,57,97,122,106,50,37,11,66,17,35,123,107,1,101,65,16,120,99,34,15,132,117,92,59,23,27,51,109,42,104,62,74,110,131,43,29,114,10,64,13,90,126,108,96,79,80,49,71,32,83,89,3,19,88,128,125,67,41,85,33,111,48,94,6,91,12,56,70,103,18,121,73,76,87,45,84,112,135,24,7
2,3
26,75,35,85,48,64,96,131,128,72,69,39,92,58,6,117,83,0,18,22,8,30,53,51,122,43,111,127,57,105,70,118,79,63,19,2,4,101,123,45,88,52,124,84,37,62,135,130,49,99,25,108,11,125,44,34,82,134,33,47,81,77,1,95,120,94,87,109,17,98,40,102,36,115,129,5,100,65,114,12,132,78,67,15,103,59,110,32,112,21,42,38,46,60,50,116,68,121,90,89,73,113,86,3,106,24,93,54,66,16,107,31,71,80,28,76,104,61,7,13,74,126,55,41,119,23,27,10,133,14,20,29,97,56,91,9
4,3
116,14,5,91,10,77,76,109,68,105,37,89,56,131,40,65,48,42,32,20,130,97,50,11,21,96,4,79,134,115,26,16,25,64,80,36,72,117,49,18,29,71,28,124,100,108,27,85,87,60,38,12,1,110,67,99,19,74,106,2,90,86,75,127,83,95,8,135,73,120,63,93,70,13,34,119,23,54,129,102,125,114,43,35,55,92,15,17,132,103,78,0,52,84,69,47,107,6,82,46,126,128,113,39,66,41,44,111,59,118,101,7,53,31,51,58,104,62,45,33,24,122,81,30,22,61,88,9,133,112,98,94,121,57,3,123
4,2
109,112,86,34,75,47,98,103,40,52,65,113,32,62,131,0,127,81,37,20,63,128,13,116,5,82,53,122,44,85,93,19,80,87,22,54,79,60,120,49,106,12,84,115,104,69,74,7,129,117,50,130,9,133,17,45,38,21,134,61,1,124,30,15,73,92,41,4,11,51,126,97,90,68,72,8,105,26,6,118,76,42,96,67,111,110,39,28,70,91,48,125,16,10,95,114,23,35,101,100,119,102,31,64,58,135,33,14,29,89,123,71,66,94,3,77,2,108,88,55,18,43,25,78,83,99,24,107,132,27,56,46,57,36,59,121
3,5
94,130,41,112,15,22,114,56,135,29,55,90,38,24,80,5,27,105,124,86,10,133,127,93,0,66,32,89,21,84,23,95,60,63,12,35,9,65,132,37,122,69,108,14,70,67,126,4,52,57,73,78,88,42,58,47,85,51,53,25,74,31,98,118,79,30,28,128,72,16,39,71,62,46,64,123,34,54,129,109,11,82,121,83,7,50,2,81,103,8,96,19,104,111,110,17,134,6,102,91,87,92,106,100,1,101,99,40,13,77,26,113,43,76,97,49,48,20,61,115,3,131,59,119,120,125,117,75,44,45,18,107,33,116,68,36
4,3
28,114,91,127,74,54,7,64,72,21,39,95,35,105,60,17,52,86,73,120,112,58,10,42,1,6,129,41,24,125,44,55,132,13,23,117,15,40,53,93,124,4,36,90,123,50,103,126,65,38,19,14,111,116,107,89,3,130,99,100,9,22,79,30,20,45,134,119,26,115,84,75,46,128,97,11,61,133,109,110,43,82,34,27,76,37,101,49,98,57,48,16,96,8,62,121,94,80,87,108,56,81,88,102,47,104,135,68,92,70,78,33,77,69,83,2,25,32,12,122,67,0,106,51,118,18,71,66,113,31,85,59,131,63,5,29
5,2
79,11,72,20,89,66,33,125,130,7,91,9,55,54,0,2,83,99,116,133,80,117,63,49,41,121,3,111,8,43,5,123,76,69,51,17,64,127,132,92,40,73,107,39,37,10,68,120,101,119,48,13,18,122,131,70,95,42,46,67,36,124,22,75,29,19,97,47,110,115,85,14,15,53,88,4,129,23,84,45,50,87,38,94,105,104,109,81,62,100,34,6,61,106,25,21,134,74,28,114,52,126,35,135,112,108,31,86,26,77,82,58,96,24,71,90,128,98,113,60,59,12,65,32,102,30,16,44,118,57,103,93,1,56,78,27
1,1
53,70,17,43,60,76,5,1,25,6,39,80,3,15,52,40,18,105,85,112,113,94,126,69,9,33,62,66,55,87,120,41,54,108,38,67,0,7,124,51,36,111,78,11,115,134,106,57,88,48,13,23,4,47,71,31,96,84,44,135,91,49,90,64,37,109,30,28,79,58,86,24,99,132,83,12,45,61,103,19,27,46,81,129,32,10,14,98,42,2,101,29,35,123,119,125,97,117,22,89,73,133,68,131,21,65,107,93,130,20,128,75,100,110,34,82,26,118,59,50,104,127,95,116,74,102,56,16,72,92,114,63,8,122,77,121
2,5
19,7,123,80,49,101,130,90,129,47,29,26,134,109,119,21,65,98,67,53,76,105,75,20,12,68,22,27,60,5,56,2,8,85,58,9,132,73,44,54,66,69,10,64,70,43,50,124,63,52,42,112,4,23,34,99,17,32,135,116,0,3,16,110,114,48,37,97,126,78,31,72,133,113,11,95,15,35,46,106,96,18,61,84,104,87,33,41,115,28,86,1,89,57,74,108,40,14,127,6,45,107,103,128,82,92,120,83,71,122,38,93,125,24,77,62,117,102,55,88,121,94,36,81,111,25,131,30,100,79,39,91,59,13,118,51
4,4
108,73,88,34,90,76,124,95,127,8,1,84,135,58,63,54,22,17,31,27,125,24,7,102,104,114,111,50,48,21,36,40,79,2,117,86,64,41,70,91,57,118,62,121,35,23,18,12,96,130,38,93,52,72,26,129,10,82,106,123,67,83,13,3,132,19,94,45,60,4,115,30,39,61,65,109,53,101,105,100,103,59,44,46,6,77,78,55,51,85,80,126,14,37,97,98,20,5,89,110,120,81,107,28,74,47,15,75,33,42,25,9,87,69,112,32,43,128,49,134,113,29,16,133,131,122,0,56,119,71,11,99,116,92,68,66
6,1
121,7,105,94,74,59,103,72,27,22,128,18,19,101,41,135,53,84,8,133,14,129,88,69,70,37,5,38,116,97,4,107,25,16,36,68,118,31,95,90,96,46,93,117,13,33,132,124,130,61,56,104,126,1,10,65,35,44,89,102,3,39,9,0,125,47,92,83,120,122,6,131,63,112,109,64,26,100,81,21,49,119,66,24,29,54,110,28,17,11,86,98,20,82,52,40,108,12,71,58,42,85,60,62,123,106,51,32,50,34,115,114,78,48,80,15,75,111,79,87,23,99,113,45,76,73,30,43,127,55,57,67,77,2,134,91
2,6
19,54,50,114,44,53,39,30,88,122,56,35,97,9,57,47,10,81,71,104,8,115,128,95,66,82,72,63,85,4,91,60,6,124,5,69,29,118,7,65,33,42,105,18,94,87,32,129,74,113,28,96,86,59,73,12,130,41,21,45,135,58,67,102,92,77,22,89,107,79,26,103,34,24,100,134,40,1,125,49,51,98,15,75,123,119,38,76,127,37,25,70,83,99,62,112,111,109,101,13,2,46,116,55,106,36,3,108,120,16,61,93,27,121,90,78,80,64,48,0,52,133,68,110,117,126,20,131,14,17,43,31,23,84,11,132
3,4
125,73,116,32,63,60,88,54,113,40,24,100,38,112,99,70,78,76,65,15,80,20,68,10,115,105,4,96,109,71,81,135,85,52,53,126,129,101,49,66,18,41,133,45,5,72,127,51,103,114,74,0,6,56,46,128,89,7,14,97,8,37,59,131,16,33,2,47,87,119,39,36,123,11,55,90,23,83,117,110,121,122,58,79,17,50,118,3,69,104,22,35,43,82,31,130,134,111,30,64,12,61,102,98,62,26,92,91,34,93,94,21,29,25,75,84,19,27,9,106,108,44,124,86,95,28,42,1,77,57,67,107,120,48,132,13
6,6
130,84,115,60,64,20,83,37,71,120,8,126,18,7,12,40,25,29,117,131,134,30,63,15,46,68,0,39,17,91,14,102,92,111,23,93,45,116,113,95,21,78,132,4,58,32,82,89,9,73,28,35,2,54,56,100,70,75,74,94,129,61,5,80,108,90,87,31,104,11,57,98,122,76,16,79,36,97,6,27,65,72,85,44,123,127,55,67,81,103,10,41,99,133,50,33,119,96,118,66,52,114,121,13,3,42,51,101,34,88,38,125,112,124,49,24,48,106,105,110,59,77,22,135,19,69,1,47,62,109,128,53,107,43,26,86
1,5
8,77,92,72,134,67,75,76,30,51,11,23,94,109,106,131,34,16,91,119,29,84,13,133,46,83,113,122,85,56,28,50,93,55,101,124,127,79,86,32,59,0,88,82,97,18,69,20,123,121,53,17,95,125,12,74,24,64,135,5,129,7,71,45,42,65,115,117,43,70,49,36,47,78,108,126,52,80,73,128,60,26,104,111,54,102,96,21,27,25,14,4,31,63,103,107,2,81,105,116,90,62,89,118,1,33,120,19,98,44,57,112,6,48,39,130,99,38,10,58,35,100,110,132,9,61,114,37,40,66,22,15,87,68,3,41
5,1
108,105,101,12,10,7,91,113,104,96,79,111,37,135,50,73,18,68,74,54,94,70,82,118,43,53,93,117,131,62,23,16,123,72,128,32,61,63,11,4,14,122,52,25,134,44,49,51,76,130,109,15,33,65,67,83,125,13,110,26,115,45,90,1,21,66,60,22,81,69,85,127,59,114,86,88,75,133,48,64,27,36,84,17,46,120,29,98,3,106,129,97,34,31,56,38,42,2,77,95,92,87,47,20,89,9,19,78,80,124,99,28,121,5,40,103,132,71,102,30,24,58,126,39,41,55,35,112,116,0,6,107,119,8,100,57
3,2
95,29,16,59,26,128,21,18,90,43,107,101,84,85,9,24,27,13,0,42,2,115,129,121,37,20,67,87,44,80,15,76,61,83,133,41,82,114,63,111,57,39,124,130,1,77,102,22,53,108,81,105,7,6,91,54,100,73,89,119,116,135,34,118,92,70,33,131,35,58,31,99,68,93,66,125,65,23,51,74,3,56,25,112,8,88,36,45,96,110,28,62,104,5,30,120,48,75,11,134,14,69,47,97,94,38,79,117,132,32,52,46,106,103,4,122,123,86,127,12,72,49,50,19,10,40,55,113,126,78,60,64,17,98,71,109
1,5
106,100,114,128,58,130,65,37,2,21,42,120,90,118,101,53,34,31,66,62,30,78,76,22,45,115,3,96,40,35,119,109,28,29,69,80,72,102,105,38,85,59,91,7,132,113,75,103,133,10,57,11,51,50,116,39,122,55,64,126,20,67,84,43,12,49,8,110,97,111,93,88,14,5,112,52,131,82,46,4,73,26,33,123,71,36,107,127,86,124,17,56,9,121,89,117,134,25,108,23,1,87,15,70,104,61,18,92,83,99,6,54,135,41,94,24,44,13,47,27,125,63,79,48,81,98,16,60,77,95,32,129,74,68,0,19
4,4
63,106,65,66,116,108,25,102,107,70,27,46,124,99,72,38,1,56,95,12,123,98,79,28,75,58,94,64,129,104,119,32,89,45,39,74,127,92,26,82,132,52,86,93,34,113,135,90,42,91,69,5,78,30,105,15,51,22,21,128,114,117,84,55,19,2,71,97,24,112,67,126,41,36,29,100,6,115,8,13,43,118,4,130,20,31,9,44,103,14,110,101,54,59,11,80,48,122,76,50,134,0,40,88,73,96,3,16,17,87,18,7,133,68,53,37,57,35,121,77,33,47,83,120,85,62,81,111,60,49,109,10,131,125,61,23
5,6
135,84,19,75,70,20,69,51,68,119,79,110,93,129,45,36,22,56,58,86,83,115,38,104,37,48,101,27,67,92,2,66,120,82,18,52,112,21,80,24,12,124,81,123,61,50,100,122,90,35,114,30,4,39,63,26,121,10,89,127,11,98,77,116,60,53,105,113,118,73,59,57,85,103,33,16,43,54,40,64,88,7,128,15,14,28,42,25,107,44,97,117,78,3,130,76,109,32,47,94,108,131,17,106,65,0,49,6,34,29,23,132,91,134,1,46,41,126,8,111,74,71,96,31,13,72,95,5,87,62,55,102,125,99,9,133
3,2
129,84,109,130,77,4,81,69,29,1,85,131,17,75,44,14,63,55,117,71,119,20,18,0,121,79,132,133,46,36,101,92,78,45,111,103,15,70,22,98,19,114,67,116,89,90,26,66,24,115,40,88,74,6,95,27,125,13,34,124,96,49,72,32,126,83,37,91,100,38,12,21,107,59,16,64,52,99,108,134,73,9,3,80,50,7,68,61,97,53,94,104,118,48,41,56,11,86,30,106,54,58,122,31,39,33,60,102,8,51,43,5,47,65,23,2,76,57,110,42,127,35,128,93,123,112,135,25,87,62,120,113,105,28,10,82
6,2
25,0,135,13,116,112,106,73,119,114,108,44,127,32,6,88,64,15,83,11,16,131,89,70,129,37,99,34,126,120,39,98,104,79,21,111,50,8,69,128,75,48,29,57,49,125,42,85,19,55,102,84,26,17,62,133,122,12,86,35,87,5,94,3,115,77,56,121,81,110,97,68,65,67,38,82,123,117,40,93,78,20,100,47,95,58,43,24,130,118,22,134,33,41,31,7,80,105,66,92,96,71,18,52,60,1,45,23,54,9,90,72,132,113,63,101,91,28,76,10,109,124,2,53,4,51,103,74,59,36,46,27,14,61,107,30
3,6
1,60,44,31,4,83,94,43,49,39,120,100,28,56,67,30,76,33,61,58,36,133,34,17,65,45,51,25,91,52,42,124,7,116,40,74,90,97,41,69,71,38,48,0,19,59,134,86,63,123,9,29,115,20,50,6,84,18,66,126,96,131,135,8,118,121,108,85,75,117,53,35,87,81,14,130,95,132,88,72,12,79,64,26,2,82,55,23,47,32,113,46,78,101,89,119,106,114,27,70,110,122,105,93,5,127,22,112,125,99,11,129,16,37,109,13,80,24,77,68,73,102,54,103,104,92,62,107,98,128,57,10,3,21,111,15
4,5
56,69,112,32,97,106,24,66,49,121,94,75,34,78,123,84,83,104,134,129,100,124,126,22,92,68,12,117,131,80,91,115,85,48,54,64,132,55,16,127,35,53,105,5,31,30,1,27,113,122,8,89,62,6,65,18,99,111,60,11,58,86,46,81,29,133,10,38,116,63,70,40,25,59,17,102,39,43,71,50,109,0,23,114,44,96,95,2,52,103,20,33,21,36,90,19,45,79,88,3,26,73,120,42,7,37,4,98,57,47,108,15,41,14,28,13,87,110,51,135,82,119,130,93,107,61,76,77,101,9,74,72,128,67,125,118
3,4
32,24,64,101,7,112,11,93,38,40,30,115,23,68,54,73,80,61,26,81,83,17,100,118,79,29,117,9,124,123,89,78,120,114,75,0,94,60,111,2,5,92,76,59,48,69,3,127,35,16,95,126,70,49,129,57,130,6,113,90,39,31,36,34,97,56,82,125,110,77,14,13,27,107,135,46,15,53,1,20,108,109,21,87,85,33,98,19,52,133,45,25,134,18,116,44,102,119,66,103,99,88,41,12,58,55,74,106,10,132,28,4,96,22,63,105,86,51,131,67,43,37,122,71,84,65,128,42,62,8,72,121,50,91,47,104
2,2
101,53,96,115,73,30,131,33,60,67,85,19,90,117,133,39,38,58,121,1,54,5,116,29,49,125,13,100,112,94,68,72,102,97,105,99,62,83,66,36,50,35,80,120,20,4,103,81,126,28,119,74,57,11,61,44,42,63,95,27,8,18,79,114,78,21,43,98,86,7,26,23,124,108,24,55,17,64,135,82,6,45,48,40,106,46,87,0,130,3,132,25,65,113,71,91,59,92,84,32,12,75,77,2,118,31,15,52,104,122,110,88,34,107,93,76,16,127,89,51,22,37,47,111,109,70,10,9,41,123,134,14,128,69,129,56
5,2
77,45,69,46,112,101,89,67,131,59,108,42,20,71,86,134,25,85,82,2,35,41,60,6,119,38,65,7,109,21,5,53,98,51,125,0,64,116,129,105,106,92,30,8,78,55,73,91,96,24,10,16,54,3,117,52,90,63,9,1,94,72,114,132,66,32,29,75,36,17,23,130,44,122,39,48,120,88,127,128,100,47,13,28,135,22,15,74,107,133,58,19,68,49,61,80,104,70,123,97,103,126,84,43,12,56,34,57,33,83,40,124,81,118,31,99,111,27,113,102,4,18,14,76,37,11,50,87,95,62,26,93,115,110,79,121
1,3
134,16,41,131,90,102,29,31,94,13,62,126,80,36,121,8,18,99,14,88,124,51,32,95,23,55,49,76,84,1,30,69,2,15,100,50,60,9,107,61,25,81,21,35,120,54,48,89,3,52,63,43,132,97,27,116,83,59,133,123,4,128,72,65,40,6,22,78,45,129,7,26,74,38,46,53,34,19,68,17,127,85,98,86,67,42,135,114,79,73,122,33,57,113,70,0,103,105,77,96,71,24,93,106,56,11,44,87,47,119,37,101,12,82,28,109,64,110,112,117,108,130,115,104,39,75,111,66,58,91,118,20,125,92,5,10
6,5
51,98,21,28,15,49,8,109,26,61,118,53,52,75,39,106,90,100,77,10,114,116,129,24,2,73,135,119,62,130,117,131,56,133,96,40,63,128,16,88,13,121,55,14,44,68,60,37,113,93,78,69,47,30,54,92,32,48,11,20,6,97,71,31,43,99,58,91,74,105,9,120,101,29,65,57,76,86,17,95,19,12,81,134,4,115,23,110,42,87,103,94,59,27,126,132,123,41,84,107,36,18,122,89,64,72,5,0,7,125,34,83,127,67,25,104,108,70,66,112,102,46,33,22,3,79,85,124,38,82,50,80,35,111,45,1
2,2
15,58,41,83,9,12,25,71,22,86,46,66,34,61,26,67,31,16,115,63,131,123,98,100,3,72,33,27,132,112,54,113,93,128,24,90,57,38,64,135,69,23,10,109,68,11,78,87,99,134,60,84,75,39,43,70,74,114,103,122,17,6,29,0,85,118,48,120,21,107,65,104,116,49,129,4,125,102,105,37,101,108,94,18,81,44,5,88,106,127,76,30,45,20,121,130,56,110,14,62,13,111,19,92,1,97,42,51,73,32,40,79,36,119,80,28,117,47,53,7,133,8,59,95,89,50,126,96,77,2,55,52,124,82,35,91
5,1
109,80,133,135,9,5,99,122,18,103,15,132,61,92,21,69,127,114,108,107,46,75,41,74,72,11,52,32,83,50,96,67,17,28,58,1,23,129,85,119,94,95,0,71,48,12,6,64,63,34,44,117,106,78,84,93,13,87,25,112,113,22,121,118,128,102,62,98,16,86,56,77,60,3,82,126,76,26,2,123,20,4,116,111,66,55,43,40,35,8,36,37,19,134,88,101,91,105,31,70,104,14,59,30,65,42,90,10,68,39,100,130,51,53,89,47,49,24,33,125,57,73,120,115,38,131,27,124,79,54,110,97,29,45,7,81
6,1
45,29,118,125,123,61,115,80,22,6,8,85,7,117,54,65,55,83,10,60,27,124,25,134,98,69,95,24,26,38,128,104,73,122,51,105,56,4,120,94,40,110,131,89,132,33,101,133,86,36,46,5,0,37,3,12,81,93,9,75,64,90,126,96,92,14,116,11,28,82,107,49,59,42,119,32,62,78,48,74,17,19,53,13,15,121,91,20,47,87,66,41,52,68,72,70,113,21,127,97,18,114,30,57,35,76,106,135,16,63,71,67,111,1,79,23,99,108,100,130,34,112,102,109,44,84,129,58,39,31,77,2,50,43,103,88
3,2
132,113,133,57,99,28,20,112,59,31,109,3,5,16,88,2,89,102,1,100,98,71,134,64,104,8,114,123,61,55,15,23,78,38,131,101,42,33,24,44,65,111,12,80,79,73,110,93,37,103,4,72,32,94,76,105,22,21,120,66,13,0,86,29,53,52,74,97,107,85,17,10,34,87,35,75,70,96,14,45,68,69,7,117,41,106,116,135,126,26,60,30,124,77,39,11,128,9,115,127,92,49,91,122,129,19,54,108,58,6,62,121,27,90,83,51,95,18,125,56,118,46,36,63,25,48,43,81,50,130,47,119,84,40,82,67
6,4
106,5,98,75,94,67,126,118,91,68,9,4,38,42,131,10,63,101,32,123,51,90,103,113,58,54,13,108,24,7,122,36,21,76,128,55,26,87,71,41,84,8,85,99,124,78,92,125,97,19,117,27,93,73,112,16,130,44,17,1,23,46,65,39,111,25,119,14,20,52,95,121,33,89,96,43,35,28,31,29,70,81,104,40,115,74,49,135,2,12,114,30,56,11,57,34,61,6,80,47,3,60,69,22,66,127,129,15,86,18,88,62,59,50,107,79,100,72,109,0,83,134,48,64,53,120,77,105,116,132,45,102,37,110,82,133
1,1
117,3,118,20,44,90,104,89,34,45,23,17,26,84,16,81,36,7,49,92,28,109,57,72,119,128,70,15,96,87,54,122,74,41,83,80,77,127,124,112,105,43,58,102,35,65,33,75,67,113,11,39,10,111,1,126,30,27,76,123,42,86,132,46,66,21,98,31,106,97,134,8,59,68,135,61,71,107,51,12,130,0,9,53,50,99,69,108,60,120,13,88,125,22,131,32,95,121,56,47,18,14,48,79,115,85,114,29,94,19,38,91,93,64,103,37,55,133,6,129,100,78,73,5,24,62,2,110,116,63,25,52,4,40,101,82
2,4
121,26,49,36,99,95,61,16,90,67,96,109,77,128,73,63,64,58,62,39,24,122,127,5,46,123,105,32,106,60,75,54,53,98,66,97,70,21,93,8,126,37,23,103,104,31,6,135,88,78,15,7,47,27,4,116,110,22,87,115,38,89,134,79,59,43,74,68,2,131,125,102,57,80,10,25,35,71,120,40,13,55,76,133,113,108,111,130,82,11,18,112,14,9,12,92,17,107,119,129,44,34,94,114,85,20,124,28,83,50,69,29,117,52,81,1,118,91,30,65,48,33,42,132,19,100,3,41,51,86,45,101,56,84,72,0
6,3
10,87,13,134,66,41,119,84,57,121,64,110,11,48,25,129,43,17,1,14,12,112,77,94,130,21,37,99,62,29,58,132,51,114,79,122,120,56,85,90,22,55,118,106,91,42,3,8,126,31,92,67,65,75,61,96,45,44,38,71,124,108,115,16,18,102,100,49,59,15,39,103,27,53,70,7,63,74,6,20,97,135,0,24,5,34,117,81,76,88,98,36,104,107,19,89,68,95,116,128,33,105,125,82,28,35,83,4,32,127,80,50,30,86,93,78,123,73,133,47,23,26,40,2,101,9,52,46,60,113,69,111,109,72,131,54
4,6
119,70,22,51,116,1,83,6,11,34,106,92,101,10,4,68,99,90,72,128,30,120,114,94,98,58,89,118,82,54,76,7,19,108,9,36,74,102,16,95,48,73,129,88,117,85,79,121,65,49,35,43,96,60,112,15,29,67,14,61,12,2,31,46,59,75,23,100,55,135,28,13,130,5,39,84,66,132,110,71,87,20,40,56,103,107,104,45,62,0,80,44,122,47,37,42,18,57,32,17,25,134,41,21,27,91,113,115,77,64,111,52,127,133,123,86,126,93,131,81,53,124,63,69,26,3,78,38,125,105,24,33,97,50,8,109
2,3
55,63,125,89,36,100,132,105,47,8,40,103,1,94,110,91,30,86,9,115,65,48,25,54,45,104,88,119,37,12,26,68,87,41,60,107,4,5,76,59,111,24,130,28,62,96,22,57,114,29,66,34,42,49,85,77,120,56,15,134,31,58,11,71,93,108,23,64,123,133,16,129,38,3,7,113,33,53,82,95,106,98,72,39,70,92,0,112,10,79,80,122,51,83,117,52,18,90,61,131,97,46,84,27,78,43,13,128,69,21,81,67,2,116,135,73,75,17,44,50,109,102,126,124,74,127,14,20,6,118,32,99,19,121,35,101
5,5
46,39,122,127,63,79,80,35,5,100,103,107,60,68,48,38,25,89,29,129,53,117,104,52,62,64,6,59,120,93,61,134,94,88,36,116,76,40,12,67,18,13,55,106,97,99,23,16,112,124,30,132,8,31,0,7,73,1,44,45,27,102,115,34,119,56,130,21,54,15,87,2,9,81,125,114,66,51,47,22,135,90,78,69,57,14,24,108,113,70,105,121,83,84,74,65,95,10,26,4,92,101,32,109,98,50,20,19,49,128,41,71,85,133,82,58,33,111,43,91,96,118,17,86,72,11,110,77,37,28,3,126,75,42,123,131
4,5
28,2,103,84,4,3,106,75,105,107,116,38,6,110,60,55,45,127,111,12,102,25,104,95,23,48,54,37,29,65,69,76,115,46,101,129,90,58,108,124,132,118,67,15,47,21,77,51,53,9,81,31,13,80,98,59,128,49,94,112,56,96,74,41,7,39,20,63,87,123,130,36,117,88,62,18,22,30,26,61,43,97,126,50,82,19,114,35,73,64,17,119,120,68,70,131,10,16,42,24,78,86,134,1,99,0,92,52,91,66,57,85,8,33,79,34,89,5,125,83,44,100,135,133,121,40,122,27,32,14,72,71,93,109,113,11
3,2
37,99,53,75,123,58,67,39,26,94,31,78,66,71,84,115,16,101,68,132,5,34,32,28,73,38,13,108,42,22,89,103,33,47,77,51,8,86,20,29,23,117,128,43,106,12,95,69,45,62,72,48,85,24,129,82,111,121,54,83,50,7,15,0,61,97,124,114,120,59,130,46,30,113,18,112,107,56,88,2,21,44,98,93,102,14,41,3,25,125,11,79,134,96,74,105,27,10,122,60,36,55,49,81,9,104,87,6,92,1,80,109,64,119,63,35,52,76,90,91,135,17,57,110,126,4,133,70,65,131,100,127,118,116,40,19
5,2
112,85,133,59,34,15,82,96,126,0,45,81,55,119,88,134,97,94,90,27,61,69,123,132,66,28,89,128,40,60,13,21,103,99,19,127,51,109,62,50,53,115,78,18,56,22,87,14,4,84,39,72,113,54,120,5,26,105,2,110,7,118,92,47,108,75,58,76,38,65,11,17,121,130,125,46,52,68,31,10,70,1,36,33,101,80,42,9,98,79,83,8,129,63,91,104,93,49,117,71,20,131,114,74,29,35,67,6,102,3,106,116,32,12,48,122,95,37,77,23,111,100,25,86,57,43,73,107,64,30,24,124,16,135,44,41
5,4
32,41,76,104,5,123,26,20,92,42,133,97,83,8,110,19,113,90,34,127,67,135,60,129,81,27,106,100,79,28,36,125,98,37,77,45,132,10,99,0,96,55,30,70,24,134,51,49,59,131,93,22,68,109,94,91,119,120,11,21,56,7,29,73,116,66,17,31,103,117,89,50,65,111,4,78,128,2,86,63,115,74,53,39,43,1,48,38,69,15,3,95,124,102,52,14,72,61,33,88,18,107,82,130,6,87,54,44,80,121,85,13,62,25,114,122,101,23,16,118,57,126,9,112,64,47,58,46,105,108,12,35,40,71,84,75
2,1
29,122,68,49,26,97,82,60,61,123,96,88,21,100,80,31,19,48,112,127,35,0,39,118,15,20,120,94,62,99,131,69,28,87,129,53,25,3,91,65,66,16,74,93,41,24,27,14,128,117,135,34,4,10,73,45,13,57,1,71,75,47,42,56,37,6,125,126,12,46,7,22,111,63,85,76,108,84,77,52,30,98,119,103,36,130,54,79,9,38,51,83,134,115,109,95,90,72,17,23,101,102,40,11,44,86,5,67,70,92,104,105,133,114,106,32,89,18,132,43,121,64,81,58,116,107,78,113,124,55,110,50,33,2,59,8
4,4
70,118,92,87,133,34,52,126,9,35,5,122,101,32,12,134,111,96,44,124,0,8,49,106,33,81,93,54,4,64,75,21,135,56,31,61,28,114,67,6,88,25,73,113,19,97,77,110,36,129,90,23,68,107,63,18,132,42,1,83,13,85,80,3,59,76,40,60,22,47,20,48,95,78,131,86,71,17,24,53,50,130,115,99,30,123,37,38,94,112,41,117,7,102,98,57,125,58,29,127,108,45,27,26,79,100,55,14,15,119,128,16,105,116,84,72,43,74,62,103,82,91,11,51,69,109,121,10,66,89,39,65,120,104,2,46
2,4
75,121,10,33,54,102,55,52,127,74,45,32,70,92,47,4,94,103,88,39,3,99,130,135,100,131,41,24,120,65,19,97,91,117,9,115,57,40,31,53,22,8,125,63,90,11,26,79,49,23,72,15,35,51,73,101,28,71,76,110,128,114,34,81,98,109,30,80,56,89,62,5,12,87,129,108,111,112,132,83,68,133,2,116,42,17,118,21,93,43,36,13,27,6,69,66,61,59,77,105,7,85,106,46,96,95,18,104,67,123,20,25,50,48,113,119,84,122,44,60,107,0,64,38,134,78,126,37,86,58,82,29,124,14,1,16
2,5
9,118,36,43,84,25,107,56,134,60,8,27,124,103,57,102,3,58,29,4,62,64,14,81,108,126,50,35,66,112,39,110,54,0,10,114,122,86,41,125,100,73,79,49,82,26,22,90,11,106,104,78,87,89,40,6,12,63,130,83,123,77,96,131,133,120,31,115,34,129,91,128,18,116,53,127,21,42,16,80,17,46,113,98,93,45,70,2,7,94,88,19,15,59,92,37,111,74,33,101,71,24,52,55,95,109,119,72,1,69,132,48,47,44,51,68,105,23,20,13,85,5,99,30,121,61,28,76,38,117,97,75,32,135,67,65
1,3
44,62,33,66,85,79,70,14,113,125,84,7,50,15,10,1,51,28,94,2,81,12,123,60,37,122,73,93,64,121,49,26,46,109,132,42,130,104,112,133,87,78,22,120,100,129,92,68,106,8,102,41,47,77,71,89,86,3,111,20,40,115,54,126,103,117,29,34,131,59,108,99,31,76,65,9,116,118,39,97,17,63,91,80,128,119,45,48,24,107,36,83,82,56,72,21,5,11,0,61,96,27,57,43,124,95,18,55,74,105,58,30,16,38,101,127,75,135,6,13,88,67,69,4,23,110,32,53,114,25,52,19,90,35,134,98
6,1
62,107,118,113,4,78,10,114,100,58,45,79,105,41,54,85,37,134,64,96,38,103,83,108,47,71,116,23,67,117,102,69,19,28,51,44,39,127,90,60,33,115,7,56,87,36,133,26,53,99,101,22,48,124,1,42,106,21,0,112,128,121,89,9,111,82,97,43,93,2,109,34,120,86,55,11,35,8,70,40,27,73,91,17,123,57,110,30,104,61,126,94,31,81,88,15,119,65,46,25,12,74,13,132,129,16,135,6,84,92,75,50,29,18,59,68,63,14,80,72,3,20,131,95,5,24,130,32,125,49,122,52,77,66,76,98
4,6
101,36,96,42,115,110,79,64,13,92,59,16,33,124,37,127,66,26,31,129,49,48,91,100,2,117,90,6,25,57,38,120,103,4,14,118,106,102,85,10,112,11,35,80,65,41,86,116,82,30,73,74,94,62,93,97,9,98,20,56,76,75,105,109,19,122,126,131,46,44,15,18,24,47,32,128,53,99,29,104,21,12,22,83,133,72,134,58,54,55,17,34,113,67,23,40,60,43,123,68,111,119,88,108,107,63,81,125,95,0,1,121,89,27,87,51,130,70,135,114,5,132,39,28,45,52,71,69,78,8,7,50,84,77,3,61
4,4
73,65,50,26,27,68,86,79,80,103,117,7,129,104,9,75,20,38,17,15,78,84,28,127,5,64,21,98,22,23,6,47,93,114,60,53,34,13,82,71,95,115,36,92,2,52,101,88,91,56,113,29,122,130,105,63,32,43,44,0,128,70,118,120,99,83,109,62,85,67,35,45,97,59,19,106,77,110,132,121,33,48,24,40,31,90,126,108,125,107,51,41,112,1,18,57,96,11,72,66,58,42,69,8,39,54,4,100,116,124,49,37,14,3,133,55,94,74,76,10,123,25,16,87,46,131,61,111,12,30,135,102,119,134,81,89
6,3
13,76,20,69,132,15,51,84,112,32,91,83,40,128,43,71,37,42,53,122,114,6,24,74,93,21,118,14,104,39,123,11,63,33,120,134,30,46,100,89,22,12,57,135,1,116,108,92,23,85,55,97,79,29,96,129,49,87,3,109,27,75,125,59,80,17,82,110,86,36,103,38,121,47,0,16,48,26,52,18,95,105,73,126,19,58,115,54,106,81,2,56,107,5,4,72,111,44,127,50,124,7,102,64,78,28,98,10,119,130,88,117,41,66,113,61,133,62,60,34,70,8,77,35,65,101,31,90,45,68,94,25,9,131,67,99
4,4
0,86,96,53,71,89,81,51,64,110,119,32,18,108,57,88,73,47,94,128,97,55,17,42,54,60,23,133,11,40,56,79,45,28,106,80,4,13,50,63,65,120,22,12,36,118,93,111,46,92,27,104,70,107,6,2,114,113,78,16,52,35,39,105,84,131,66,130,68,126,20,134,1,87,109,44,67,100,129,7,115,37,10,112,19,90,48,3,21,25,34,116,75,121,14,77,74,103,26,122,31,49,24,101,30,38,41,85,125,95,76,15,29,59,33,124,135,117,83,99,123,62,9,69,132,8,102,61,5,58,91,98,82,43,127,72
2,1
101,50,74,30,2,26,49,97,53,122,123,62,121,86,16,3,82,111,60,40,126,93,38,46,44,23,1,17,113,98,37,35,106,75,72,77,65,119,90,115,20,79,47,129,95,27,125,91,105,130,127,78,63,12,34,134,32,132,103,24,117,128,41,85,13,5,109,18,89,52,59,131,25,110,22,68,36,64,76,51,10,67,92,114,6,133,55,107,71,84,87,8,83,112,9,118,15,7,42,73,14,56,99,58,31,70,28,0,11,94,120,81,4,100,80,33,102,61,43,96,104,66,21,69,54,124,39,108,57,45,19,29,48,135,88,116
1,5
13,12,103,1,74,59,22,99,55,51,32,46,68,38,125,73,116,107,28,61,94,44,35,41,75,122,119,117,112,24,65,19,48,92,62,79,111,109,8,120,131,67,110,90,27,76,114,135,52,87,129,10,134,69,21,49,72,98,81,102,80,70,11,31,66,18,100,57,105,14,63,3,104,78,50,56,123,118,4,89,16,127,37,6,29,20,64,30,84,15,130,96,53,86,9,54,40,26,47,115,88,42,23,133,91,71,2,97,33,85,43,60,126,128,124,5,101,108,58,39,25,83,93,132,0,7,106,17,113,77,121,34,45,95,82,36
4,1
86,48,74,81,99,117,50,120,1,84,3,64,93,89,60,107,18,125,47,128,61,71,41,118,66,88,13,57,67,40,77,123,135,46,126,62,122,98,32,90,130,14,17,87,92,97,109,15,53,25,91,59,5,23,72,96,114,51,37,69,42,63,58,127,45,73,83,38,21,10,56,76,27,49,108,113,7,6,70,2,68,39,35,36,134,65,104,115,100,12,16,112,44,43,26,101,55,116,103,54,8,131,79,20,4,121,124,33,52,102,110,132,31,111,85,22,30,82,11,119,94,19,105,133,95,106,0,29,78,129,24,34,75,9,28,80
6,6
126,69,132,104,14,75,120,102,54,34,88,86,131,81,2,37,115,5,123,116,18,45,134,9,41,25,35,56,80,91,122,93,68,21,109,101,1,19,8,64,29,51,24,92,60,10,67,111,20,100,61,124,89,52,13,129,95,55,127,73,15,76,36,63,0,62,30,26,65,84,59,135,44,11,12,31,72,103,130,107,42,119,125,40,28,39,83,90,57,98,50,133,85,47,118,58,110,6,32,79,7,121,114,27,3,94,33,49,105,106,38,22,117,43,46,4,77,99,97,71,108,48,17,74,82,70,113,128,112,96,16,66,87,53,78,23
6,4
83,59,119,105,42,114,31,41,16,97,2,123,56,52,57,86,84,135,18,72,36,63,12,112,32,100,54,107,43,82,40,25,88,9,20,53,131,61,27,85,95,115,17,129,38,55,1,90,66,102,127,60,64,10,104,24,106,109,35,45,37,132,74,30,33,51,96,108,116,133,29,0,117,103,79,70,118,46,11,62,92,49,120,76,126,7,91,4,93,68,111,69,23,15,110,44,26,71,80,48,124,13,121,98,134,6,14,8,130,122,99,5,47,65,113,67,101,39,77,94,81,34,128,19,50,22,58,28,125,89,75,73,87,78,21,3
4,2
6,33,74,76,20,117,110,63,119,45,81,75,56,88,14,71,29,19,52,100,54,35,97,31,108,27,34,77,53,92,122,4,24,130,113,123,86,134,57,132,22,36,69,1,84,18,0,128,30,112,49,15,42,64,73,11,9,8,68,46,26,120,2,80,95,66,85,91,60,98,83,59,61,79,101,39,103,41,105,51,87,90,107,43,109,67,3,94,13,23,28,135,37,47,114,111,89,133,65,129,126,106,32,125,17,55,102,40,116,10,131,121,44,25,62,93,72,99,7,78,50,70,16,124,21,96,115,118,104,12,58,5,38,48,127,82
6,3
71,6,32,27,77,87,101,68,122,51,123,8,12,33,78,129,127,29,19,131,36,89,82,31,135,70,57,13,109,63,133,97,98,52,49,74,116,5,11,76,110,1,99,66,15,24,55,117,75,65,60,69,107,58,88,21,118,132,28,105,2,50,61,7,103,40,59,72,83,86,125,119,14,47,25,48,126,100,30,93,46,43,85,94,64,120,81,79,73,9,22,45,115,92,130,10,90,112,17,134,53,38,121,102,91,4,18,104,16,0,95,35,23,124,42,3,37,26,96,41,39,62,108,111,56,128,44,84,113,67,80,20,106,54,114,34
2,1
71,78,30,95,109,123,93,70,88,119,35,40,121,120,55,126,63,44,59,19,134,98,1,54,124,47,128,52,116,77,97,64,16,86,33,114,36,103,43,57,60,29,34,6,133,58,111,113,5,89,27,72,87,94,11,10,53,46,112,2,91,13,83,25,61,20,107,4,130,96,110,45,0,122,92,105,37,104,84,127,31,50,80,118,26,100,115,135,67,18,21,131,32,49,129,62,101,28,14,76,75,79,108,42,85,41,23,65,8,99,22,106,51,12,90,117,74,24,81,73,3,56,7,48,82,9,39,125,66,38,68,102,15,69,17,132
2,6
106,71,95,61,3,103,15,112,85,46,62,76,27,100,14,131,104,98,134,73,38,127,89,93,78,55,52,44,105,102,7,42,49,21,114,48,101,92,81,66,9,18,43,24,60,97,69,35,126,19,130,116,41,117,20,30,68,87,40,90,124,10,99,74,17,121,47,133,77,115,23,72,2,1,111,57,109,54,107,86,22,11,31,5,122,4,120,123,58,108,91,36,0,80,63,113,34,67,75,13,65,96,88,70,94,53,50,79,6,39,37,28,32,59,82,128,118,16,29,8,64,51,129,25,12,83,33,110,26,56,84,119,125,132,45,135
5,4
66,54,58,70,84,37,1,62,77,123,120,41,76,121,64,69,102,126,6,95,116,97,92,15,90,119,109,72,28,127,79,83,19,27,118,9,12,18,94,38,33,65,101,29,99,34,52,130,55,117,104,3,51,4,106,40,105,45,68,88,128,131,26,78,31,134,22,71,85,98,44,59,124,20,107,25,24,8,13,74,108,89,49,11,80,110,2,113,103,111,5,135,39,35,0,115,60,132,67,48,112,56,87,81,75,96,73,129,46,42,86,114,17,125,30,14,82,50,93,7,36,10,122,16,21,91,100,23,53,63,47,43,133,61,57,32
1,3
9,131,63,105,16,27,124,25,58,104,76,44,48,6,39,19,1,43,67,88,118,23,77,74,2,37,134,52,80,87,132,14,89,72,114,60,17,117,121,100,115,69,26,71,119,99,3,50,35,111,61,29,135,116,107,46,47,5,90,75,122,82,28,127,102,32,78,65,21,38,70,95,64,112,103,49,51,133,92,8,96,56,86,93,85,110,31,55,53,101,40,123,109,30,34,24,45,7,81,62,113,91,18,120,94,12,68,11,126,108,73,41,33,98,79,20,106,36,15,130,83,13,66,54,57,22,129,84,59,0,4,128,42,125,10,97
3,1
5,106,28,36,61,68,30,15,14,71,84,73,18,124,104,85,96,10,60,40,64,125,109,83,79,118,100,92,3,35,99,70,86,56,119,55,34,133,98,29,41,44,43,127,42,57,81,110,48,97,121,120,37,52,90,77,39,108,58,135,74,122,11,114,116,20,7,19,49,12,69,47,93,82,132,26,72,54,89,115,38,66,17,32,80,63,91,67,59,101,62,117,23,31,76,46,21,88,102,1,126,113,105,45,8,78,129,107,4,22,51,9,123,134,95,0,128,75,111,65,27,94,131,2,53,130,24,25,6,33,16,112,50,13,103,87
1,5
20,125,63,124,97,75,31,65,11,108,8,99,88,6,29,39,106,121,130,115,60,16,7,77,87,55,38,56,81,96,114,129,13,122,23,131,46,85,14,64,5,68,102,12,126,79,41,109,51,118,36,54,18,50,80,132,76,98,22,15,91,66,134,110,34,0,32,127,93,4,9,101,84,30,67,33,92,90,116,43,24,53,48,70,27,19,94,74,3,104,113,89,37,105,95,26,1,72,61,2,57,49,42,117,58,107,52,86,47,119,83,103,123,59,10,45,120,28,69,112,78,21,25,135,44,40,82,73,111,62,133,128,71,35,100,17
1,2
81,98,126,24,73,79,13,19,72,56,135,99,105,11,131,51,29,83,101,50,94,32,38,60,103,104,88,129,25,89,92,90,12,119,36,35,37,48,44,26,34,78,69,134,49,108,7,55,61,0,66,117,132,4,39,76,54,109,18,106,127,63,112,2,102,93,15,20,97,14,43,28,40,64,121,70,41,85,96,59,45,31,8,114,46,75,122,47,62,22,16,116,118,107,113,77,133,33,130,125,42,65,67,71,111,87,95,3,68,58,124,80,21,53,30,120,74,110,82,123,9,17,57,86,52,23,6,5,84,27,1,91,128,115,100,10
3,4
70,55,129,76,12,119,46,96,15,108,85,127,109,98,48,14,93,113,106,87,84,83,82,28,78,124,71,2,122,23,59,40,99,4,66,121,3,134,110,118,8,25,45,24,54,60,72,39,21,92,126,115,101,41,81,75,102,31,100,120,91,132,42,30,37,88,11,52,47,112,111,104,74,68,58,130,90,125,135,38,17,29,62,7,89,77,32,53,49,95,27,63,36,43,56,18,44,97,105,35,22,116,133,26,10,61,0,57,94,131,80,64,107,51,123,103,16,9,34,114,13,33,117,1,128,79,69,19,20,65,86,73,5,50,67,6
1,1
34,12,61,123,25,69,108,70,18,6,65,103,68,21,0,73,99,64,77,101,9,97,119,55,11,78,27,35,32,44,47,83,95,72,57,87,1,126,51,26,131,93,88,100,130,109,28,17,128,113,76,96,110,60,127,120,86,124,115,85,116,59,56,134,13,91,122,104,121,42,106,117,54,62,53,125,80,16,98,29,46,52,10,89,118,43,79,67,94,105,82,5,14,84,49,114,15,45,112,19,22,30,92,129,75,48,33,74,71,58,39,132,36,107,23,102,37,31,38,50,81,24,111,40,41,20,90,63,4,133,66,7,8,2,3,135
3,6
95,3,4,22,48,66,105,2,120,78,94,90,5,96,129,68,87,23,47,43,55,130,29,101,27,50,6,61,112,85,41,51,62,114,37,69,26,32,67,106,58,57,82,91,135,16,133,59,97,12,126,111,20,89,75,115,109,123,77,53,49,11,1,44,65,110,72,125,21,71,132,10,92,86,121,34,60,107,134,52,124,46,70,100,108,119,17,81,8,104,113,128,118,88,76,35,83,99,33,0,7,28,74,42,93,80,38,25,103,64,63,131,117,19,56,45,18,54,24,39,30,122,14,84,15,36,102,73,98,9,79,13,40,31,116,127
2,5
105,114,47,91,78,74,96,13,128,102,88,70,82,109,100,55,25,73,99,69,24,12,110,131,58,125,103,48,112,93,14,33,119,17,0,6,15,89,54,84,59,133,29,76,20,39,11,57,38,120,52,83,49,123,115,43,77,4,1,72,22,60,106,56,5,127,111,79,63,94,80,129,67,126,113,132,101,85,35,87,31,107,21,121,116,51,95,71,23,68,18,41,97,62,46,130,9,135,32,90,27,61,86,16,45,92,42,104,34,117,122,108,8,66,26,124,53,36,30,44,134,64,28,10,37,50,118,2,81,19,65,40,7,98,75,3
6,1
61,43,0,127,29,126,49,84,7,51,74,102,72,8,107,44,86,132,12,18,108,69,135,111,2,77,56,22,101,3,99,14,50,6,82,85,63,90,46,38,41,66,16,116,129,131,60,120,93,117,73,13,115,70,123,78,121,110,75,48,83,106,37,98,118,28,130,87,95,64,96,30,27,80,4,103,11,105,31,10,114,26,32,15,54,40,68,17,79,122,71,92,76,5,9,45,112,134,52,25,128,57,53,33,62,81,21,35,58,67,94,91,109,104,59,1,34,23,119,125,42,97,47,55,113,19,36,89,100,124,20,39,88,24,133,65
2,5
