44,3,109,125,110,15,129,1,56,39,40,2,93,91,9,106,87,121,25,52,28,27,85,94,14,10,135,21,108,112,34,133,65,29,113,86,131,62,122,47,46,32,97,38,24,67,72,31,26,68,105,80,107,78,134,13,41,19,53,84,90,88,8,103,33,7,99,82,118,69,59,58,60,115,18,98,61,92,101,111,128,100,49,132,36,66,120,126,77,22,35,6,45,79,54,0,48,114,127,83,16,75,57,5,102,89,11,119,20,117,123,63,81,42,76,37,12,95,30,4,130,17,96,104,64,51,43,23,124,116,73,70,74,50,55,71
5,3
12,6,5,8,62,88,20,121,47,30,15,49,114,25,9,0,78,29,18,93,67,127,38,112,110,111,17,133,40,109,107,21,39,83,55,52,59,23,50,4,113,28,56,53,97,58,24,69,54,35,100,22,48,115,132,74,41,33,2,68,70,86,124,60,129,104,134,106,75,125,105,26,79,73,135,99,102,57,130,3,65,87,123,98,94,76,71,128,85,44,14,92,126,42,131,119,63,108,11,80,27,89,43,46,91,103,116,90,64,7,101,31,77,34,37,95,32,10,84,1,51,82,96,45,117,118,122,120,36,61,72,66,81,16,13,19
1,1
0,35,22,46,72,133,103,12,65,49,112,40,33,94,27,43,75,127,70,69,13,119,98,68,51,110,124,86,93,132,113,44,90,10,50,111,55,88,11,20,37,18,36,66,64,135,128,122,87,74,21,24,52,58,4,39,9,31,53,16,96,76,38,120,81,34,61,102,117,47,57,116,41,29,17,79,91,5,126,84,85,71,32,15,6,115,7,101,121,89,106,130,118,8,28,42,30,131,100,48,125,59,14,23,92,63,82,19,3,54,108,56,77,67,80,99,134,60,26,73,114,97,83,45,78,95,1,105,2,123,104,25,62,107,109,129
3,2
120,45,59,109,39,107,48,11,105,46,103,81,21,126,20,6,121,71,116,83,55,58,88,96,89,10,92,135,9,72,99,64,128,32,95,60,101,74,91,65,102,13,15,31,113,5,23,85,12,57,4,119,37,63,33,18,34,80,16,22,28,53,0,111,66,75,68,130,26,61,97,52,132,27,44,56,134,8,124,115,67,93,90,69,50,131,110,79,108,24,117,19,47,123,7,122,100,86,127,38,3,41,82,104,1,29,77,125,106,17,73,133,94,25,98,42,40,70,118,129,51,54,87,2,36,76,35,112,78,30,49,43,84,62,14,114
4,3
108,60,32,55,17,107,12,117,104,97,66,110,63,33,120,10,79,125,62,45,0,113,19,30,87,109,114,44,53,100,71,77,134,38,22,61,18,56,85,20,52,7,99,122,84,29,86,96,28,70,74,35,50,46,1,112,93,41,43,39,73,14,128,121,103,6,92,130,78,31,40,81,80,91,51,16,102,95,13,57,116,75,111,126,135,9,88,15,67,5,21,124,58,119,76,25,27,69,133,2,90,72,23,11,82,129,132,36,59,8,34,3,115,65,54,105,49,118,68,83,24,127,47,131,106,42,37,123,4,48,89,98,94,26,64,101
1,3
76,22,134,62,49,74,36,58,133,105,126,47,88,18,38,87,129,15,122,63,2,19,16,113,117,101,1,55,0,44,57,96,131,5,90,45,10,80,99,34,124,98,109,54,43,64,8,132,17,24,130,104,11,67,72,95,39,32,50,125,111,73,9,85,108,52,21,77,107,53,26,60,35,97,56,29,110,92,23,7,91,116,118,89,33,12,4,84,14,66,123,115,127,75,102,68,100,114,61,121,42,25,20,28,41,106,120,82,51,46,70,40,59,78,30,79,135,69,93,119,13,103,112,86,71,6,27,31,128,81,65,3,37,94,83,48
3,3
54,92,10,6,126,58,8,108,63,121,83,9,47,120,123,49,38,28,1,31,101,71,66,107,59,128,34,29,78,74,116,93,134,48,90,40,118,75,52,80,45,19,69,62,109,132,35,26,41,133,42,30,24,67,76,36,4,20,113,64,114,115,91,77,55,32,85,51,95,22,84,89,131,39,106,56,98,5,53,88,96,25,13,14,86,105,79,33,112,110,7,46,68,18,94,12,125,82,87,60,70,117,17,2,44,127,119,129,3,100,97,65,21,130,104,81,16,57,73,111,0,27,122,50,37,124,102,135,23,103,11,15,72,99,43,61
5,1
75,86,129,98,27,101,21,105,100,29,10,93,5,68,56,49,76,99,51,107,61,62,55,14,60,84,118,109,7,28,1,36,2,106,121,122,9,8,78,64,108,41,20,19,22,63,124,52,70,135,79,35,0,123,44,4,59,133,18,111,6,87,132,77,32,83,113,110,16,12,67,92,90,81,54,88,82,26,39,53,74,15,120,128,95,85,23,114,102,80,37,58,94,3,17,38,119,69,126,131,33,48,50,47,96,66,57,127,71,130,43,97,72,65,104,134,25,30,40,115,103,73,34,116,117,42,11,46,24,31,125,13,45,112,89,91
3,4
127,124,96,109,48,112,29,45,93,65,83,77,21,114,71,62,74,100,98,76,72,132,99,20,66,35,1,84,25,113,67,94,50,42,56,59,86,5,23,80,122,61,123,19,32,75,82,108,41,57,70,116,97,69,55,12,64,22,105,117,10,11,18,33,2,8,53,44,128,0,28,15,31,58,92,130,13,46,40,78,135,27,133,38,26,51,95,73,54,63,89,125,14,101,126,68,36,6,34,24,37,102,134,120,129,90,85,30,16,9,118,79,60,88,81,106,52,43,104,103,3,91,17,39,107,4,119,49,47,131,110,87,7,111,115,121
1,1
63,129,20,65,64,103,68,59,50,125,62,61,30,15,134,2,38,67,46,51,131,57,79,24,75,56,122,16,5,89,119,107,12,22,7,121,97,82,28,98,71,54,49,105,100,133,4,109,113,3,11,43,23,101,73,92,76,32,44,110,10,6,78,128,21,55,26,116,87,66,90,91,52,77,42,47,53,88,86,115,9,60,1,37,85,29,127,18,132,84,114,108,124,104,45,27,13,40,126,118,102,80,35,72,8,25,39,34,83,58,70,111,74,95,33,99,41,81,14,94,120,123,106,48,112,36,96,69,93,130,17,0,117,135,19,31
1,5
17,1,77,54,125,24,55,85,8,59,47,70,0,97,25,122,68,49,23,134,35,45,9,131,116,18,96,79,36,52,20,66,93,128,34,98,124,75,61,26,78,57,32,37,11,126,102,62,21,114,46,73,110,88,105,83,69,72,119,4,7,44,13,91,107,48,127,2,58,117,87,43,67,113,103,71,6,51,3,104,16,12,42,38,40,100,123,53,39,92,111,135,99,84,27,76,33,132,30,10,120,63,19,81,41,28,86,90,101,94,112,108,15,121,129,31,5,74,82,60,56,133,29,64,118,14,22,115,106,80,89,95,130,50,65,109
1,3
26,76,83,55,51,82,135,44,66,92,108,99,5,33,126,95,30,31,100,81,133,131,85,124,64,15,67,88,7,22,127,20,32,72,78,79,17,132,97,60,115,69,28,37,122,118,40,110,129,2,42,62,36,27,103,35,80,43,48,11,89,134,125,116,49,90,121,57,75,107,77,6,71,58,68,73,14,23,16,128,93,102,41,65,101,96,34,70,21,29,47,114,12,113,53,109,104,10,9,84,74,123,61,13,63,54,86,120,4,106,38,19,50,111,25,1,119,18,52,112,8,0,24,46,39,130,3,87,98,56,117,59,91,45,105,94
5,4
26,132,8,90,39,50,40,10,122,80,129,46,93,79,83,102,54,125,116,9,12,85,109,70,115,6,68,16,101,110,4,78,48,44,131,25,133,99,2,87,5,95,47,120,81,61,73,124,24,111,37,134,64,119,7,3,27,75,20,77,0,104,19,45,14,53,72,43,56,51,117,49,1,127,18,112,32,22,30,107,128,42,89,113,135,105,121,21,97,67,114,52,28,62,103,34,60,35,71,23,94,13,57,33,108,17,41,84,106,15,29,74,118,55,76,92,11,36,38,123,126,100,98,63,58,86,65,31,69,88,130,82,66,91,96,59
6,1
54,8,115,128,56,15,83,100,53,3,65,130,46,4,75,135,103,26,31,67,98,79,95,20,118,48,42,108,41,89,106,30,63,116,111,38,5,10,120,1,124,43,105,45,82,97,61,60,27,64,59,85,122,88,23,32,37,49,35,74,9,50,2,134,127,22,66,13,107,33,36,81,71,132,12,57,40,109,39,101,11,133,28,14,90,78,6,93,113,80,87,24,77,76,131,96,123,129,91,104,84,86,102,68,0,7,92,25,70,125,119,99,112,73,21,16,55,117,18,114,44,62,52,110,58,121,34,17,69,72,94,51,47,126,29,19
2,6
134,26,48,38,36,60,125,17,123,5,76,101,100,57,37,135,31,45,51,87,69,94,6,92,85,16,47,78,33,43,0,93,59,113,27,98,63,104,14,111,24,55,19,9,112,71,84,97,66,116,81,18,86,82,72,120,106,23,102,3,128,25,124,65,119,77,129,107,68,2,96,21,79,40,39,127,90,32,8,126,1,105,109,46,50,15,41,11,30,73,88,53,64,20,108,83,131,54,35,58,49,115,118,42,103,13,62,91,61,110,7,29,22,28,75,12,44,80,130,74,133,117,67,10,99,4,122,114,34,121,52,56,132,70,89,95
4,3
62,63,2,24,9,11,27,110,104,64,87,14,90,53,130,23,89,65,21,99,42,106,46,43,70,100,61,109,13,103,75,58,121,123,128,74,72,17,69,51,97,36,49,82,10,94,131,119,88,45,133,129,122,118,115,25,71,95,111,113,28,54,19,93,60,47,98,132,127,30,31,15,80,3,66,105,4,126,18,38,101,86,73,114,120,33,20,37,124,107,0,67,6,22,57,12,116,55,68,78,34,76,26,50,92,112,59,29,48,125,84,108,134,40,35,52,91,1,8,32,102,5,41,96,39,56,117,81,83,44,79,135,77,85,16,7
5,1
101,124,55,134,5,66,132,46,118,7,92,126,10,44,83,73,104,52,68,43,33,80,3,67,120,49,96,94,77,59,50,109,40,54,71,111,84,9,97,98,107,100,112,60,110,123,35,95,88,108,87,74,119,121,21,125,16,30,82,15,18,122,28,69,37,39,129,114,93,51,79,102,23,62,32,19,76,128,64,8,61,113,91,127,0,106,29,105,53,86,34,4,31,36,103,11,47,99,81,70,65,63,14,2,45,17,133,38,130,24,13,117,58,72,135,20,12,90,6,1,89,116,25,41,27,56,115,85,26,75,78,22,131,57,42,48
5,2
63,19,124,53,133,80,112,23,36,15,31,109,65,26,76,54,72,35,92,41,40,90,122,131,79,8,70,128,16,134,94,25,130,115,43,14,42,5,37,121,46,64,73,81,95,7,74,108,126,110,85,12,55,111,114,129,83,9,117,47,89,50,71,66,33,1,116,10,107,77,84,51,20,32,75,125,6,22,69,38,78,0,18,56,123,34,49,127,103,67,97,45,68,119,44,135,27,120,61,86,118,113,30,28,60,62,100,91,105,104,59,4,132,48,57,13,11,102,3,52,98,93,17,21,106,82,88,2,96,39,101,99,29,87,58,24
3,6
68,16,79,51,6,53,57,9,19,52,58,78,82,118,75,99,97,38,123,115,21,94,113,126,81,111,39,17,76,100,74,110,105,48,133,128,77,109,1,116,83,134,10,122,47,131,15,64,114,26,73,55,25,43,129,60,63,12,107,33,80,67,101,45,36,50,49,59,92,22,86,0,7,87,124,27,34,71,31,125,11,84,135,56,2,23,65,4,3,30,120,106,117,103,35,88,14,66,28,91,85,132,42,108,32,112,24,72,95,89,69,46,13,18,119,61,29,40,127,62,93,37,130,102,54,90,70,121,8,20,104,5,96,98,41,44
5,6
33,117,26,70,0,102,1,20,109,124,115,93,75,37,131,13,88,103,105,48,101,100,72,62,40,112,14,59,11,127,104,99,12,54,51,122,110,29,116,108,121,35,38,123,7,91,21,92,25,133,64,86,89,85,76,71,107,78,84,81,56,134,94,17,6,97,68,111,2,58,119,39,23,87,42,43,61,24,57,118,90,45,52,73,30,135,129,15,95,106,10,34,9,19,66,79,63,4,80,83,32,46,8,77,69,96,65,50,125,44,28,113,60,53,49,74,98,5,3,82,132,36,126,67,128,47,114,55,22,16,27,130,18,41,31,120
3,1
76,66,9,115,119,108,81,6,46,48,77,61,109,17,98,85,111,42,54,29,41,30,117,94,37,12,11,26,101,104,130,60,4,69,58,97,31,49,36,19,120,72,132,114,0,74,23,83,121,73,64,25,67,110,87,7,68,2,55,15,13,123,39,99,3,91,63,70,118,126,112,106,127,28,131,5,88,86,47,40,8,51,32,38,84,135,134,92,79,27,44,82,24,102,78,100,80,14,93,90,124,103,96,62,75,50,56,1,35,20,53,10,34,71,21,128,16,116,122,125,43,129,113,107,65,133,57,59,105,89,18,22,52,95,45,33
1,1
89,121,32,68,111,109,60,14,38,39,96,25,99,105,87,56,102,22,11,4,97,93,45,52,26,120,86,16,41,59,125,46,88,49,107,118,92,10,103,112,35,98,48,0,123,79,94,50,9,71,117,122,63,74,116,101,127,91,134,36,18,43,5,7,100,72,64,1,21,44,13,51,2,128,124,29,75,70,130,126,78,82,3,67,73,12,23,76,34,83,33,85,8,110,81,90,57,58,69,20,42,104,129,61,30,95,19,54,55,37,6,132,115,84,27,106,53,131,133,15,24,108,114,119,135,40,77,28,80,62,17,47,113,31,65,66
4,2
106,91,6,42,130,22,23,13,45,25,54,109,87,11,14,15,43,19,96,36,79,77,75,2,101,78,69,74,94,72,113,89,90,81,47,60,17,93,86,92,26,39,28,123,29,30,18,83,38,57,44,8,71,61,115,67,35,131,64,80,48,12,85,56,105,102,58,0,20,31,46,107,4,5,108,73,103,124,52,32,119,10,34,21,55,125,24,116,122,33,9,68,50,82,70,53,104,110,37,95,112,3,84,51,114,7,127,121,76,16,117,1,120,126,135,98,27,65,97,41,133,111,63,62,128,88,129,59,118,49,132,100,66,99,134,40
2,3
88,36,65,41,103,14,20,79,26,60,61,133,89,100,114,51,21,18,118,62,23,6,135,38,5,30,78,46,7,68,72,43,37,47,66,35,86,113,111,115,67,8,96,116,48,49,134,15,109,27,110,33,28,53,107,45,101,106,128,75,77,80,76,99,2,92,127,24,44,121,87,16,102,11,1,31,124,69,40,17,19,84,90,91,123,64,85,112,12,9,94,63,59,22,71,0,58,39,81,82,95,122,34,97,120,52,25,57,54,93,129,130,3,131,42,105,108,70,13,132,32,117,74,55,83,73,125,4,126,56,50,29,104,119,98,10
4,6
100,19,135,94,47,125,74,76,96,70,41,29,5,15,53,28,27,23,22,64,131,8,129,104,119,85,101,98,38,117,91,34,83,7,93,123,113,33,55,107,14,112,124,99,68,12,59,60,79,87,18,4,61,108,25,89,52,45,1,110,118,2,44,0,58,10,82,37,122,120,16,11,51,95,130,72,17,56,31,133,90,21,9,20,75,97,132,3,106,62,73,111,65,48,24,102,50,67,69,77,88,13,86,6,43,57,105,63,66,39,30,49,128,26,35,40,115,121,78,84,36,92,71,114,126,46,116,127,54,80,32,81,42,103,134,109
1,6
106,76,30,62,80,89,117,53,128,132,36,69,8,99,39,81,86,100,37,24,4,1,2,15,31,44,61,83,32,123,45,73,51,120,7,133,66,5,88,97,107,49,43,119,64,87,72,122,25,127,21,77,52,95,58,102,57,121,126,65,90,54,10,48,26,135,92,111,63,98,131,60,38,79,103,27,71,59,109,13,78,114,118,14,82,34,33,3,130,101,108,12,96,18,124,46,68,42,55,67,28,9,35,70,40,75,134,94,84,85,93,113,29,105,6,16,17,129,104,56,115,23,112,47,19,74,91,11,110,50,116,20,0,22,41,125
4,2
133,44,111,94,53,61,18,132,89,128,76,86,32,59,93,119,113,92,98,21,3,11,114,22,60,26,47,16,42,64,52,102,90,43,125,101,56,74,71,82,33,10,85,40,118,120,80,88,66,54,12,19,108,28,104,107,55,45,15,127,69,112,49,109,117,50,62,38,91,73,124,115,46,8,97,48,75,57,100,83,31,13,29,70,78,96,129,20,79,36,123,87,9,84,130,135,6,34,110,77,121,134,122,68,51,65,95,24,14,106,4,1,39,41,99,23,2,81,35,37,126,17,25,72,30,116,63,0,7,5,67,105,27,103,131,58
2,3
103,64,59,76,61,52,36,100,86,133,88,101,115,66,131,1,18,40,90,56,19,99,45,102,126,33,132,6,41,119,53,49,0,10,43,13,123,8,60,85,116,29,44,78,15,109,124,72,50,112,32,24,125,111,104,31,75,48,38,34,77,39,65,134,23,108,121,37,120,47,122,97,92,70,14,42,3,28,67,118,21,129,68,107,54,57,62,83,113,58,26,89,35,22,95,20,16,106,71,4,46,84,27,69,110,5,82,55,96,114,12,91,51,9,2,105,17,135,63,7,11,130,30,117,73,127,94,87,128,93,79,98,25,74,81,80
1,1
111,82,36,86,91,54,92,125,0,66,27,101,106,44,68,21,59,45,132,32,58,103,25,12,89,99,52,107,121,109,62,90,16,22,1,75,50,69,102,33,15,72,114,100,24,42,76,94,29,79,5,113,134,67,135,74,28,56,23,124,61,88,131,48,37,119,96,34,65,81,38,40,129,84,108,118,120,70,116,46,80,122,104,51,115,93,78,6,7,30,127,49,117,64,71,77,133,110,19,97,63,17,130,14,4,26,95,35,18,10,57,60,128,98,123,39,11,73,20,83,87,53,9,112,85,105,47,2,43,31,8,55,41,3,126,13
5,1
126,36,37,52,57,94,43,16,118,90,96,85,3,75,129,5,41,26,0,46,91,92,20,83,111,122,15,23,28,97,128,51,68,115,98,107,74,34,95,19,70,61,133,102,135,106,21,58,81,39,40,14,2,65,104,103,8,87,131,4,134,64,54,7,35,130,119,125,42,24,113,45,116,55,88,127,121,78,31,60,66,9,44,110,86,72,93,69,132,29,50,27,22,79,56,53,12,123,49,30,38,11,80,67,1,13,117,73,71,84,76,10,101,105,63,59,6,32,120,82,89,108,109,112,47,114,62,99,124,25,18,33,17,77,48,100
1,6
116,11,57,36,131,109,114,12,6,113,133,10,4,26,46,15,61,45,24,40,50,58,126,105,130,75,16,96,14,87,112,135,55,92,108,20,110,68,100,85,66,43,31,81,123,21,49,82,56,89,65,5,41,29,120,63,104,99,73,97,70,83,48,132,64,1,51,72,69,71,76,13,101,94,91,78,111,54,128,93,122,67,86,106,60,38,74,90,0,102,98,28,25,119,79,22,84,53,118,134,88,32,47,125,8,18,129,52,77,103,127,124,115,3,7,44,30,23,2,27,33,121,80,117,9,35,59,17,34,107,62,42,37,19,95,39
1,5
33,87,97,102,71,0,114,25,8,65,126,120,74,61,86,111,16,48,12,7,72,66,21,49,69,20,29,30,64,68,78,89,125,56,40,90,18,100,1,124,79,51,52,96,43,53,36,106,108,117,134,32,5,77,42,84,133,135,99,103,39,75,55,101,38,57,107,4,54,6,28,17,60,116,88,109,113,81,50,47,127,34,58,128,3,27,93,37,35,104,10,82,70,44,41,46,19,118,45,63,115,23,26,130,13,95,11,31,92,76,112,22,73,80,105,121,132,67,14,122,62,131,123,85,15,83,94,2,59,129,24,110,119,91,98,9
5,3
30,130,36,135,94,83,123,0,121,52,101,118,80,63,17,98,112,51,71,53,23,10,114,120,105,103,24,14,132,78,28,124,66,67,89,57,70,65,19,34,128,60,133,20,97,81,116,134,96,131,48,64,25,68,59,93,50,61,44,92,11,77,43,33,84,37,21,90,102,126,86,117,76,8,15,109,82,18,127,119,7,122,58,49,88,110,69,6,4,75,54,16,47,111,39,9,45,26,113,108,104,95,56,62,55,79,46,125,27,35,129,29,72,3,73,87,40,100,74,107,99,91,115,13,38,31,41,85,12,106,22,32,5,2,1,42
1,3
110,72,111,37,100,40,20,77,70,46,121,10,3,129,51,16,65,67,122,73,54,76,38,7,41,132,45,52,49,82,8,36,117,21,30,47,80,44,106,1,120,48,114,60,0,125,26,115,50,87,123,85,133,25,15,128,17,92,27,53,113,96,66,64,119,118,34,94,95,108,105,33,84,91,103,79,124,101,14,57,31,74,131,9,18,23,61,88,126,71,12,112,2,98,102,29,13,104,59,97,22,32,55,63,19,99,109,58,6,135,4,24,56,134,11,68,83,5,86,81,89,75,62,35,93,78,130,90,39,43,28,127,69,42,107,116
2,3
128,118,126,116,98,87,54,127,44,34,58,49,57,3,88,93,131,68,37,76,125,101,64,70,75,20,96,92,0,117,7,28,78,121,29,71,12,73,61,132,82,63,135,133,46,107,100,18,23,90,24,9,81,103,19,45,2,134,97,39,5,36,16,50,25,77,110,124,65,60,111,55,43,48,33,4,74,35,123,95,47,91,102,41,83,17,119,30,67,13,129,115,59,21,112,104,27,52,86,56,79,114,109,84,106,14,51,99,122,22,85,11,8,6,66,89,15,94,32,42,69,80,62,113,38,40,1,108,72,130,105,120,10,53,26,31
1,2
37,10,28,68,126,17,97,82,80,23,72,86,98,133,7,58,107,130,99,79,1,12,90,83,3,5,61,54,110,134,121,46,14,24,56,48,108,0,25,65,21,112,106,70,111,74,101,44,52,60,32,16,26,100,92,71,55,36,96,120,2,35,33,102,117,105,63,75,124,87,93,43,13,67,38,95,69,49,47,53,131,39,88,29,84,27,62,20,118,8,4,94,45,64,18,19,115,57,40,73,128,42,132,89,30,78,6,11,116,85,34,50,31,66,129,125,127,122,51,59,81,135,113,109,41,103,76,104,91,114,22,119,15,9,77,123
3,5
134,84,10,12,96,129,81,73,36,15,4,51,113,116,2,109,9,77,55,95,94,25,100,99,135,104,108,98,22,21,122,132,28,54,66,107,45,61,31,126,79,92,7,68,5,24,130,127,85,40,72,20,80,19,83,75,67,93,17,124,49,37,46,11,87,64,128,106,23,123,120,74,71,8,27,102,121,43,89,110,133,114,57,52,3,58,32,35,14,90,39,97,30,65,13,18,117,50,1,91,62,44,60,111,33,78,131,53,41,115,42,38,16,0,88,48,69,56,63,101,47,118,86,26,103,76,29,70,119,6,125,112,34,82,59,105
3,6
122,96,26,1,103,131,70,40,11,37,99,23,5,119,58,42,35,110,22,87,53,49,128,120,8,18,15,10,32,130,0,17,14,106,114,92,84,115,78,125,13,3,28,73,69,123,98,118,45,113,56,88,71,7,54,39,124,31,59,97,89,107,27,121,108,79,38,20,36,127,12,117,55,62,77,90,2,64,104,135,80,9,61,16,52,85,76,43,134,132,46,133,4,95,30,29,82,51,33,34,72,48,47,112,116,74,101,57,19,68,65,94,41,105,91,67,25,126,129,24,66,44,6,50,100,93,21,83,111,102,63,86,109,75,81,60
2,6
119,39,75,72,118,101,14,11,80,93,92,34,122,18,47,94,109,100,79,96,12,64,23,55,120,0,113,54,3,24,43,13,124,4,9,110,26,128,7,1,42,115,130,58,65,70,106,102,45,77,21,66,36,44,2,22,103,134,15,29,25,135,105,67,35,129,73,112,71,74,90,59,61,116,50,107,83,108,131,111,6,133,82,123,5,40,32,121,8,16,89,49,33,30,41,125,60,98,19,10,99,76,81,85,78,20,53,117,86,114,69,127,51,56,28,88,87,48,52,126,27,91,62,132,84,68,38,37,31,63,97,46,17,104,95,57
6,4
53,24,27,12,33,82,75,67,133,123,91,105,37,40,4,96,126,89,44,35,56,127,81,36,125,114,110,92,117,88,51,135,58,0,94,57,31,71,64,50,68,23,22,131,5,66,134,46,2,55,100,8,115,113,95,74,39,9,1,30,130,118,19,45,97,18,120,60,86,42,101,112,104,15,17,52,129,73,70,99,72,10,65,21,63,108,20,32,119,84,132,76,54,77,16,122,78,29,7,59,61,38,13,48,47,103,90,3,28,109,62,102,41,98,121,85,106,80,25,11,93,124,6,128,87,34,14,26,43,49,79,107,116,83,111,69
3,4
124,109,46,37,23,110,100,66,84,130,43,127,68,3,118,64,102,36,92,104,82,19,32,94,11,8,77,54,26,25,114,2,95,63,70,47,21,128,22,79,48,133,27,75,14,69,58,78,44,45,57,80,105,97,73,0,135,52,113,28,72,56,20,88,67,98,107,106,117,125,129,17,134,91,111,9,120,132,93,30,112,131,90,40,108,61,83,5,122,121,55,65,103,42,18,50,7,12,59,123,39,115,24,34,41,38,10,119,99,4,86,29,81,71,31,96,6,101,85,33,89,16,13,126,49,1,62,76,53,60,51,15,35,74,116,87
2,1
121,11,129,9,88,94,116,113,68,108,83,135,117,10,17,52,50,55,57,13,111,71,14,100,1,107,31,0,29,51,120,12,104,27,105,16,85,77,69,93,53,37,76,67,131,46,39,66,96,110,78,118,32,124,134,25,23,63,127,74,87,102,35,38,41,89,18,60,48,99,40,61,34,80,92,5,65,97,54,84,8,91,36,7,26,123,106,119,28,109,98,112,133,64,21,15,22,115,132,125,6,2,130,128,101,43,42,62,79,30,4,81,58,72,90,114,3,82,56,103,75,45,24,73,20,95,49,33,86,122,19,70,44,47,126,59
6,6
46,106,100,12,113,41,9,34,116,82,0,130,119,117,133,134,111,123,29,95,124,129,26,132,30,35,60,54,65,38,31,81,103,24,70,4,86,121,126,39,49,104,115,28,10,127,107,47,58,21,42,6,53,105,50,25,7,45,59,87,114,135,89,57,120,17,37,90,8,56,51,14,112,23,72,1,3,55,122,99,33,101,18,62,15,91,43,110,80,36,48,2,66,75,77,27,94,64,98,128,19,78,74,5,125,118,97,92,79,63,32,44,108,84,16,73,69,11,96,93,85,61,13,71,67,52,88,83,40,76,68,109,22,20,131,102
5,6
127,87,45,43,112,42,20,5,129,81,94,2,115,65,114,60,18,83,50,113,6,108,106,131,116,33,15,75,78,85,19,80,14,91,23,63,97,12,1,82,68,125,120,126,88,105,49,134,122,21,26,110,35,132,124,46,96,55,118,39,76,86,121,123,57,117,100,0,62,101,28,10,109,4,98,52,54,111,13,16,34,25,40,3,93,29,67,77,56,102,70,24,135,95,90,72,7,31,92,9,73,58,37,59,64,103,69,11,71,44,17,61,107,99,66,30,51,22,84,119,133,104,89,128,47,32,53,8,36,130,27,41,38,74,48,79
2,1
100,45,10,105,120,127,81,63,66,14,46,15,98,64,112,52,103,36,7,49,121,96,93,16,131,74,21,37,128,65,29,85,11,99,17,104,12,9,54,40,115,4,114,134,91,13,119,77,43,125,57,5,22,80,3,68,38,78,83,62,75,73,0,27,71,118,23,130,69,116,108,70,135,6,31,35,26,88,34,117,47,30,72,2,107,50,82,111,53,8,133,86,84,95,132,48,97,25,90,129,126,58,55,41,123,110,76,51,44,32,79,59,42,19,18,56,1,122,101,92,61,33,87,109,124,106,67,39,113,60,28,20,89,102,24,94
1,1
106,20,3,113,81,50,63,73,10,11,108,49,105,17,62,77,125,27,22,71,0,129,57,53,33,32,116,75,111,90,95,48,123,16,35,86,46,96,130,15,79,70,127,135,131,28,101,41,85,59,102,133,124,84,69,37,134,82,12,2,34,39,87,98,88,42,99,112,43,14,115,7,68,29,6,89,65,118,31,119,4,19,45,8,120,122,18,47,30,107,121,66,26,61,5,13,103,128,55,21,126,23,117,114,72,100,60,38,104,36,9,54,44,78,91,25,97,110,94,1,58,24,64,52,56,80,40,76,109,92,83,74,67,51,132,93
4,5
28,83,31,99,50,71,37,113,123,65,79,54,82,5,36,86,18,29,122,110,96,23,121,47,43,84,101,104,133,14,61,69,135,0,70,53,75,1,102,8,126,91,119,22,100,45,44,7,68,10,3,111,15,87,132,49,77,38,89,118,60,59,117,35,88,72,112,66,51,109,92,27,25,30,78,116,57,41,134,73,105,40,90,129,19,6,80,16,107,67,125,55,95,108,20,63,24,39,48,11,98,127,85,74,33,56,46,42,26,120,32,93,13,12,124,4,131,103,76,81,97,130,9,94,115,106,52,64,62,58,114,34,17,21,2,128
2,5
114,71,55,94,119,1,21,67,93,39,112,9,123,6,111,24,75,42,20,27,105,2,79,70,5,46,91,128,131,115,15,106,3,90,74,52,132,126,84,50,40,76,10,134,11,109,59,80,103,19,66,99,97,22,34,87,73,0,32,45,35,37,29,101,108,41,127,88,85,48,121,25,14,77,64,62,86,116,63,95,113,33,72,44,117,60,18,129,51,53,107,23,133,130,31,28,30,122,26,57,118,7,96,69,58,98,104,110,61,82,13,83,49,68,102,89,43,78,17,135,8,100,92,38,54,81,56,125,47,12,4,65,16,36,120,124
2,6
123,62,113,4,125,89,129,120,3,135,17,12,74,39,66,91,96,86,92,80,2,111,60,38,13,31,19,100,130,115,109,64,118,27,107,73,87,7,65,16,46,105,110,116,126,36,85,104,72,81,8,55,70,22,82,26,1,67,114,71,40,124,45,75,122,37,51,93,20,11,127,23,59,90,61,63,21,98,121,77,76,52,95,53,50,49,132,6,103,14,117,15,79,128,99,58,48,84,134,32,0,88,9,112,102,78,24,106,119,41,43,101,57,94,83,42,35,29,28,10,97,54,44,30,68,33,5,18,69,108,56,131,34,133,25,47
2,6
66,124,37,58,89,101,20,104,14,49,40,116,86,8,133,6,75,63,132,13,100,54,41,29,114,65,120,15,96,24,44,11,81,131,84,109,102,122,23,51,45,64,19,69,72,36,52,88,107,79,110,135,27,92,62,95,2,83,53,87,90,119,30,105,60,3,1,80,0,128,17,46,76,38,39,70,12,10,97,56,9,82,98,134,31,126,115,121,35,55,93,91,5,74,106,129,42,78,26,85,48,123,77,34,108,57,7,47,71,125,61,22,99,130,28,112,127,33,43,50,117,18,118,68,16,103,67,32,113,25,111,73,94,21,4,59
6,4
121,30,36,69,71,25,97,108,129,126,65,100,46,99,10,123,31,111,40,83,67,87,112,49,16,42,107,130,0,41,76,78,8,114,63,134,9,35,51,131,23,33,29,56,7,61,94,4,116,66,133,59,34,54,80,27,32,88,125,135,73,98,105,127,44,84,120,21,82,62,106,52,91,19,55,81,39,3,13,11,26,110,1,104,6,75,72,85,86,101,77,20,119,103,24,118,14,124,47,117,43,132,92,22,79,15,45,28,74,18,57,68,2,113,12,5,50,70,93,122,115,17,109,48,128,60,89,37,90,53,96,58,95,64,38,102
6,4
40,100,91,121,101,38,16,17,72,96,89,102,130,8,53,122,30,15,44,83,111,115,94,103,42,95,85,108,76,131,99,78,75,133,110,104,65,132,55,37,18,71,46,116,54,81,11,61,69,50,3,117,107,64,112,120,12,25,41,74,56,86,93,82,58,66,6,105,45,87,0,123,92,23,106,88,98,47,9,59,39,113,126,52,26,124,73,33,125,34,84,21,32,49,118,36,127,97,119,48,5,80,1,109,114,2,60,63,129,31,79,62,77,90,20,29,4,14,28,128,135,22,134,35,57,43,27,19,68,67,70,24,7,10,51,13
6,4
94,122,119,90,135,52,17,38,56,101,97,100,64,82,126,74,73,80,30,16,19,40,78,117,133,13,3,114,33,54,120,79,93,34,98,2,22,84,125,57,0,128,46,99,109,118,61,49,76,24,5,132,106,81,103,70,113,29,8,83,75,58,96,12,28,23,131,71,121,116,86,89,11,20,85,1,112,4,27,43,68,53,107,111,48,45,127,50,63,32,91,9,108,130,55,51,69,102,21,129,14,67,42,115,44,26,10,41,65,105,37,39,110,72,88,36,31,25,104,47,60,15,35,95,87,59,18,6,62,92,77,123,124,134,66,7
1,1
49,104,16,36,131,23,124,5,71,3,30,115,73,99,24,29,27,102,39,22,108,69,122,38,40,81,78,105,9,121,65,72,94,63,17,2,43,128,82,62,57,4,135,67,50,119,86,123,28,18,132,52,21,45,101,14,85,46,58,70,90,7,110,87,92,13,41,55,1,34,91,42,11,84,10,0,129,107,96,97,100,35,95,113,77,125,75,61,106,59,127,88,20,79,25,12,74,120,44,83,126,47,19,111,93,118,56,6,133,130,103,60,89,51,33,98,48,116,31,64,134,80,26,32,66,109,53,68,76,37,114,117,54,8,112,15
3,6
113,68,24,33,90,32,73,21,10,86,79,64,30,58,99,60,84,62,25,92,43,13,29,94,26,65,11,1,123,28,54,40,61,41,47,131,55,93,38,36,70,89,100,112,95,102,63,35,80,107,53,37,119,20,50,69,125,82,77,126,106,98,97,4,135,27,15,96,39,16,34,101,66,22,18,6,134,76,0,105,51,57,49,71,83,133,124,127,2,78,81,45,87,122,5,72,8,120,14,75,56,3,91,116,118,48,110,17,129,132,114,52,19,111,74,104,115,67,7,23,42,88,12,9,109,108,44,128,85,59,31,46,103,121,117,130
6,3
134,30,21,27,92,113,69,133,0,4,93,111,81,65,9,14,7,22,5,52,3,45,40,96,97,100,8,127,120,102,117,66,82,23,118,116,25,57,75,18,12,121,125,95,76,132,37,50,41,104,129,29,130,98,119,53,19,13,99,1,88,84,63,114,94,17,35,108,87,6,2,46,89,62,10,34,107,58,91,11,67,112,32,44,103,38,77,42,36,115,33,56,126,59,26,109,80,49,60,54,73,105,68,43,48,39,70,24,83,122,78,72,71,51,16,110,124,106,15,20,85,123,31,86,47,131,28,135,79,74,61,90,64,128,101,55
6,5
39,98,18,108,135,38,60,4,118,68,13,126,87,119,77,12,21,85,32,58,132,110,80,84,54,78,95,28,62,100,90,49,44,5,131,25,41,103,124,65,47,106,89,56,16,104,23,127,10,40,133,121,107,19,35,30,128,14,109,88,123,129,17,50,79,27,122,74,63,22,59,81,48,113,117,34,75,99,101,97,33,134,112,7,3,93,29,70,0,20,57,67,94,24,36,125,115,64,55,1,66,11,31,45,72,102,26,114,51,52,73,69,9,92,42,71,61,91,43,37,53,83,6,15,82,130,105,8,96,86,76,46,120,116,111,2
6,4
84,45,110,99,87,75,123,16,74,30,131,121,86,41,50,125,11,105,70,35,39,38,2,60,15,89,28,107,71,130,127,81,112,8,17,76,115,5,24,52,111,95,62,103,7,29,97,0,88,124,55,56,64,46,67,132,54,83,79,20,77,101,4,48,27,10,33,57,113,61,90,65,25,31,40,68,9,18,133,32,37,93,94,1,129,102,66,49,91,44,98,135,100,122,47,116,63,117,34,134,22,106,78,6,19,80,21,36,13,23,69,51,12,104,59,26,92,118,73,58,96,85,128,53,108,72,109,3,126,42,114,14,120,82,119,43
3,2
69,75,85,14,128,9,67,44,112,111,110,6,4,117,116,65,109,48,78,61,39,36,68,114,124,92,88,104,7,87,46,13,55,134,64,31,90,96,74,5,106,47,28,45,52,60,103,8,12,41,86,40,38,35,105,33,42,18,126,129,54,113,83,32,77,43,3,57,133,53,50,121,127,2,94,16,72,20,49,37,30,51,27,100,29,120,89,19,79,15,95,84,122,17,73,93,59,34,101,71,81,76,102,97,66,62,23,130,58,25,22,82,132,56,11,63,131,119,70,107,123,108,21,80,115,91,125,98,1,24,0,26,118,135,99,10
1,6
61,51,62,58,7,71,79,113,63,52,99,106,80,35,54,22,68,127,128,6,9,125,94,91,97,133,38,36,26,53,83,13,86,92,132,2,17,15,109,78,40,70,49,47,59,107,84,117,16,19,72,45,32,31,85,56,39,96,30,67,24,131,0,89,64,66,76,43,75,111,124,115,5,11,21,41,98,60,20,23,102,46,48,3,29,14,37,74,110,103,123,95,55,100,50,42,116,27,130,25,57,90,34,77,73,135,44,101,82,118,65,122,4,10,33,126,18,114,129,119,28,121,134,88,105,120,1,93,8,69,87,104,12,112,81,108
4,2
38,49,46,28,8,65,129,44,81,6,12,135,118,48,74,52,19,27,17,25,54,133,87,130,21,16,23,121,59,124,26,98,96,56,34,77,107,41,14,31,37,114,86,105,40,123,64,7,50,83,126,57,75,35,122,10,92,55,120,30,106,109,78,62,89,127,115,22,108,53,103,80,3,39,128,61,33,42,102,134,5,97,15,91,110,113,2,73,66,104,29,101,68,132,51,100,9,119,71,99,72,93,117,79,116,67,47,94,84,95,45,70,0,20,58,63,36,76,90,69,1,24,4,125,82,11,18,32,43,131,60,13,85,112,111,88
4,2
56,107,118,23,114,81,82,7,15,9,128,63,86,37,104,3,68,124,123,60,93,113,29,74,46,97,62,32,109,52,42,89,26,78,112,36,28,85,13,100,83,10,120,76,17,71,117,127,24,73,44,18,119,21,12,27,88,110,98,75,40,49,25,51,87,66,53,115,131,1,67,31,80,134,57,72,48,33,39,116,61,99,41,101,106,64,102,96,94,2,95,16,50,91,0,14,133,4,105,38,6,22,111,8,92,47,43,59,11,108,132,65,125,122,135,84,70,20,58,69,35,19,126,30,103,5,77,130,129,90,55,45,34,121,79,54
1,3
36,22,122,121,35,4,95,81,1,24,135,50,45,102,55,12,18,14,123,61,32,49,38,83,13,29,68,110,10,0,16,100,118,92,7,94,108,116,99,78,59,19,27,54,124,40,129,51,127,52,91,87,63,3,97,34,79,60,48,20,56,74,85,6,76,58,125,132,89,105,106,77,17,2,90,112,82,11,117,66,5,134,67,101,115,30,130,111,70,57,73,133,109,9,93,75,26,96,114,46,39,113,131,28,62,42,65,37,128,120,69,25,72,53,119,103,31,47,15,104,84,80,98,33,43,71,8,44,41,88,64,86,107,21,126,23
4,6
107,17,91,98,33,111,95,78,44,117,29,47,133,21,72,88,92,73,120,12,55,89,86,13,70,116,61,109,10,79,81,45,42,14,20,87,36,112,51,46,38,59,135,119,66,37,105,97,102,129,103,9,48,8,126,19,56,123,39,106,52,58,96,16,100,4,49,82,3,114,93,31,22,25,130,54,113,68,122,134,90,28,101,24,65,118,128,23,26,108,35,121,104,131,63,127,85,27,1,60,75,43,64,77,124,83,32,53,94,2,41,57,132,6,30,115,50,67,80,34,69,11,15,74,18,7,99,5,110,76,62,71,40,84,0,125
5,3
110,128,95,53,111,3,76,24,61,67,1,113,30,86,34,10,56,0,7,105,129,82,37,79,101,74,14,65,108,11,71,94,85,132,92,84,83,54,51,97,4,115,109,112,72,49,20,98,106,87,22,75,114,42,31,27,48,23,117,57,28,78,121,116,43,5,29,40,50,107,60,47,118,124,55,91,88,9,96,130,26,70,62,58,45,125,134,126,122,19,21,104,81,102,99,123,73,15,59,64,127,13,25,120,38,36,103,135,93,32,39,8,100,131,69,46,63,35,6,119,90,68,66,18,89,44,52,41,17,12,133,16,77,2,80,33
6,6
125,100,23,60,0,10,62,119,98,133,129,126,97,2,47,112,51,115,49,89,45,69,127,8,50,11,79,105,34,64,57,66,124,55,135,90,16,5,108,1,36,17,107,42,15,106,53,24,70,12,43,59,111,120,76,73,19,6,92,109,68,122,91,103,75,116,72,27,26,131,63,3,118,74,41,61,86,84,123,80,85,18,83,22,104,20,101,134,4,32,87,46,130,110,93,71,81,121,44,82,99,78,102,40,67,56,48,114,96,65,21,13,94,132,38,52,77,54,95,39,30,25,31,88,35,9,128,14,113,33,37,7,29,28,117,58
2,5
86,122,77,131,45,132,94,75,78,18,59,97,99,115,101,53,130,82,62,46,55,36,57,49,73,16,84,31,34,111,90,64,47,32,123,106,65,95,24,69,68,35,113,58,135,129,5,14,116,41,124,8,121,48,63,6,19,80,120,51,112,30,134,92,110,40,66,103,85,118,12,20,133,60,81,15,1,71,4,52,87,9,125,105,43,83,13,17,44,70,72,96,61,126,102,28,117,29,39,38,109,128,104,22,56,89,3,54,21,76,98,119,50,0,108,25,23,7,100,127,33,88,10,107,42,37,114,74,67,11,26,93,2,91,79,27
4,4
0,106,100,33,14,79,105,31,35,99,20,28,96,62,108,39,13,23,51,78,92,6,126,84,46,24,59,58,21,89,57,38,86,55,69,11,71,107,132,70,8,85,43,34,41,61,74,25,4,54,123,104,88,48,56,109,116,82,50,75,115,15,133,95,17,26,2,97,98,73,81,117,120,67,47,22,119,40,127,45,93,122,110,53,125,111,76,7,19,114,134,77,113,124,52,18,27,112,44,135,118,1,5,128,66,87,64,49,16,130,32,36,42,91,30,10,121,131,129,3,101,29,12,68,83,60,80,9,37,90,103,63,65,102,94,72
1,3
79,86,63,67,95,92,43,38,133,17,48,85,12,54,51,45,30,15,44,108,112,130,2,71,81,125,58,64,91,75,23,53,93,6,49,103,127,124,128,4,101,76,123,68,40,16,66,73,26,56,47,39,105,8,41,126,24,74,60,50,107,131,0,109,13,61,55,25,106,32,29,7,97,120,78,69,1,134,19,116,98,46,135,99,28,132,27,37,52,57,117,110,118,102,59,115,96,94,65,129,100,84,104,72,14,35,77,83,3,70,89,42,90,11,111,20,33,21,22,9,82,36,114,113,31,80,10,34,18,62,119,87,88,121,5,122
3,1
40,69,16,11,45,24,102,98,15,52,87,88,57,118,46,63,130,14,5,106,64,86,75,133,134,129,95,72,73,84,97,42,107,85,71,111,108,4,56,18,104,90,61,82,79,109,27,43,70,8,124,50,77,89,13,32,128,125,110,54,74,62,65,58,117,33,101,122,120,68,29,135,7,12,26,48,96,10,127,78,67,53,80,31,60,9,115,30,6,99,36,131,19,112,121,94,91,44,132,47,93,20,34,55,22,1,3,100,126,123,49,0,103,59,25,51,119,113,81,17,35,39,76,23,28,2,116,21,92,114,83,38,41,66,37,105
1,6
70,59,26,79,58,56,40,50,131,21,7,0,100,37,49,108,77,16,135,55,52,41,124,6,9,67,86,102,121,104,17,64,129,13,18,80,24,47,122,44,14,118,112,35,60,88,101,85,126,5,134,12,81,72,128,27,15,22,11,36,127,78,109,34,48,130,42,113,63,119,96,54,117,75,66,94,65,93,38,107,125,8,97,120,71,110,19,28,116,133,33,61,99,74,103,95,115,106,69,92,82,62,68,25,73,31,2,57,23,76,46,3,84,53,10,29,4,105,43,39,89,98,32,114,111,45,30,1,132,20,90,87,123,83,91,51
4,5
83,121,67,84,131,78,116,114,31,77,39,86,5,44,101,128,92,79,71,135,115,53,22,134,81,105,19,14,98,12,76,18,75,61,6,57,26,30,133,58,104,2,24,110,68,72,107,55,54,66,20,111,59,27,8,63,64,38,94,113,15,80,46,85,25,50,0,51,16,11,89,56,36,109,10,45,129,130,48,34,87,132,43,108,62,88,7,21,52,82,47,70,120,118,95,117,28,37,123,42,127,112,124,17,65,69,91,33,9,125,41,29,4,90,74,13,103,99,60,97,119,100,40,73,93,3,96,102,1,23,126,122,49,106,32,35
3,2
6,125,57,39,69,97,42,100,20,40,43,122,134,7,41,55,38,74,14,0,124,128,107,47,26,4,116,104,70,119,123,44,31,16,92,133,112,94,72,53,60,75,93,13,68,32,80,56,30,91,113,110,50,18,34,109,33,52,37,87,79,98,85,2,61,82,5,35,96,126,9,15,105,129,12,135,11,8,17,76,36,99,86,115,48,71,90,121,73,19,131,45,27,106,24,127,84,132,130,78,118,88,54,23,77,3,63,1,111,22,103,10,58,64,65,114,101,51,25,49,95,81,59,67,120,46,21,102,29,28,62,66,108,83,89,117
2,2
41,75,22,27,53,44,110,87,81,52,2,28,96,34,93,69,77,92,123,112,102,23,60,13,127,97,14,118,21,15,105,128,131,24,40,124,121,64,135,111,37,26,10,43,126,74,130,86,29,5,9,122,72,108,114,106,132,73,20,56,19,8,125,7,80,103,99,71,113,17,51,25,91,33,49,88,1,79,120,47,129,12,83,133,101,119,82,18,0,3,31,134,98,16,4,38,58,61,100,59,50,11,36,57,62,89,104,70,90,78,109,65,32,54,95,66,30,45,48,35,39,46,94,76,116,107,6,42,115,117,68,67,55,63,84,85
4,4
2,70,84,124,13,57,48,96,127,75,58,133,101,25,12,18,118,66,53,113,88,50,23,17,61,85,129,29,114,98,4,104,110,122,24,7,115,134,28,49,120,46,6,3,55,65,80,1,81,27,78,62,116,108,107,105,69,83,39,91,128,126,45,76,106,125,79,111,119,9,43,54,102,30,34,97,44,14,60,51,100,123,130,94,38,0,15,74,67,95,56,86,89,42,33,71,37,135,59,19,63,10,52,31,73,40,36,90,41,87,8,32,77,92,64,26,35,121,72,117,131,68,47,82,11,109,20,22,112,99,5,132,103,21,16,93
3,5
62,15,46,85,51,37,68,17,106,65,25,42,49,93,114,16,7,33,81,92,77,31,75,110,95,125,124,38,119,55,19,29,18,118,89,88,117,131,8,56,91,47,57,13,59,60,3,66,132,58,90,96,34,135,100,71,61,14,35,128,36,94,28,2,21,109,84,32,101,115,83,98,133,43,41,45,40,50,10,102,70,23,76,86,78,24,63,127,1,53,87,12,122,126,74,82,103,54,6,107,130,99,39,134,72,20,52,22,0,111,48,108,4,67,9,104,73,27,121,11,105,69,79,44,123,97,64,129,5,26,120,112,113,116,30,80
6,5
58,52,19,54,23,126,86,99,41,102,9,44,64,18,13,39,60,97,114,37,42,107,26,25,62,96,116,8,21,45,51,118,11,70,121,59,6,47,106,5,77,129,110,20,57,123,120,127,1,10,89,35,111,65,92,30,115,40,130,17,7,132,95,90,31,38,75,66,72,34,79,0,84,55,122,91,68,24,93,3,76,53,69,104,105,43,46,22,100,131,12,109,32,71,94,27,85,87,133,112,49,73,124,78,117,113,63,98,29,119,81,125,103,36,4,88,135,61,33,101,134,67,74,128,82,83,80,16,14,56,48,50,28,2,15,108
6,2
127,51,80,133,97,104,94,45,95,38,122,116,5,21,90,115,59,107,131,62,24,48,35,1,68,129,64,42,9,84,32,111,132,86,16,19,4,126,70,46,13,3,7,43,56,81,79,25,27,40,69,125,63,53,6,20,2,11,17,110,130,44,36,58,66,50,75,87,101,61,91,121,77,52,54,71,82,29,55,18,15,88,128,14,109,57,30,60,74,0,34,96,93,123,67,113,124,33,103,102,37,112,8,118,108,83,114,49,92,65,31,85,99,134,47,119,106,41,73,76,12,28,120,89,100,10,78,72,98,117,26,22,23,105,39,135
6,4
33,25,95,116,129,61,128,23,105,36,62,4,63,88,49,37,81,131,123,12,66,70,87,14,133,10,80,117,15,40,99,51,92,109,102,121,58,77,86,98,44,124,45,35,27,17,73,96,31,90,21,119,13,46,60,5,24,93,127,126,118,112,53,32,65,104,56,1,22,57,43,111,68,79,101,76,3,71,2,28,113,54,52,72,107,30,8,6,100,110,115,130,91,114,42,55,19,47,85,103,9,0,11,89,34,75,26,16,84,38,132,18,122,7,120,69,20,83,135,39,29,106,94,108,64,67,41,59,50,134,125,82,78,48,74,97
3,2
68,130,77,71,59,126,69,75,101,95,62,91,83,74,132,112,89,11,115,53,73,31,42,109,94,8,47,134,24,34,22,133,129,88,119,58,114,51,90,0,121,29,36,12,72,48,14,82,84,135,44,49,17,45,99,39,106,64,56,27,81,57,30,103,33,125,63,122,6,66,86,108,26,2,70,16,80,100,61,105,50,120,20,78,41,110,67,4,98,93,25,65,107,23,131,19,13,87,10,123,38,128,76,124,21,60,9,54,79,96,97,111,32,113,1,5,102,35,104,46,118,52,28,3,55,85,116,37,40,127,7,15,18,117,92,43
6,5
33,89,58,109,97,125,19,126,102,80,61,0,112,44,90,38,18,30,47,39,118,16,35,46,67,63,22,76,29,6,96,104,110,111,8,17,12,113,114,52,40,24,53,74,88,3,130,86,13,72,94,42,4,134,25,23,28,98,62,119,127,99,107,34,55,48,103,15,133,78,75,59,5,21,2,95,56,50,100,73,79,14,132,66,77,43,51,71,45,68,116,128,108,82,26,83,37,11,93,10,49,69,70,36,135,115,57,131,122,85,105,65,32,87,84,106,120,1,117,101,92,81,9,20,7,64,129,31,27,54,91,41,123,60,121,124
1,1
0,27,114,116,26,109,24,8,70,37,67,111,10,90,21,83,40,22,73,88,85,78,92,121,124,69,132,96,55,36,47,42,49,89,77,11,6,29,101,122,16,94,14,63,7,113,125,50,56,51,86,97,19,115,23,32,71,43,100,99,95,33,84,65,66,106,74,120,31,133,35,104,57,28,134,9,44,2,58,102,110,82,131,108,53,76,68,72,17,75,129,34,105,46,81,126,30,98,12,38,39,135,59,130,119,1,79,52,5,80,18,127,4,54,128,15,93,91,62,3,112,48,103,123,117,20,25,13,118,64,107,87,60,61,41,45
6,4
75,48,97,30,69,3,50,92,89,34,58,7,42,37,93,90,94,78,85,120,112,128,105,115,33,12,124,10,63,82,76,15,2,135,84,18,131,134,38,100,106,102,52,71,99,55,67,27,110,13,9,41,14,20,98,83,39,24,114,116,73,111,123,45,125,104,127,31,8,122,72,40,107,35,53,132,21,51,54,36,47,28,133,19,6,56,113,44,68,1,46,26,101,129,49,103,32,119,64,70,5,81,16,108,65,29,80,11,91,87,43,77,61,57,126,95,79,74,59,4,117,130,23,25,121,62,66,109,22,96,86,88,0,60,118,17
5,6
135,43,14,106,48,91,78,19,40,68,51,12,115,35,105,9,130,95,25,81,70,88,3,73,26,24,11,134,63,83,113,107,32,8,79,27,16,122,124,47,59,67,89,58,53,33,98,72,30,41,46,71,44,38,119,54,13,131,87,15,133,101,80,111,109,34,90,60,110,97,104,28,20,1,120,29,117,42,21,45,96,75,86,18,64,56,66,57,84,10,61,0,39,132,49,129,121,77,108,93,85,100,31,50,76,99,37,128,36,114,23,118,62,127,74,5,52,65,125,2,17,126,7,92,82,94,112,6,69,22,55,103,116,102,123,4
2,3
24,9,77,126,108,4,128,74,129,30,68,48,34,105,119,43,86,123,56,109,89,111,55,40,84,19,37,93,6,21,1,2,10,92,32,47,127,25,79,39,11,94,125,135,22,14,115,76,78,57,120,73,52,97,8,38,31,70,36,116,66,122,69,72,107,7,29,49,130,110,65,67,27,20,18,62,75,103,45,104,81,133,60,12,53,117,23,54,91,41,134,59,42,80,26,61,13,106,85,100,44,121,98,33,71,83,96,131,0,50,15,114,95,28,132,87,112,63,17,88,16,82,102,46,113,35,5,3,99,118,51,101,124,64,90,58
2,3
21,8,127,17,60,80,92,110,58,42,48,9,120,24,78,18,134,68,107,34,70,126,105,1,46,35,74,131,57,64,52,132,43,76,99,94,115,44,86,56,32,124,41,37,75,66,77,71,82,0,50,111,53,6,97,125,30,54,12,25,26,19,90,123,22,89,62,10,109,61,28,36,67,83,72,106,128,102,23,116,47,65,27,16,113,121,45,15,119,118,129,81,11,29,93,5,84,95,59,87,55,40,91,13,51,4,3,38,104,135,7,39,103,73,14,101,100,79,2,33,85,96,69,117,88,133,112,130,122,98,49,63,114,108,20,31
5,3
127,4,120,14,73,24,30,56,57,103,131,89,113,94,45,123,98,87,75,34,96,19,101,33,8,7,112,124,67,10,36,55,5,53,20,135,129,43,126,28,99,12,68,97,49,117,60,81,66,64,74,44,76,37,86,40,21,26,90,106,52,82,46,69,41,65,121,29,22,72,111,38,27,3,105,31,9,13,114,78,116,6,83,115,54,122,91,16,63,128,100,119,23,118,132,1,93,0,70,47,35,125,15,104,39,133,18,32,109,77,92,11,62,71,79,102,48,25,88,42,110,108,134,80,95,84,58,85,2,107,59,61,17,50,130,51
6,3
113,102,133,41,124,111,5,128,38,70,61,32,109,56,2,26,17,98,93,121,43,59,52,66,134,23,108,57,65,107,45,68,9,29,19,127,123,99,131,101,104,31,76,30,90,16,46,20,1,120,63,116,94,24,40,81,42,13,49,112,62,6,135,83,95,15,60,14,132,75,7,50,92,54,35,22,125,91,118,74,21,130,129,89,0,73,18,67,78,110,97,47,82,11,34,44,4,8,85,119,64,55,77,51,3,12,25,33,58,84,122,96,106,27,87,28,105,37,10,53,115,72,71,100,126,69,86,39,103,88,36,80,114,79,48,117
1,6
81,45,105,86,82,20,25,44,79,36,16,93,51,119,134,97,15,30,110,109,85,69,120,2,114,4,10,102,38,128,133,0,77,61,121,87,63,104,65,59,41,76,40,94,24,11,48,96,17,50,88,83,84,71,95,70,14,3,89,103,129,113,1,64,62,39,66,49,34,46,101,22,57,91,18,106,122,33,117,99,8,19,6,72,56,130,108,5,127,116,78,13,73,100,80,68,75,23,52,124,37,92,67,74,12,98,47,21,135,35,111,29,26,27,107,7,42,132,32,31,60,118,131,28,54,125,123,43,53,9,112,115,58,126,90,55
2,4
99,71,67,30,122,91,8,101,20,117,35,92,102,50,131,0,126,47,58,40,60,15,87,24,25,28,33,86,120,104,43,114,133,21,10,107,11,103,123,68,31,84,29,132,125,129,9,22,23,38,46,18,52,41,98,7,79,36,48,39,105,113,89,82,56,1,4,64,61,115,72,59,70,17,3,54,96,12,134,74,2,45,94,78,109,66,124,81,6,5,110,42,27,135,26,127,69,80,34,51,116,57,97,62,108,32,73,65,95,100,128,44,16,90,75,76,77,63,121,119,55,14,118,83,53,111,88,85,130,106,13,19,37,49,112,93
2,1
109,46,73,0,36,113,129,112,66,53,115,107,121,69,22,40,30,114,4,86,39,98,18,95,102,45,28,31,103,29,110,13,130,57,37,75,27,92,111,19,23,58,76,15,118,7,135,33,61,134,124,42,10,11,132,82,43,97,71,117,35,56,34,70,104,3,116,44,32,123,105,47,81,50,24,100,85,72,90,67,120,99,12,79,52,83,14,17,63,16,38,1,59,60,49,54,88,89,41,51,78,9,126,5,26,93,21,74,87,65,94,8,127,131,106,68,80,108,101,48,2,64,96,122,125,91,20,133,119,77,62,25,6,84,128,55
4,5
131,38,120,67,111,57,49,65,20,13,97,110,28,42,5,8,103,34,112,113,81,54,39,95,134,119,99,106,93,86,26,63,29,75,21,96,62,118,25,74,46,105,36,129,9,12,61,90,83,79,3,98,43,52,130,91,44,85,108,69,23,15,4,2,115,124,68,76,59,121,33,45,60,27,100,18,88,30,133,114,125,6,66,104,70,55,72,1,122,24,77,41,22,35,92,80,82,58,126,94,48,78,40,37,17,10,7,19,107,135,0,101,87,32,14,71,116,11,31,16,56,73,132,128,89,127,84,102,50,123,47,51,117,53,109,64
4,4
14,111,99,50,53,117,4,23,20,131,121,106,101,69,135,43,94,30,88,87,6,108,84,2,12,11,133,126,132,60,17,119,79,48,42,1,22,61,16,28,78,100,9,37,77,59,39,128,65,134,123,25,124,38,74,90,112,34,103,7,52,3,107,71,55,82,35,98,75,114,110,46,8,118,115,130,96,125,86,21,18,33,27,109,64,32,0,113,68,58,44,95,24,122,40,5,67,72,49,120,116,92,54,63,76,93,13,62,29,19,91,31,57,36,45,89,47,51,56,73,83,81,97,105,70,102,15,80,85,129,26,104,66,10,41,127
5,3
121,79,6,81,21,45,49,122,90,120,55,129,108,46,16,96,109,19,105,29,87,98,52,95,86,89,128,0,91,66,63,10,28,50,44,31,127,85,22,82,5,26,113,134,35,7,111,67,4,18,78,62,1,130,76,54,104,3,117,20,123,8,99,59,32,101,48,102,68,132,23,125,124,73,94,25,56,135,77,70,47,60,112,64,71,36,39,88,34,30,17,40,13,83,72,126,80,11,84,61,42,58,65,133,100,119,74,51,110,92,97,118,106,33,53,114,93,103,38,131,69,75,43,27,24,57,116,115,37,12,107,2,41,9,15,14
6,1
87,104,96,112,84,76,35,123,25,98,49,13,52,53,85,48,119,122,68,79,29,73,94,50,72,69,70,0,1,41,59,125,60,71,56,6,78,88,110,2,120,99,80,24,19,7,102,135,103,43,34,92,121,21,131,133,66,100,132,111,57,5,114,116,83,130,47,32,26,126,46,45,82,118,105,101,39,128,42,36,61,89,115,134,44,20,37,22,55,129,74,3,64,58,93,16,31,62,18,63,11,124,127,23,12,8,77,117,4,30,65,86,97,40,107,9,108,106,67,113,109,51,17,91,27,15,90,28,54,95,33,81,14,38,75,10
6,3
42,62,53,85,109,49,50,40,103,64,33,44,128,43,24,108,95,96,11,41,28,17,76,67,78,0,123,79,18,7,129,106,55,74,114,19,77,47,31,1,30,69,34,121,111,48,134,16,102,63,38,119,20,25,112,2,13,92,84,57,60,115,131,21,54,93,58,73,124,56,89,22,61,91,98,52,133,23,113,32,66,9,135,45,51,83,100,125,118,80,26,8,46,81,117,104,132,94,107,120,10,65,90,127,105,88,68,130,3,99,12,27,39,59,70,15,6,71,87,122,110,86,82,116,29,4,5,35,72,75,126,37,14,36,97,101
4,1
52,63,34,122,59,60,9,23,4,111,69,11,5,57,121,6,68,74,44,108,24,71,118,129,19,35,126,91,113,79,61,78,26,94,72,22,98,20,84,55,45,73,14,67,109,29,42,33,130,116,27,0,107,15,75,18,21,53,77,85,123,12,28,51,95,2,66,125,49,39,97,89,87,37,50,43,100,112,90,17,114,13,132,81,92,40,105,86,88,16,7,32,134,70,36,1,93,64,65,120,48,82,115,80,62,56,30,58,46,25,83,102,110,96,124,41,10,119,133,128,76,3,99,106,31,131,8,103,127,38,104,117,54,101,47,135
6,2
114,59,34,61,77,98,113,30,78,75,51,7,115,94,117,54,33,121,26,118,19,49,25,36,120,5,39,106,2,52,21,22,71,55,131,93,76,101,79,81,29,89,90,53,87,128,103,14,15,4,44,86,10,41,28,134,88,31,130,104,123,17,20,133,135,72,65,58,50,18,95,108,92,96,45,82,66,110,23,70,116,13,46,3,112,64,107,97,1,11,126,105,122,102,62,43,109,6,74,37,57,100,38,132,69,0,9,40,83,124,24,47,84,27,16,73,68,99,56,80,35,12,127,91,48,129,85,111,42,32,63,67,125,60,119,8
1,6
76,2,108,104,100,73,53,115,106,63,27,45,128,110,46,37,135,98,67,66,61,7,80,130,131,89,121,95,22,125,92,39,133,15,24,17,70,18,8,117,81,129,13,93,71,109,30,3,99,25,16,69,31,50,105,4,43,97,49,68,86,85,72,84,9,96,102,40,47,41,118,33,6,134,11,101,1,77,90,35,57,54,34,82,120,10,55,74,58,48,32,38,116,127,12,23,91,21,112,126,44,123,113,36,83,78,42,79,103,75,114,111,88,94,59,29,51,56,52,107,122,14,19,119,132,64,28,0,87,20,5,60,65,124,62,26
3,1
114,100,24,39,11,51,7,104,118,131,86,0,135,52,31,95,58,21,3,38,14,108,88,13,42,91,35,65,78,128,103,111,116,81,43,20,97,90,101,107,62,46,66,72,40,105,124,33,1,12,27,47,37,113,134,70,59,110,130,106,50,36,115,5,26,45,60,49,17,2,85,102,23,25,44,55,109,41,87,48,30,122,98,84,123,127,63,120,9,4,16,83,61,54,132,6,126,8,64,53,80,68,69,32,71,15,94,28,125,121,119,129,92,10,19,93,57,67,133,56,77,76,22,117,73,29,89,82,34,96,74,75,79,99,18,112
2,5
